1137388.8
1118772.0887767836
986050.4613733775
994512.8585523453
1070753.7988519187
963944.7706224646
847426.4606228936
855535.6627519574
818876.7612463087
719091.7149231704
726035.6674597317
639914.6445395371
655797.9390265879
677377.9962693289
663705.3977347116
669683.7809163774
793028.5100832159
785804.7590370473
796050.8065796598
769500.4143805272
817087.9195120471
765609.1231956969
874143.1165069733
914131.6351967504
998386.1074720022
1064678.0676253024
1219660.5353245358
1299764.5029273648
1430465.3455821672
1385275.488109713
1401941.5050133679
1420162.1435441163
1507320.9580405997
1443371.7486259774
1473438.6608187987
1418715.1673899335
1447173.6418723983
1583326.5435088659
1590304.5228254104
1450813.3330004765
1437773.2456827774
1506880.4273011968
1457919.6721384358
1334586.3312697082
1143794.5936324734
1146887.5636236307
1166841.5133757961
1237446.7517634637
1242787.8397187078
1340479.373577096
1453867.2530772816
1344467.687494501
1313095.4628778
1232785.7737886996
1241891.6857529967
1364196.3137724309
1480802.0807566687
1401604.5712004607
1608846.4970373448
1593185.5518530612
1653666.4004205412
1802140.1076374697
1746004.2779167069
1910367.898467929
2124590.74066014
2205689.7967406665
2418080.372837755
2621272.9657987608
2534226.370656001
2533963.3810556987
2607456.3551712395
2157966.681942688
2213242.8352068155
2393936.0970148416
2402295.580841854
2361013.2798122824
2357600.7907218873
2633901.2489938834
2854012.7463603728
2975558.9935263856
2840147.489884441
2875051.8596366155
3018314.6929976316
2798125.4051803458
3011734.8957715607
3003910.54517844
3190426.0689640366
3173467.89177734
2893649.6457502614
3269935.6132981344
2888444.637490847
3080889.766598133
3290217.856230077
3365976.159267411
3466122.5966158877
3510890.185543305
3065402.736789005
3027378.659681376
2959569.253014482
3065458.837401498
3216578.9431107617
3555879.2588354284
3270438.532928784
3227460.934750215
3333730.153815796
3276489.1665515834
3131746.1919837683
3096041.3168771723
2860344.2101264815
2594107.3476995183
2324242.5068854163
1137388.8
1213275.8226124626
1267948.3506536912
1267225.3347954631
1161340.556017714
1124305.1871409786
1269831.086170439
1217424.3687529804
1388725.3683176066
1664306.2841041586
1649458.9650984742
1814470.0544234368
1977007.8714236736
2025039.6021384406
2035133.5570142244
1984918.7231273425
1878853.2107979807
1713006.6209182336
1635672.935028655
1430840.28923162
1312751.4697325723
1336733.6617896208
1430194.7757032514
1479157.5842792296
1517101.2427354741
1516963.9560792553
1424897.5617874078
1418427.9773552578
1510234.3986201666
1405882.185053915
1430075.5963706707
1447656.8458847422
1429137.2712824456
1541502.247380915
1570877.3492522612
1463121.6660792073
1631515.501409658
1598732.9646709585
1700991.2434881788
1580851.1245458191
1662357.7746097057
1632734.6111001929
1623771.545505308
1484379.2677923348
1659724.4106322876
1431240.4105164076
1577202.955527172
1563256.1022711294
1617285.2905853493
1565266.6819358126
1647787.3571312833
1749760.344484503
1707080.596811116
1479917.8240609127
1398492.0517186278
1375517.5331167888
1380402.690191568
1329002.192842523
1264188.3292715272
1154456.7249652024
1154302.2143119737
1049154.771235997
1064390.6698666725
964219.6956095112
878485.0188578499
1013194.2356431709
949206.1477897195
977782.0964140833
829543.1630673276
888972.7610373693
899209.9267451568
962367.3778704426
977571.6687423363
892545.5130885551
934051.4595301561
854145.3926460939
873012.3549235407
868299.9922536102
773960.1666092544
866261.7780310356
729801.0605737938
700135.7799339053
697474.7026646467
729985.256126765
710760.3766713392
757574.5593833241
800348.5375445625
753042.4535242087
747626.2586985208
851753.9628504239
886976.299550081
848357.860969433
786391.0875722684
745138.2194031023
718618.8649477046
738338.5572340315
790304.3059563978
764868.9698253023
712417.0551565255
677850.8726423351
687516.456111762
593260.7380337941
536722.4354061795
581005.1648308333
654937.5349714288
593659.1709753012
564531.5617697341
563766.0688526281
533911.6998450146
547397.1822317011
526140.6537701241
