1137388.8
1229907.2772827542
1140574.9072260011
1243432.78911522
1267073.8456757504
1229855.1937331932
1264543.6530746259
1272249.498687814
1214886.6477616082
1359855.048194601
1213068.0980917509
1235456.9395486421
1370653.4151406721
1396366.5734896217
1331247.6289774044
1405192.6863253196
1325556.1424088592
1365703.736543998
1247299.4973215908
1167614.6706923656
1144124.8552790694
1096067.4156528802
1075301.325426342
1129662.2085706205
1118151.7049265176
992496.3797891204
1074538.581886691
1176237.8080669204
1284479.7918218828
1299023.2595655327
1217334.8644855458
1299161.4641287585
1377673.9182493032
1355995.2737190116
1288471.8067751422
1189910.806666838
1144030.2725735977
1057075.667494872
1107563.2434263397
1114692.3534738203
1101418.022173419
1053259.4049229838
1024988.3491074567
991314.5529725614
825301.8232939526
839305.5340280605
918274.9960741536
923466.52111391
958210.6585339014
942218.1594766875
940828.3760080618
945925.7236954478
806397.2467450568
744296.9851132489
702391.9262314748
597282.0535427402
528407.2805879992
511804.1138497063
493290.08377308224
392515.4202120709
381277.75785833003
369580.4496202499
367297.30823261547
375048.41339206934
353438.9758721916
360567.1969514931
368089.1971352589
361776.0508927225
343248.08077349066
345588.54693262064
341319.68427448184
378859.78169789916
384712.0006542772
364453.63749277254
347296.69852930494
357296.49071852624
338966.4583492275
352194.2359529213
335691.8675048171
339359.2335068967
349222.9301067937
333651.7448324021
318134.36118121917
283602.1793067955
290526.6849069934
297791.96116028127
283263.12653970864
255972.40715592937
253692.51389978538
260008.62140458255
250146.3553325278
261588.06288113748
273242.30476220435
250288.90181909205
226484.42750146252
226465.61700865967
229578.94712491412
261171.56245234504
256821.8041419568
259586.30076527206
290641.1979416146
331171.86234149314
338231.31150047726
394454.6122706647
403330.61310071446
423720.20478306414
417249.6953785098
413661.8815422805
411806.9174400713
424681.4897938929
445362.47475474747
1137388.8
1122255.3967693553
1084680.0064565667
1124389.2526580214
1183204.4698150153
1220451.0608478568
1236196.8507747434
1353542.2902960805
1281509.613477648
1285036.9512477887
1263778.4370538462
1213737.7957698833
1432120.896727508
1523766.1634340403
1462206.384210841
1494484.0467183623
1339818.3874124573
1386523.1365015185
1279737.9502261537
1438859.14732706
1573569.7711439233
1911169.8719944975
1800745.7010266283
1721262.150458133
1883315.138478911
1949510.4272513238
2031266.8144095833
1998903.008127396
2066653.6600793786
2125638.000046581
2108819.4565923167
2085938.9682588812
1927027.106366229
1941538.4711529454
1953471.4855772965
1870230.4399023904
1960717.211890638
1941529.795462475
1953682.1055336206
1983144.7082007753
2025876.500276806
1899522.2252573601
1960315.6526336186
1803070.8635159163
1774030.9580638958
2171583.5662152995
2064452.1085226203
1954860.3075759048
1796927.4237916803
1846271.6294067376
1778454.3218735377
1653752.0890074638
1787301.5148015155
1741048.4015977737
1883394.5457937252
1857716.697045927
2049729.324629138
1898129.4681185167
1914398.0039109937
1886437.8242159674
1860990.2570295986
1875969.5886959245
1946510.0384564672
1724523.315737156
1921753.1978132073
1820544.3262214272
1783507.5367274368
1807873.7958121588
2059412.248407617
2453119.8449553167
2342446.4691087226
2405087.2005694504
2384258.750851531
2064337.7187968018
1636190.1113394536
1710519.2644686578
1884334.683307246
1953911.261981283
1879093.834722022
1700130.0393767161
1930555.278801258
1885044.7649958194
1868519.8430416144
2123234.9581677094
1826491.2798549368
1815240.721785228
1716747.7471714022
1792147.0410237925
1901535.4833190518
1859293.0335631743
2168391.182076542
2730119.7162714032
2579709.5761564914
2632952.3305087313
2638318.6548324255
2776225.8997406834
2943178.0544918603
2874715.026223186
2987006.875637975
3009999.3670366816
3036853.697332786
2860942.2962328754
2745775.0515384437
2681873.1811613203
2761031.5410422934
3094802.7217500466
2986613.4340567403
3295722.22362507
3018442.66911838
3414408.8881659405
3396670.109279229
