1137388.8
1185094.291074627
1239981.6664102993
1219663.796131642
1009418.2037487943
1225001.3458855264
1195223.2382090944
1192981.2248453153
1239769.6140648841
1344761.8568053273
1538876.894955549
1478980.0267443764
1611409.0603635968
1503836.0632654377
1601577.5551262689
1651904.9657831402
1714266.6974465258
1788954.5793823877
1920876.0227817274
1727464.4818293855
1539575.6646600987
1444096.3621501897
1290623.913483069
1316755.617763053
1322146.6642799734
1426138.2933586678
1330761.437409187
1317618.2103910511
1529710.0436968075
1550325.1271557994
1659815.222585289
1650451.2538946397
1744816.954740029
1710945.3857709037
1690536.3712612062
1526771.0878509483
1500389.6971453242
1599089.9270245924
1730047.1303769911
1731943.9078518408
1778482.684502096
1704835.344857985
1619543.9272924329
1595943.1868732332
1707274.9960534438
1820496.2277712887
2047716.030537218
1902150.0046498324
1827891.1253185864
1768919.0555129622
1620798.194097131
1576335.420560478
1670114.2143544503
1400978.147533026
1460009.954480392
1458838.4119803477
1579328.5069741707
1686783.038370738
1533525.1508796997
1618196.9672258764
1560201.751084697
1695387.944329224
2007675.4304859017
2054059.470303254
1845695.9848758737
1857447.750117454
1779833.386781567
1547567.164691877
1473717.686311561
1367881.3452281535
1222316.907213475
1178892.9088874282
1267256.3757144387
1239081.471699958
1168259.7413152813
1148648.3317981984
1208969.8555844459
1150002.3141513753
1097953.7553838915
1108936.3140094876
992790.4758415936
1036941.2257435898
922781.7826456105
858899.0188028202
803186.0930300249
873890.287222025
840335.2591693441
879415.5687135502
894849.717843947
859016.108700438
918202.0772339005
1093458.809082896
1170973.3910533022
1173636.7190319898
1090774.1246040356
1147049.7536113977
1119937.2786433515
1158435.7791777703
1066866.8892492806
977012.553699932
967676.5411078457
872843.6389157048
907144.6819004185
822696.7892369081
739926.0134904458
697888.378990936
737629.4524089075
839241.123048966
951831.8737994544
875682.4267927848
909579.6445640055
1137388.8
1041909.1242816485
1090784.1163557735
1203347.651272035
1155433.0755256955
1090991.327610408
1024416.6485506634
1003948.4509875495
1042260.2242978673
1006085.808190166
968978.4618692223
917262.6286314075
847120.1428225671
857648.3411548088
849729.919457513
751975.7426842768
754987.5644149308
743523.7590827283
808783.126696437
770502.2634867501
889702.4852088761
987037.9598530487
1100476.995292916
1062405.9291699633
951072.3722858505
905620.4096621834
972427.0277080237
982800.0709852168
946252.7042667893
931308.1327888872
816169.5555021213
843885.5491494905
787577.4231930414
771766.8626234976
761110.4904738936
795084.4533488505
721130.0705979934
713173.0064921766
779727.079028885
802900.8442520956
896326.000224153
864233.583564335
830428.1953535726
825205.8639871088
815783.4495487423
736571.3171887916
627514.3857930547
663827.8135896005
659919.363243541
752241.8245945317
760338.1137580869
835699.2875982318
874664.7255316447
773440.3331958173
757558.9208259874
741842.8917983181
677799.5571834699
677234.6972743736
712422.4899464129
807629.2363526395
744332.1373486852
711106.4479987471
664934.1610704955
637842.373743319
620227.691927471
667564.874771629
569335.6480990559
644791.8366077482
699435.2084862178
708974.6472721207
651943.3916993462
693878.8577155261
661673.7515337602
588021.4679658997
648332.3568905229
573859.8720640036
630253.1401834805
549976.585332757
600146.5283252052
568457.2118279771
581149.0746665614
554955.0800693779
526455.7142879403
484372.2320828506
451628.87955971353
505617.2560416057
509764.11900399195
542387.8795208551
600191.9819369522
576666.5619313387
578196.1539231635
576420.5963864882
578722.711967644
642961.991715083
721604.5785054165
787809.0189542619
823649.8223518067
794053.874494931
781197.5545711411
759574.1603471391
773897.3185422132
758516.5935122402
764212.2899509392
800721.4915328734
700546.3626670137
700573.3032347404
777337.1113392982
775568.0482346033
756930.0656844199
758645.8404807572
769236.3518842696
