1137388.8
1226189.6166593619
1211474.9738038846
1268603.458605507
1253466.9263652628
1224630.3399649933
1242650.6101479614
1218701.7716023787
1321495.3535060734
1250307.5915005691
1350009.9146516812
1356189.2007396417
1464513.4652859995
1561061.0866811064
1609192.1999461825
1720659.4053003066
1674580.972218329
1712675.6740576695
1438203.81140862
1371222.6321213876
1292914.819077515
1329962.4074439118
1416002.572195983
1456567.5821951933
1527140.5492105295
1492856.0109612064
1586336.3298525147
1562305.9126870781
1357074.3797123278
1276673.9068925434
1443008.754944605
1501248.8070066897
1601115.7074491647
1629190.550165474
1788242.7390291013
2043251.7957048242
2062602.152181096
1937664.5509348921
1927989.2500357593
1681160.1785308246
1704020.5313172203
1820634.209143109
1866117.4298851853
1873256.5297681217
1890115.8396615114
1921335.4841209846
2144414.304774419
2188775.2000666796
2163480.0931620863
1996521.171033254
2195689.2984728874
2032959.797732646
2455758.1170370854
2371916.217933036
2403531.84294359
2559279.087530264
2766196.579104648
2588827.0032713134
2840334.3373236964
3263114.81511125
3104127.640657958
3397733.948403603
3553038.82476249
3418873.471536454
3527716.8772153673
3423210.5592534514
3251763.939686056
3325664.1284080516
3131058.6524151857
3255863.354998874
2759185.207065721
2710204.82755446
3076086.7195241963
2800400.4568521366
2902342.6849217764
2863661.3265700224
3131239.034922708
2842840.323960841
2730234.223615266
2889317.282995433
3016118.989160619
3032716.5563634653
3292650.1564481687
3352571.975336102
3328821.847350265
3184865.431386407
3022856.1616483075
2837342.1568286438
2676823.583604305
2907961.685935931
3029361.7486005323
3147307.7693346697
3398230.382822366
3686181.289888998
3461105.069882204
3393421.445208247
3559218.626126777
3408401.1755107474
3039535.830032059
3270548.0425624335
3159958.2402427727
3410299.654482546
3666325.2131560743
3720346.9807505733
3498633.767653635
3454271.8625876857
3352475.5286659366
3458852.9254371086
3046993.0588312345
3186088.764165183
3464430.4982560836
1137388.8
1178925.0233945257
1141532.6063730775
1132009.9859514888
1050284.899345423
1064746.0748621179
1231012.3622335172
1246401.4473616986
1310400.234093019
1408541.8017758713
1402164.2369523987
1438687.959870874
1424826.663630357
1366739.7275211555
1396878.834927234
1430442.858524588
1364065.0792613993
1414129.6300562373
1331846.1761761184
1297051.28572691
1509534.1237583244
1673924.945035449
1738920.3286228464
1769524.8665227008
1755804.2253892473
1664443.442452122
1684397.7058940837
1702431.482158519
1793998.3182692544
1894420.2521871515
2044397.1549958442
2102285.607445706
2330676.1170557057
2207040.23467007
2157510.1279501515
1984155.7373554753
1821804.3693847435
1885123.1328114695
1914861.8054517077
1859978.9295543423
1703779.2794915736
1569901.6868420595
1546573.9068943695
1676126.8372427432
1586632.0987155093
1359544.0780958165
1465808.6407914807
1618171.0328413611
1765333.929928107
1866624.095899388
1850255.6244936383
1977317.8318396357
2398890.390776231
2336139.1266811457
2436446.7064391035
2581111.9374806043
2720497.5407843264
2830707.86086237
2860103.1460182904
2830974.2095021405
2603862.7001085896
2609479.906089728
2556131.3979198076
2355336.9493138855
2057456.9508610922
2075701.6434933548
2096328.3820005013
2142021.2078062836
2320819.302503926
2261254.005548506
2399022.2191900588
2219920.616662698
2404968.264148249
2360048.671396649
2291159.6100592776
2036743.5561350512
2306489.5802251776
2583508.588704467
2810342.3571904674
2533288.7418407225
2537761.332404143
2238398.0511537655
1921971.8633552736
1909924.071410112
1955194.802614404
2029261.0313852753
1858822.490682883
1900960.3218365638
1962156.5518227261
1837425.5329037837
1760499.347766494
1808137.6693912467
1860179.187573139
1720732.4452412918
1675334.3821456404
1606496.2389316394
1610472.283280093
1495265.6662939312
1540822.5896105927
1673840.4031688948
1694024.3644307777
1590145.8523322341
1518498.3105458142
1413506.4978938769
1381081.4122145039
1291573.8403587844
1390365.3361379392
1515597.3474713413
1378363.981006037
1200103.0971499565
1019008.3402071389
