1137388.8
1224519.3276222087
1202880.952207582
1168753.859483738
1152297.4867639332
1041886.3985578036
957827.94433046
1125181.9836972055
1012840.3399266107
1097365.8231505358
1116823.5768153907
1143766.4566999287
1206012.6553421053
1343568.7744063907
1499375.1534460774
1458049.8891062671
1417125.781168988
1651773.8296881109
1839016.9095894715
1686897.7047902073
1600782.9913075832
1430341.234894175
1699698.901820853
1623112.6100282513
1660314.7602430454
1727556.690146884
1673618.8570301046
1496663.2722604556
1463327.4868273004
1514056.585718092
1535656.5835598905
1679213.5384649083
1757386.5160944343
1586749.43173824
1409324.5535629333
1368880.6745859373
1471855.6084807448
1425917.1494058813
1427187.689721339
1508711.0375106642
1465600.5045422702
1581726.4486709686
1417750.8746416469
1433857.1306222929
1569380.9683685442
1440359.1059152964
1453022.8621757717
1464505.6371734627
1550036.9331283846
1447715.9094600799
1363360.957969089
1543113.1040283788
1655897.7390995773
1772745.62175598
1783437.4523551
1761079.593369052
1599233.677248776
1561683.9095321244
1677419.5847033863
1782956.842187584
1938147.7243311508
1932083.354027462
1931400.1544872287
2007452.1733907035
2185684.466488884
2044734.144871938
1884482.3418316315
1859312.2666039977
1897574.5178603358
1845680.9196392978
1999969.9856446497
2057936.075616559
1996175.80561039
1948471.9160149673
1906739.0014064747
1664642.796291897
1551716.3106915257
1550363.9003775609
1650913.7289673137
1599446.2599316395
1662152.47057282
1732684.9757049987
1484104.0743488604
1530989.6780792887
1374315.6231319832
1479533.5094224233
1420465.096781771
1594393.3864856556
1564248.9850617242
1729903.7829407228
1758142.4238814986
1459562.859828101
1380940.9715939905
1369878.7990326649
1355350.2396738026
1364634.3089548093
1454666.2891493072
1662949.0255993425
1614105.2865641983
1604886.8768865906
1562044.0486165213
1341379.878855136
1351437.9200974465
1306910.9815872246
1248066.529388393
1156230.8297558604
1191384.5637067868
1143175.7680026847
1089155.6151619432
1162255.6486356931
1159544.9774319173
1137388.8
1130502.2248736431
1119985.38397563
1030042.9783580427
927633.7296782817
872781.8256630085
942317.555092886
928697.8884837442
876966.5778744026
883014.7840664726
932080.9355201004
999255.3075805653
1028921.1874809811
1030114.6204403304
941205.8302947589
982326.0740908585
1074194.0950645031
1029384.8131992449
1059994.9652368198
976618.6801041042
1000765.4235743707
997369.5337593799
1111814.5017800194
1312306.684781565
1261762.1112599834
1264707.2390359498
1189521.8656647396
1261162.3293012592
1278456.3232233247
1184679.144067002
1334537.6682349043
1376998.1819238865
1493698.8315395906
1345397.3159958036
1223140.6072085765
1222268.3341445844
1231912.1686074336
1189372.445265615
1180888.1845666743
1050741.8436129347
1014064.7370182916
1070615.1310153392
1202374.80022218
1250355.3352625382
1204778.427608698
1137311.9075263932
884232.8119668524
988231.5645897246
965431.4522069641
1074029.5828311222
1009139.6937844787
990904.2086950119
979544.6212777732
962874.4108460923
944694.0901836255
931253.0824021493
981972.7093504105
1023713.5331810658
1014797.0802189717
1084779.5546820858
1039339.5676593017
885018.0733148925
922044.962440422
978508.2914787242
911896.4892106487
855207.3579670453
799087.1466591209
862586.0445782391
860225.2888458952
922942.3740579255
921093.8763820464
950521.1682803914
950213.1334381734
847829.2513440908
755061.2990106139
740606.9954049443
747990.7865056194
723911.5978270257
621928.4642365451
596474.0979938633
574431.9511741332
585899.5796112751
614049.8920222875
554591.936644348
635668.6755295832
760863.6640067352
735758.7787164382
751666.5858035173
655833.7786492059
647655.8111225034
627733.9540333054
632695.8345067296
666057.7480345448
617593.1030240282
591209.6952599172
545670.2039371141
574822.1698932492
571462.2382974655
513275.43787216366
528303.3840372065
529460.9772861261
546379.9666098413
532408.2617395472
457723.8221119165
450040.8203967688
448876.2618340514
441070.94803796266
432841.0562585312
406757.02132212726
381872.21695238195
331528.8876182072
