1137388.8
1182058.8349852357
1129082.9589103877
1072868.4920529234
998671.3873227711
1024733.7131792278
1099102.6866448754
1170438.4288351887
1178125.443843706
1083355.6100162466
1061382.5515141694
1080568.959818098
1124996.6806874375
1213263.3149749977
1337716.5149965691
1426918.2541073072
1575352.5614019532
1620663.4411370535
1765203.373839897
1605776.243811564
1757184.1082652337
1717812.5333453857
1619268.552666959
1757429.4906851382
1889326.7384486008
1799067.7321849666
1673855.6750163003
1725311.5517112277
1907459.9838022464
1831833.3192515676
1683530.5591538097
1710712.420224392
1761900.1104144198
1620120.5820599466
1556323.3782698174
1538351.3340808402
1708387.1894860456
1757411.5991747382
1552045.1417858207
1573292.9858660696
1545405.339433599
1569513.300963867
1640082.502858682
1381500.2510445365
1547566.9323516523
1539502.4527735787
1517740.583739636
1525468.2568046078
1409411.3654340606
1373461.4405811746
1205664.529632822
1196402.4342168267
1054562.9468843704
1070045.3828199455
1042086.8735152446
1089614.75198484
1100010.9267168448
1028725.4283334857
1008366.113739145
993523.3048403845
1002297.6554943223
948878.6392398081
877133.3077823336
860759.9981406687
829248.4189786005
827760.8332756499
916269.6936760986
916880.713967764
869195.8669009145
995987.8762470004
1017927.7465697492
1069580.1627019953
1177013.6385283852
1047398.5450554343
1061489.417340475
1018886.6369559969
988562.4810610308
1067015.2415924252
1159241.0061637803
1165877.050829552
1284374.464438132
1252301.5499953004
1182510.5675275351
1113320.2637403924
1134644.772022703
1248520.9452916626
1127547.8774724011
1095410.1349394557
1147392.7735626746
1214393.8670263148
1299600.9798118877
1362015.9784366803
1186553.159514782
1193311.8411018103
1186132.4149834001
1169853.0612697997
1130693.665479115
1077405.0515913516
1016743.6676714354
1027943.6590030874
1061662.1987017014
931461.9648767028
933407.7664866367
827107.5556323682
849891.7391550951
704573.0613771258
697209.186966788
795604.4320388308
823300.1774829209
791072.1968995287
844994.5650658733
1137388.8
1130581.9301801156
1200968.3338029846
1251914.5513742585
1117646.964711108
1175662.7929430103
1287993.265098343
1214485.174309788
1189855.396907659
1080975.7605457762
992314.2062586275
1115597.388911277
1109842.0373115656
1081988.5188820832
1133010.6623991656
1116047.6947043997
1166546.6102609169
1141649.145827044
1025808.8438379819
871900.6688699671
852442.6175644371
1023578.661472177
1127209.5608130132
965653.1852972225
993686.1357504578
987801.7711278873
1081252.3237268045
1105160.769060279
1237260.8513059583
1228805.0158020123
1211947.09906368
1159909.0360133355
1257979.7532741912
1268200.0588227445
1367035.950018349
1345763.3531803724
1374930.697866845
1304934.377328593
1371228.7136888395
1505361.5111227187
1658403.8299778071
1670959.391099213
1813979.7102276972
1592559.2840093684
1717235.2819558922
1836969.9176633486
1592877.5404212195
1655886.0448502246
1636769.5621170825
1752866.8095788439
1826219.26957821
1742081.3452344413
1815709.3631589422
1653197.4689639092
1823632.474216092
1871646.7337552898
1930837.2967418863
2283382.4214171455
2165054.0714801094
2287772.294830912
2336607.4356129873
2270918.421556235
1951497.3103874496
1906480.8014267606
1853352.0461071045
1858443.5500269476
1845679.5518365328
1866864.0377162537
1889872.4997041277
1729543.4121991007
1790131.4139353123
1785926.801769091
1797484.8712867014
1741614.3496001097
1778470.5256093657
1777103.3244218526
1819509.902448443
1989131.2072395177
2004373.9895864625
2090976.8811697396
2076660.3392540915
2051043.9249083388
2078842.6207890538
2182124.9463768597
2229025.24361225
2419398.9093145085
2477935.8376913504
2325507.8005414726
2341352.2185478453
2121869.590213463
2190991.220428565
2187843.9945377875
2297070.5651588575
2160652.597719972
2059204.8068837267
2160629.2247960237
1992807.1224193624
2062436.4065944701
2065872.8161613387
2281013.2268094397
2580889.5278894077
3005555.9285392663
2806505.9191547595
2531088.425971289
2405293.3065258367
2560268.7449592734
2327614.2121765595
1968617.6683334133
1952767.794470642
2034135.9000052414
2199223.887009828
