1137388.8
1006249.7888078166
993648.1301583695
923038.9347237216
896439.7446353739
939148.4355515953
891101.6881145901
860320.6686734298
859366.0505820825
762239.8453485589
826322.9739080268
844724.528461761
847953.6120583758
909831.7652998774
898455.0201395778
973079.2440714268
942407.4561670176
1031614.9961692841
885540.9853330794
874961.1868108072
776783.5237971317
744926.8345300106
781848.1056524091
763605.3062156012
742721.0495177312
793356.1799247215
807803.1594299378
832122.4005882301
764430.0396203673
871080.4028433166
932437.3111783578
999469.0803649336
886043.828042206
905261.9473992371
841567.3469193105
841973.9620592453
891599.5611789868
778100.9781208178
756077.9090286164
638069.6971263988
641236.3392919411
657730.148896101
631375.3049295412
578796.71491524
525101.0565358661
480716.789600109
458130.4196350122
529867.133746523
528875.1756335434
538697.907190408
578546.3641627332
690280.2971299998
581703.8905486488
602156.4558548562
669310.0543406402
632012.0296887173
655913.345529385
641872.8463808288
583877.198184678
619213.9290061343
633859.7044032859
602285.8205331268
586350.7017307712
640214.850029483
619982.4178121653
599531.4766835602
610316.9903385733
535345.6482868016
551906.9941252747
588254.3750102767
615578.3900636708
552106.0503447297
479303.02189022396
447761.42671738216
467188.57716003974
462362.3589218369
543976.9369675091
550880.2101124
535868.8577916229
591439.4994788287
531288.8626055032
531284.7971670958
546001.942927502
601121.8852664296
616736.2728861601
684388.3467101472
631534.604816288
670081.4398900381
679066.2661398717
648261.3787898395
675269.7428252429
652406.5098638
572308.9914098372
533720.0565328
479950.6735427429
502908.3967715314
531873.3015141818
474984.78647307586
470858.318680957
505310.10305395524
482882.34055157227
434880.63557223644
457242.92816667684
402304.6587963082
383356.7323361185
392279.37251378957
381140.78553312493
422752.29443951073
444210.4686103156
385098.46468324086
363222.63647527684
1137388.8
1163811.705557044
1316052.3863817577
1450241.3587278246
1519580.006020801
1294029.6162715943
1409364.0024592867
1395367.442064854
1523999.4739272739
1331411.2574388226
1170977.0966786342
1155620.6224738786
1039193.1920998163
1102126.0292234095
1091443.615479575
1019695.5730286939
1006901.4860803522
1271978.9783037673
1397510.2279700353
1409872.1047816128
1401036.0456017489
1316406.292999375
1208581.003658686
1233058.8293014162
1242315.9337918067
1171072.7552082334
1150863.7028761324
1134827.7445677232
1025160.1855517736
1066627.2008825825
1259685.6227679683
1087668.7512457788
1029472.1291675506
1100129.9108562043
1010191.72613732
990189.9246418388
946931.9077551562
976671.8239505215
848638.6143377229
879799.3802540118
945354.1815007717
904098.3780101065
879797.7383366869
930723.7459992219
935901.2897731283
917309.318600544
892795.8344370798
906056.1498043389
907237.5377245502
922685.9468130883
1032926.8404959879
1116419.163460391
1213751.9103852783
1457848.1631599998
1427853.3422425718
1668450.2492366582
1708601.1009264977
1561335.5631681771
1543317.1660954307
1518968.7279160377
1584504.946304632
1401900.727574053
1564179.4248632002
1516962.4545819664
1400320.9436869887
1401530.2885190174
1380977.9010303493
1350698.4148796352
1358968.4741354126
1405230.6572859099
1422805.878601497
1436397.764979353
1391467.6144482333
1319569.7120827623
1412015.2499631252
1289707.6072917408
1478326.1368563902
1343890.4568155047
1318779.449991059
1292123.7201676662
1357426.4285939992
1389248.4053355262
1563607.1997041535
1598216.0080296206
1329980.3960026193
1382010.5798508073
1262841.8179042023
1166443.7287419839
1163804.8552106665
1142254.4860491946
1053228.151975261
1110781.0658840826
1103127.3272322332
1110145.196660784
1098320.906416951
1185479.5868752766
1010694.109377552
1077560.783575425
1008036.1022760853
913242.9841056948
948864.0658750036
895411.3172021634
971541.7369275853
999831.9352489522
999724.9960825816
983938.687210862
949097.1314017038
976921.5889302325
984720.0418192293
889849.0294825939
921055.2563421588
