1137388.8
1212419.7632725276
1239143.0675998786
1461917.6094224798
1376261.7342450318
1434609.2034882177
1510874.6550362252
1517983.0722278077
1664451.6781936185
1631336.9753214177
1464784.2704492686
1511203.8798687556
1457167.216400432
1350751.8223644036
1311111.3771600188
1410446.4512565988
1372338.250787871
1216508.5227186282
1226048.8880091049
1256594.467487918
1397870.2463352003
1419915.8132453419
1363249.5804402425
1294608.9488235482
1198869.0504628082
1207376.1308080791
1093386.973440498
1158111.593967805
1013189.156144697
1009023.6108368782
965700.4604797566
821197.6560452252
859980.31294873
982211.7855402066
793959.4068422125
813176.8128142342
854635.1792806176
915317.7546274932
1021308.6505631246
987340.2454373667
1006197.8833314357
1051969.953351865
1026051.3952276645
1002935.1077420285
1060273.0582850634
1090305.3871153826
1117317.13041502
1194763.2990648167
1095265.2880224716
1257533.6358020457
1141585.3047100308
1174650.0084668675
1153514.9827043132
1073785.3829048616
1061577.5364783737
1034901.6944488942
1040945.0939812751
925949.5646200997
890479.0384150529
864288.2971754093
857556.1682289873
921858.5552581967
932765.8462491793
931883.3755905401
865225.342312624
787547.3342146707
896763.2104979779
821633.56477145
803458.8683138043
878563.4104942575
888896.7502324262
900760.49071315
916900.8339826686
951586.5311338645
925663.7779259825
1007199.4805272444
1077305.9620887772
1140450.738684799
1274121.8740139527
1114555.9144251912
975799.7665045584
986259.0561845368
837088.4165850863
713118.6397212475
656296.6885133353
670630.1047569027
651401.3308248252
671647.5850768267
675431.5496535299
690117.222663306
640816.0608740636
627903.2938155432
585966.3048885606
575035.2155627352
615922.6042660148
609110.3910285059
614331.1183159834
706710.1999068592
674334.2553249851
691209.7922424272
672520.159298366
645905.0192544811
789512.8523839114
753385.5245325232
676900.3012562095
634244.243924664
700304.1718054091
670185.8104983623
700281.7819968956
625988.231446293
695089.7359732917
1137388.8
1012421.2807993533
954440.8751962378
963947.2540788328
974126.0493638066
971767.3637869905
994264.1860967497
1032677.7538778397
1029592.138188735
997139.0848216071
961220.4330057447
1045992.577278795
1029836.1391369584
1050121.3941695841
1013440.9206285498
1096926.0058137968
1114091.337606212
1100220.2719652571
954747.2175869625
1007604.1572819891
982176.7305724028
1040592.3842388992
1036577.1724456175
995736.3255190892
994513.7993196128
859355.3725985528
906358.5048242047
817573.2884454913
787451.2907539986
822897.5692878023
856351.5911440282
802370.031439138
840071.7076455031
999904.093320319
1222891.7120829907
1251375.0617616086
1215129.162923322
1337996.480642303
1319978.8806352976
1254483.0458720722
1354738.3635065071
1307537.4098331481
1221229.2939806897
1187792.1416949038
1435137.6064942142
1497463.0728503042
1517423.7303682417
1516038.947901527
1593329.069279602
1705940.8046455244
1843555.2594868627
1919965.9353377745
2011559.7946397655
2089127.525650834
2387427.8862403505
2646734.065373195
2897159.4975206624
2828400.954950833
2574932.3354431083
2647724.9225450023
2878721.4819816216
2622373.865756379
2462149.435454798
2646373.2456673807
2676486.0199103276
2436701.748857836
2554719.11823576
2938436.334286253
3330240.706390445
3174759.9038485074
3281951.0332436827
3370245.297778531
3397657.5361710084
3745685.1811480834
3657486.3410044634
3315843.511976517
3402035.672934956
3203691.2866644934
2940220.640160172
3261949.524464448
3186239.63025426
3138290.1466603437
3228805.058397288
3775862.370238695
4170246.340630084
4434745.767716838
4727686.001708431
5028444.642178419
5071109.129868399
5354064.056259728
5287832.163865177
5229320.962804086
5582247.3270102795
5688877.244370684
4891416.977791789
4694280.391140814
4378909.336325108
4036337.078881409
3852452.7423201255
3494510.3753105225
3520467.3203770597
3599770.429430217
3904436.1251036967
3904696.3990197503
3611567.2571812137
3615803.5950071947
3811723.9650400477
3820065.9433719516
4317957.122844896
4237565.599763259
4060081.051734769
