1137388.8
1177958.830630553
1234590.7122911322
1157174.1876982886
1078365.018552584
1078080.7687874152
1017821.0398067756
1032937.4299927265
1086598.0841937074
1117016.726953161
1059694.3541985091
1069721.8275821134
991985.1725805174
905699.383713186
936183.2519484297
862396.0532490114
866770.2212198237
826316.5390949713
807068.8491177002
766168.9254087971
742554.3625716283
716968.492640895
835771.207517579
844965.4347104793
747449.4615527218
710401.1778810704
735196.8212197843
751883.9067351837
722180.0181625701
729512.5815781823
768199.9985590477
824701.5385046051
946703.9283709823
1033923.9381282257
1091943.6642950953
956721.5632663512
974690.5891437235
1033589.5835193977
977129.5203927207
935204.4397924709
865915.9699573143
883821.1939391986
786455.5036259752
858997.0527750473
846282.5108892459
903935.8971804642
785272.3431774278
733808.3520859443
830298.4393237723
778685.4500322717
794724.3799603134
753189.7495217044
834109.0732681599
749992.4609286649
790482.3133509818
762828.4990946468
758501.2730933259
744076.6608551193
685707.1751442094
636457.6028857977
616085.2332904632
707586.161834172
646684.611146509
647289.8793844224
724499.5207970623
666635.258588226
726000.5205391747
773767.6554675075
745297.5047514613
660074.0670736096
634145.5237109112
674722.2450817167
673635.274014168
674789.4212032078
719502.9094755527
780842.6048526347
824609.6575706744
794495.730717148
846155.0806470137
958807.2764387873
854113.4286427074
778651.9932726321
675441.0086621615
656886.5289018126
736037.9304829992
683686.5432002647
610060.7747747202
656223.4575065542
605213.582462241
641176.7472032491
667179.3720219452
642075.295850453
657220.2828674278
656819.886943008
612327.591176588
649681.4194646402
660690.8296966581
649950.2444080064
665551.0384679832
630456.673938255
573332.0708918835
639782.5785232441
641185.2275960528
593362.8157146589
593936.4008109171
648967.677751997
679176.5844970818
811362.7399608475
956117.0556820296
988514.9135787596
1024229.1795564606
1137388.8
1212757.2374140334
1271557.0719446482
1202325.7381111837
1188123.0173170513
1156460.213156051
1168582.241089225
1146077.514341673
1221990.3577171674
1197462.7244057956
1100850.59470363
1199368.998893965
1055349.9284350495
935751.4000316515
919070.3881948725
1011342.2845526255
971167.080372929
904389.8460943793
939742.7841481817
1017397.605810966
988727.9890815286
986538.9688300509
951499.9282719884
860423.0615865637
846000.8060230676
800313.3508227605
816077.4000851837
882540.2409264717
961621.9596833492
1048215.9284536717
1095652.9788907534
1157922.2215990156
1260406.7654275014
1295985.5621318682
1503466.2316112018
1613199.822336568
1685104.892086889
1563395.5253470826
1598206.456220086
1562772.6525185804
1763218.766358131
1910579.5881342953
1723927.9782263024
1755552.5773979602
1986026.373852481
2242830.1362181534
2393643.544593992
2005258.3609810118
1746781.3668594933
1711815.0477849888
1727128.184953102
1613445.8902593157
1517178.7024326862
1550182.7190887823
1626574.9721109062
1645254.2596890584
1586968.3661782136
1720542.4472907346
1983876.0449591817
1983002.2366861498
1961659.93228099
2060025.4466992682
2320227.6315397955
2208424.627858717
2155028.2370283147
2185617.714151261
2284786.2701010243
2024253.4466404407
2276360.61722584
2449816.3282076023
2858330.8676637555
3277723.927675206
3441213.178018517
3810390.8418402676
4298668.136663934
4512845.883129287
5137470.243077093
5105988.898825783
5679245.91947332
5798977.027195083
5569540.728640372
5939775.820395822
6234517.929866228
5888288.360063188
6797848.722276518
5851349.915970117
5818848.946571555
6136074.056943022
6405596.0332256295
5933733.400320849
6393836.549410282
6193480.654940858
7062211.701762439
7328739.379530662
7012187.367102661
6438833.046313428
5959876.359250311
5335298.480883065
5098999.838410515
4704825.064249341
4243718.764778619
4301637.429423805
4293746.826558028
4237477.868431987
4313547.421418107
4161223.3104690854
4082619.7626217203
3944043.039659828
4084706.29388924
4469292.476910141
4553460.620355081
