1137388.8
1309384.6645013797
1415703.3556403639
1423492.5068352036
1431604.1420748478
1454550.9501792237
1351093.5076687236
1454477.7284797223
1355050.0417302784
1424039.7553115503
1419076.82019619
1477817.3793881515
1573744.3637654872
1485524.2494945705
1449668.9599173898
1396301.793164563
1499962.8982253785
1488130.9762373338
1513808.6735569937
1618689.7696282659
1719412.5655680322
1802119.0074950366
1932443.888491869
1893899.3015501613
2059988.9285774212
2099693.12850337
2220448.0806298396
1903862.601182313
2022462.947305919
1787284.451149424
1788906.6188469925
1755926.1896656512
1746999.5221510448
2007079.2353743464
2051410.226906692
1916605.1852440753
2014070.072694959
2167156.9469057894
2366469.474878255
2400720.1596381986
2872958.8848352674
2830143.5003534444
2656961.537994881
2845189.0492467117
3060145.6914231833
3212928.480603688
2903617.8030114784
2920464.647706252
2985157.3076735954
3260501.0841084803
3326235.534564541
3416011.700783263
2901416.887517156
3242168.0204142234
3081144.9212056417
3193352.348985737
3743464.812064103
3812151.195008654
3555546.9747159807
4023896.683654594
3896293.57606681
4212346.286154205
4299889.014426588
4585547.4284890955
5221944.854703771
5347637.579924463
5834346.2256008275
5845072.351520605
5055603.588336554
5044346.799446346
4710320.078107359
4617950.227800296
4627049.5043344945
4644834.067786861
4872591.543402794
4668636.12768204
5268034.569677292
5071165.784390487
5667165.882403009
5955281.727728998
5954981.925135263
5855974.759694843
5528050.599683079
4894281.599335351
4887549.208703722
4643080.371629193
3971553.3992440472
4117747.458079506
3959201.3655413045
4217859.550376749
4244096.2972556595
4170565.030783539
4639228.549379234
4573432.618121612
4528417.7097263485
4683873.803974446
4742568.237681915
4834567.140712134
4880788.620310267
4731936.792286009
4799591.40992203
5411154.752962857
5900696.856698981
6073133.660283463
5888959.253225047
5723657.825255191
5776572.518864582
5933915.943121776
5237935.03280349
4952112.644588672
5188473.406372468
1137388.8
1270718.0657674929
1329145.8917774719
1461042.8636116383
1354709.540291652
1418032.1007056162
1343605.248252469
1164518.132791043
1034245.1114009444
951187.6984117525
839881.3481474129
870256.5119491584
936561.8029129312
970170.9330775593
871524.5056870885
854042.4161651891
865991.9787148075
804960.6194106757
768480.267007564
964268.3601201316
844432.138973291
914102.8722956873
852012.2338034482
804218.1260211255
813513.371351259
873770.6021882389
890270.9023188036
858289.0540543285
794599.3224228418
734491.2657325792
754592.1713446375
667279.5752606641
657675.4359124571
717904.1216043214
755005.456160951
797353.4617760204
750532.4749649685
749816.3169613386
716718.2475782963
722381.2303632176
584996.7845757502
524175.95064404665
462363.62448570406
461432.6103755245
468816.95818573755
448550.44618614134
464768.40029838705
429655.1445518938
471408.7936458993
430277.83033781697
401369.5856436184
403962.91088740254
431272.0171426668
414935.2752721589
420442.96697523847
429631.5765852526
403741.8003689316
420700.4480501307
424658.12535115384
447712.96437114046
471093.6828369222
457423.95874755166
410183.1346796799
413447.8591401038
434876.5721931759
496947.4347320027
523986.78693910345
560619.9759937233
552841.7782020184
556871.9964412808
543288.5964411088
527107.578390642
585429.8475332074
663896.0487297127
657067.9051651808
673140.0026548497
670843.6132971925
670639.1075634637
650241.7153062592
820957.27180397
856802.5735687937
861090.8015546998
778531.0969541172
880710.2137727959
1009962.4093815701
1002955.5328732558
1016387.640075605
1019904.5714876497
986113.3539334844
1036075.7822176319
1062842.141900955
1067349.9789198095
1074546.3423410275
1119347.709299228
1109122.689604665
1134449.974118586
1233318.891972554
1325584.4228031223
1226935.7802728526
1309089.9598644336
1376526.9058387484
1171556.3672399486
1067255.84757254
1068912.9896711265
1148079.2229968272
1155208.1498637344
1219901.1526361874
1228528.5074592356
1307840.6017218744
1348992.5167144563
1180675.943169817
