1137388.8
1158779.5961647814
1143331.6580270645
1191023.0050144612
1152608.3089205457
1127775.3030268927
1144012.961201088
1093362.059069283
1116857.7501254182
1093262.1179851862
1090117.90409158
980176.6523777327
1042237.1002237125
1019044.7484994805
992916.3466260715
1076912.0840995142
991219.6772966761
1121660.7116874235
1004819.2038749524
916465.3912147527
870046.1321800252
838450.1558039697
832581.254413843
768384.0290182339
717193.636627056
709134.8177991307
686700.8953326433
618754.0369040357
612712.3133666926
622262.9434510802
735666.6320744879
735501.3004747538
714900.4894489434
718524.5603149363
748777.8147500213
664836.8561139199
630624.129948493
695453.8371308486
708809.9661315972
814238.3495380648
852764.9033618636
855875.8798634653
987796.6085109102
1027498.2347043531
1038178.337887599
1010812.0354452399
1008035.8518537808
1000191.8880096839
981661.7814911084
969855.9662647512
965720.1095942517
1005758.2311067424
900736.2385557238
902881.2516610224
834367.5872561898
828800.843428698
767841.8630919855
780858.6579073931
704293.9557988567
717779.1090824375
778478.8475616337
772665.9527139879
768084.3591578096
826955.5565228924
870076.048996715
876004.4445492767
891976.7849914057
960492.5498219854
903900.6501809872
1023084.4631873592
1177011.5204144765
1141927.0285304522
1093509.2089260935
1207801.4059927133
1206886.1491417596
1425083.7114310216
1351579.8700543437
1375234.0850868162
1566991.3464582514
1554046.1021864926
1458541.91048508
1537331.2223006259
1614836.9834183722
1551482.2677972065
1537812.5943348089
1450388.7330863606
1474551.9711084191
1389358.4187467159
1395661.9339652797
1447493.919800266
1541185.599093101
1439158.2053019025
1462693.7789803566
1488055.2412990793
1351074.630742818
1324097.3976970634
1618266.115722856
1641327.8870911484
1483346.1800520315
1757646.739728491
1811348.2671190072
1854983.8311825134
2053248.0735961827
2044896.2373024754
2189213.397481651
2204963.0531827137
2217090.625438254
2258194.879960272
2210679.7297936417
2250009.947571176
2206147.3633922604
1137388.8
1265009.6022519302
1277313.3799517965
1150952.2108826488
1282023.7452905306
1210324.2518894859
1245635.1480386693
1276380.2858864681
1425457.0609788226
1425397.296277868
1262746.2267467696
1287755.9696534576
1355588.8372737046
1457550.874371307
1569798.834495299
1461399.6624393095
1414339.4086887548
1244747.0806958931
1207276.7762447838
1147071.4675868247
1216569.9814129926
1192792.897370864
1127331.325850709
1033499.6834511233
1048517.5207371946
1119881.080967378
1005797.3772939999
948482.3195845012
1020877.0025465442
1008936.9477543773
1084205.8525385263
1009117.7283712276
983889.7829801519
939424.4722005129
953538.2588706865
923567.6505792576
879847.7407342842
887096.880475737
938945.4559316228
868241.162271984
945400.9928983188
889109.398426649
887651.3299948344
841404.2833146341
848179.6786249029
824954.6597595749
826388.3886281167
940997.1971805958
862800.5758676216
866240.2172614393
872046.4506149101
716589.9816203328
630762.4289769677
537580.5125731556
482857.0651141594
465121.1972123901
441024.08152354887
495911.5332560622
482109.376341167
475113.3248006016
489583.2839174353
483692.194812657
465900.8559203704
463197.4726831878
449150.3141254342
377126.5012173541
398511.0783117027
426214.7990714849
424643.6154338921
399387.6140938524
382504.5631720658
404741.7706822156
382636.3588598681
336032.8102888096
305447.56318157224
275775.0074254671
295419.64955434453
276305.6146270513
311971.99682364304
319850.96595191956
334496.91657971777
343999.58817014174
292595.78242012503
259324.887084976
275350.15889419743
292571.6875478305
284694.69277212955
274943.22042878886
264174.8213782226
286850.50651800464
297761.1419443763
256930.55240689305
254276.25538328718
240844.54775013766
256942.5310460153
216858.96597391783
209192.6185585997
182914.75280212818
192076.23023419795
199703.53685980116
199932.46350121155
185587.20910867435
186016.4951290071
201327.12918240528
204698.71856540098
244955.95998790342
284541.1096682937
292147.2113635296
306615.33336579666
331967.35498346563
310938.20711932686
