1137388.8
1207185.4311236895
1221494.163627153
1357016.2092172801
1410888.7421702496
1587660.7205631407
1596191.2785035043
1749382.7945735215
1741007.828836731
1885708.7357515842
1944031.167642511
1945107.5230886026
2067019.993313848
2213373.41961831
2257132.8929194375
2544433.312132578
2715647.1443774104
2555346.4281332325
2690449.6347991875
2901384.2217488787
3290394.3987123356
3163956.618888815
3080953.8761189417
3228018.8727303986
3262316.807402796
3235453.9689504323
3273477.381156869
3049616.980062037
3165451.7342396616
2857639.655248869
3107142.778472317
3609483.008833476
3760162.4306691876
4032014.50313369
3799006.9770100494
3642567.508097894
3351596.8557144864
3272559.751952921
3382600.443159214
3459299.9700852907
3340460.9923483087
3720836.2841236372
3547586.321989879
3610538.5373308915
3758029.7011012365
3613596.197884072
3696272.425705793
4717006.10174383
5121025.730896422
4426082.9424376115
4356035.775641023
4634952.299394243
5228820.510007946
5450305.2940374445
5323971.921455007
5062804.504408488
4750481.022176014
4721998.169461557
4723526.951688653
4513246.216016128
4379468.608212027
4651202.923401698
4825770.60512887
5010924.598843609
4905507.992743943
4646327.856982751
4278707.883518213
4428024.625468546
4754761.912968128
5770713.624519813
5992413.633902931
6191982.70321725
5862088.145883241
6111544.0147428205
6354401.409539272
6941282.6047563255
6284494.150296205
5715577.134001975
6260659.0435457835
6249122.174061988
5707736.289759742
5799179.296907439
5944444.270423171
6100759.244624763
6209898.606096895
5939694.948676131
6202388.8619638095
6384465.4330334505
6854208.874002151
7740306.501216131
9085204.262190886
8044541.948471506
8463633.356692584
8644558.832503995
8403699.36320848
8795346.924361132
7698692.821490744
7550237.279936144
7030649.951741574
6103611.6205808325
6109577.831619333
5542564.131832799
5902265.924863058
5417154.0933331475
4695603.831353577
4617532.221651654
4571349.262000818
4973499.740148786
5147170.68495213
4792982.042827936
4803756.342232763
1137388.8
1071762.7180485919
1116385.1519884476
1072418.197505022
989423.2355125495
1058797.4569762864
1013333.0174395315
1078172.282690679
1056642.0927716156
1068963.8471994703
1116799.9862975369
1042730.8661402451
1014996.685363239
1037741.1705897858
915140.7518143576
873887.634693793
859152.0222068672
835321.0412997255
748349.6176566171
768544.541142949
997899.242239875
1017906.621434216
994653.9417241116
891095.8364987512
737427.6813135586
735475.2773720989
836879.5465753472
801796.3904063866
842275.8058222152
923903.932961308
949086.9262113512
999461.2766533458
1014761.6964109711
1092081.4194474746
1026464.5891421987
1043578.9309929806
943602.9752438557
1024020.6615861934
1151042.8793619538
1221335.939259274
1143461.2586190642
1091100.1267940425
962117.3093785897
997183.513764471
1113131.298101218
1193159.0209556853
1084317.5758270018
950443.9218657827
926981.669742037
890474.0495343518
950632.4011156412
849918.1904410283
752529.7504477203
784410.5684875484
742749.024071562
662408.3555570206
706076.6276611644
681670.3725958164
655193.5058629697
637139.8407589486
607669.9819619885
581192.7266293281
600556.5165740034
608226.9696694481
744171.0638641125
795478.1637175658
763616.7376391275
708000.2962667649
754232.151560348
696809.0353616648
742676.2632819222
838412.7413465932
917113.0777040645
891255.5725934722
721592.1190041923
720098.2378725308
847650.7297839847
777790.3551025476
716503.3398293265
750320.2910201397
748625.7258366065
798912.432557447
752394.2648571249
661562.2307902792
673518.1277152331
687523.1242834099
663995.0086329988
666943.158492587
676037.8055076168
678936.0050349177
619028.8403672564
685080.0045838404
774379.1140308304
694251.2642988648
651854.3586167959
627108.3532615959
662312.6333901238
679356.2885732898
761949.2837490584
759158.6441071272
793619.5818190583
809650.9052927038
797522.707864539
846702.6754045421
811684.4922196873
857590.6386980156
946009.7857469218
834511.2525702677
917658.3165218827
919612.4572399689
873381.1003855596
