1137388.8
1101771.3051741489
1023758.9116788221
1012610.3309306906
909741.0274192442
880918.0291468805
884399.7779286995
857395.012326624
989049.75729891
956589.5735652385
854804.2408293122
870585.7962076099
892363.8692114229
860463.5187269452
793142.4153423009
802823.2247016643
756520.2765068903
755774.6941457961
777597.236290961
777827.6935734374
757406.5418527294
769104.5383889559
645830.8037903032
609699.4360565376
599758.4980569518
651674.4140276476
641806.1418615131
676735.5511266857
693420.7552263302
721071.2792940869
717278.4025583006
740358.7763239858
653500.6333840166
717174.2839435501
775208.9474533652
763562.2128838329
807731.5799015319
823734.3711735758
775508.716768819
772101.409341447
724924.1200010846
662148.3628950022
724264.3053670446
666068.1082696478
702821.8505272056
770651.6170708435
822885.2868684791
756695.5385246483
726620.2496830468
745947.7123930014
802056.9099942503
707897.1858931107
704616.3091701791
734828.6620868619
756407.4329035705
691621.0714767525
667961.7382275496
659313.252868048
722971.5028984903
724449.7563939495
851971.05036002
923864.938331806
958155.2295372625
942150.2494884836
985285.4703028874
959977.4055042227
939312.7449481285
865219.9637947567
893561.8753037087
839319.2429522973
868639.8411368927
836898.7599994416
953091.6179995944
992853.3103133644
887456.1077390641
837319.5485229177
738769.0927368117
739594.6843916641
744623.1957899291
834402.8700458275
768302.9934573579
751493.8535975273
727472.1423499935
705532.1388273027
713558.8031052755
747250.0819280708
661190.553144128
705181.2326356705
678740.556163759
703169.6962808357
594079.0558995655
601696.2664999136
569309.3964922192
546179.8450240045
489541.6280253701
417779.97849348263
386861.5416610546
357465.7184471775
319652.2303944112
312863.19252305164
326037.0404155264
351180.8105521926
381655.3769312528
339656.98219780176
359430.4892986807
372850.0386599259
314289.1597557784
305534.09772594227
302487.42496815434
378940.2280870219
380820.45632107643
1137388.8
942901.1814666404
866903.9540052976
882349.4077611084
902598.5602408221
959549.3367352588
1107858.6618963974
1003558.5103873693
1122014.460570822
1339789.317319667
1401688.8289548715
1335150.512324363
1281651.8749542097
1358594.026863281
1413390.298173315
1484230.518745511
1482505.4323696664
1392677.2845251446
1355824.4287932138
1318165.8509964372
1099647.608760235
1096427.0514114513
1081108.5767147178
1094190.2976788473
1149364.0439836713
1182714.16953664
1093770.8631970165
967994.5950280065
1057736.0734549633
1166747.1645707153
1080178.8128812201
1014495.1163624624
1075970.7513493139
1117676.3147967542
1126218.0193332622
1109470.3090397464
1201278.229976184
1255820.3657701744
1115061.0508842673
1217018.8339308891
1263890.5830561868
1333425.2757964192
1477249.234557855
1473180.8427343324
1460877.798046614
1458491.299012478
1506434.6425383154
1538654.9609370837
1579711.3825761788
1513380.4271891287
1616980.6876791762
1499868.6806798442
1307643.6014154316
1237144.6618690027
1216199.9572861004
1166950.3887936405
1223173.4904856053
1397173.872603286
1397093.457841046
1408681.9417273928
1363641.8948850678
1429080.6229587686
1464416.2646061594
1468652.8389752852
1782408.6672221695
1956279.1141638816
1941300.721926554
1831171.4768141902
1994287.2414571876
1967885.5387800047
1747249.5010187475
1616771.194779422
1423235.3529773687
1468675.0275590676
1642523.7445747552
1686225.8194745695
1616923.8731952496
1678120.5386002595
1566976.7674994653
1596217.5685305959
1509635.6938238004
1338647.8401054656
1457326.4292691683
1266952.4274788676
1213673.3813424283
1271575.7949942977
1270475.5521658037
1412674.6361904084
1540646.0615835143
1517510.985930134
1653449.8488905393
1656191.752485885
1688577.7524869062
1706035.782569245
1697036.3825047708
1649582.6934911066
1460447.8262376627
1498870.2957546778
1538552.122967952
1536213.228505752
1648621.3375303932
1730117.105574396
1735573.4036396106
1772207.6935979265
1806876.20927951
1722661.0055787966
1593907.8136096862
1648102.8034096498
1707254.9967437005
1810040.85126122
1923223.605027588
