1137388.8
1112148.0636542337
1022433.3507528931
1102150.37621033
1139106.8051560463
1031947.9631018164
1041950.9512989343
1012888.6696515051
994922.9354689355
1026003.1622599085
1044253.901105757
1104588.7173388652
1138850.0320653643
1223399.4895330253
1204348.492037655
1102606.2461951822
1035748.6965260912
1038217.4515390702
953334.1753556019
916635.8231505225
910582.5352848839
959591.4027959009
914479.3342388622
842892.5742681983
903985.3404481687
855036.6906323896
876489.1636132671
847471.1399969847
785275.6498660436
780240.5976319772
834720.7442633912
855407.7482375919
998147.634182631
1085398.8522336571
1143296.8235721453
1106636.9245981616
1314268.0483478694
1216217.457717448
1151311.7632314719
1058420.8663274564
991577.1439756069
960592.8468768888
936165.9887633792
897856.2850675491
858249.4186341155
818148.5732443028
816138.9469718679
778442.7517470911
796020.2042569716
840328.0857687414
759935.0838106569
779734.5957714606
730449.3252567089
768777.9086919836
772051.5999915277
775473.0575563547
771105.3804559584
786234.55326178
769459.8305598479
896883.8196931374
901284.9662294774
924403.6891965212
925964.6482805862
912261.144913748
1062330.291459958
1060194.3885668104
963260.0582226187
963385.7172810532
945603.2711893253
989590.0536263637
1025168.4139331728
937680.405319068
1071891.082290622
1067247.4501762998
1134480.2057342725
1038069.3283491529
1057206.5706731738
1058623.275183565
973463.2766873057
932392.8921799015
1080518.3689040004
1128618.702019017
1041915.8816640704
986792.1744132822
1030070.0464233065
871017.008032181
913907.7643011927
931076.098298296
963321.2988212319
983579.5825188966
1013687.2560244934
913256.3513574015
928236.7165530836
1081677.6843383077
1111252.6844337084
1281072.6242376657
1334133.727501177
1245231.0946254812
1252912.3768145172
1421467.8960044195
1449691.1479824884
1347119.2619199988
1411560.0150916453
1360803.7621398892
1372957.2879812499
1446164.55749736
1462351.7332162084
1448251.8233474044
1403354.6732314774
1358866.591104542
1305070.9256563045
1137388.8
1082526.5773674638
1170141.9883172126
1294710.887946557
1202738.1985856036
1219686.8536707568
1170251.1022672835
957085.1439020248
989372.6335292505
973628.6716313817
964811.390945733
964023.9895476192
1070157.7061954162
1124458.4325328977
1278347.0819524382
1407002.0875554148
1364032.685616674
1345013.0139229894
1324970.2914009567
1264420.2187155571
1312964.4710354628
1150714.7942784685
1096133.2360133764
1015270.7730891324
899228.8034915278
876908.7265193226
899799.2795937802
894836.5554615873
823947.3164691761
801415.0819811479
800006.0336793064
799461.8020103464
787210.9531162571
740833.0249506712
673619.3870040209
713526.4780000531
706015.3301428225
661345.2149773788
766428.9916237786
782369.8428435756
824393.5021621567
908087.3047939868
991509.6648716666
1002371.0627140866
989631.543410541
997182.8073729055
1050028.4065647935
1068163.7733968766
1037542.9388074469
1002886.2368547866
937454.7955931704
820163.9550340745
753453.4755391985
673113.1380022339
667294.0858124235
672346.1617925852
679394.8924776659
644496.0479252356
704945.1936744682
716842.0971172169
766860.5899996932
776742.3107852531
777109.7701938788
851263.1674474556
811017.2620162154
883210.046896053
837618.0242421017
749394.3621484006
696163.8307902494
673338.1850993956
769154.2212422977
790001.8464042257
732829.1356729574
728740.5363632959
761610.4459721487
828644.3364039449
741199.5356145998
693482.4148896019
685652.66708009
753613.6576078658
751637.8044490987
726928.8875458152
652098.8665048048
660898.0862229672
651637.8043909834
655690.2099414881
554144.2565253348
560896.2461177281
570188.1987875731
526820.6340534808
513125.77801747463
501362.8531143072
511337.24091483536
601394.9499108328
546887.0117849867
588092.5450730724
547973.9290787696
533195.002553816
481902.1231401933
622658.5551764915
597417.9299276823
627688.4438631076
680875.093031531
714397.3609445717
693864.3013879085
691500.2580465723
786927.4113594108
784742.8389580448
756264.2573330954
813698.6337581084
889365.497635599
