1137388.8
1142510.4850722135
1055336.6334735132
1055610.8885612278
989389.654123463
960132.0021835652
1012224.1996625398
1061249.043169517
986906.198006248
984312.4291000215
972133.0958557719
981924.1184528909
905000.8452157684
952802.6109013711
880202.3146347037
862565.937245473
841112.6445874627
835157.6700788683
784715.263108741
781084.0496419537
785360.8454243267
835624.8298394202
823099.9208101851
905730.7187933438
890207.8764323889
946864.496906287
978673.5195108918
972021.4220929892
983772.0498941775
1126309.1350549592
1174910.9237500264
1186158.461185529
1170654.2140954551
1159395.369930529
1141226.3922216839
1148600.3649064202
1325514.7775634334
1164024.0112025621
1049422.1826499382
1029982.4533836575
1100907.032748125
1144518.4687258792
1136212.8354115936
1137930.302781423
1232321.2599917331
1195068.1022863653
1259111.5110975134
1199068.9200742603
1270847.9021538908
1285880.0769682105
1216606.7701383985
1156648.4039763424
1186261.1617921342
1252164.777225644
1370436.879049324
1355019.7393441976
1366553.587794325
1469506.091835936
1513562.583507088
1446964.7768330502
1529305.912631996
1555128.8670372393
1653650.06097266
1819531.7606523295
1992673.9831040872
1972252.3190917592
2213876.0968012186
2770569.865143977
2684921.8928470463
2218636.1762526906
2157033.5019984264
2152860.48823179
1967413.3996674519
1897207.0504411997
1826319.7269939887
1914880.943291096
1994228.2995838537
2094728.6188933551
2113365.956211877
2193042.121274946
1798546.27139928
1817628.7892049968
1980623.9596958046
1823697.4549518644
1852427.7584695898
1974867.6340219062
1967513.8437600418
1991758.3938646333
1979808.74593971
2073443.0222648808
2219934.1786549934
2692102.8902953747
2669548.1558225346
2827762.453195809
2759584.176019529
2604538.697079658
2504918.5926914834
2317122.6664151005
2225165.859930856
2317965.988115983
1867246.6512161817
1697610.2536720112
1712573.0265566183
1693331.7816340958
1497268.9738159927
1490953.3781752184
1424639.2105508926
1320877.1834151077
1239403.5589934175
1159983.9147692707
1282452.8207000855
1137388.8
1077030.6371296286
971001.2112996574
934375.0972145002
881539.1559088991
893653.3480382159
917973.071022271
1049290.023239749
1029618.4676024056
1086476.6059092912
1024914.4589476112
1108385.400967186
1096380.7132001326
1182823.2657303375
1174979.7094516042
1157900.6549420897
1082853.5168883365
973865.3668301931
994801.0330358038
870167.0664006931
941219.129373876
1142533.5589013854
1112272.1672809878
1106574.2381299925
1071358.7835225547
1047359.4900634703
1032517.8227522696
842159.9247509826
1052111.8964910668
1006931.085062245
1095219.3424167621
1117506.401480236
1247786.0612777928
1131213.690194828
1082056.9798344956
1162897.5870751056
1294966.5379148163
1219317.1766401196
1211940.7093864954
1178664.6619948125
1263925.747607997
1219429.1592014213
1316657.0632059274
1443628.7770826383
1453717.2782759527
1356281.4186924072
1316431.5708541283
1552335.6497537463
1464400.2028410467
1502803.341228845
1539955.110674937
1565453.7870191396
1365745.678396152
1282037.1751224103
1396430.0669346193
1153559.5574381982
1189975.4304700329
1078376.6824376688
1014443.5507077322
1204347.7032517435
1228637.5630810973
1116917.5070188907
1116981.8202963697
1193386.3596471278
1168590.553312466
1007067.088828292
966078.1070895009
924484.0175944444
910677.1090745317
856191.3300738806
768199.6066301418
789268.6352355335
706738.8081437722
786776.5561877853
759629.0468905052
773750.289830042
701517.7369365083
676690.035688146
690855.2366021139
797233.002801027
818492.8097132371
834088.4970000861
930667.3170660516
966337.3600384489
898765.1696512634
997115.94392006
981428.6447697368
1063819.0105070327
1116515.324808624
1153022.5453786524
1240854.1247063223
1296860.0667609263
1407292.8321290582
1346319.5805466422
1524974.299013593
1456805.5612519335
1274459.8237642094
1112709.0965316116
1157996.4843494256
1190293.1806966204
1109225.693937008
1082219.4763518176
1073547.2188146748
1135189.2888309958
1193527.0160998867
1234029.683062267
1246658.4708202207
1262472.7504263525
1161136.3875159326
1016302.3714211014
1100743.5264257127
