1137388.8
1057025.1112610684
1073762.5312733576
1131695.7697133245
1194531.2290866047
1121116.5925705442
1081806.4509855101
1050886.7936904123
874873.7390718183
847959.513312306
789298.7383878713
832110.9024382343
965527.7467338985
939959.4146778784
989295.1843386462
1100193.6290864542
1169252.2690696677
1252664.7688702417
1217303.9164338973
1087122.0812246227
1178546.5688939092
1204191.97118958
1251697.9913043987
1180556.0968008137
1379883.953484882
1345410.0162065362
1465262.7222062314
1667040.421168094
1592765.0912906788
1683479.570625358
1628840.1116465903
1731349.1599285956
1766948.0687329825
1654011.961161308
1420146.3729199436
1313587.491125065
1209659.6372540018
1178560.5576365907
1244392.595495534
1217494.5701951496
1242582.3842971737
1286413.101195833
1199051.5098086
1099203.4427595462
1138141.2065106302
1173828.2839586863
1212733.1679685947
1093252.9651724868
1037717.249627262
1122353.6988106365
1166247.485422667
1426719.4357817578
1660408.0960911203
1664482.2760831988
1870183.534308114
1962831.4343146274
2119271.6950673615
2159324.759579989
2056534.6088480032
2095114.254444093
1938473.4816046148
1868082.0786463392
1996885.708229124
1784322.051267121
1692860.925924669
1881927.5885710025
1840066.5451664592
1989944.6127778448
1844982.4963408676
1610731.7079221387
1558238.3756291203
1451699.1484485746
1626482.212845061
1639763.642135771
1572829.6636791541
1762410.7763040885
1513100.5667074223
1289700.027993305
1196888.0404083051
1179519.541969808
1219437.921536955
1306288.9481969404
1392876.4855280998
1292419.0062223861
1362207.7833639507
1435234.2089232132
1367980.0343088093
1257084.989744216
1156551.5970423762
1102063.4513455692
1056326.4329415928
1028849.7632532959
1187737.1182656435
1251783.6928321803
1204668.2726502512
1117101.858436003
1189280.896143126
1251304.6565876915
1199975.0860071634
1179218.8119137946
1177228.0832401286
1166823.5484326072
1126686.9189737947
1023012.094346025
1089385.5412361447
1133697.1759269098
1152905.4030169153
1130840.0984444015
1208953.094080353
1294406.3460921205
1220977.6350066522
1137388.8
1187364.5156014245
1047803.3843436021
1179739.3063195527
1155999.375003133
1220096.2544755514
1300963.9138069914
1191707.9103655608
1202582.083875633
1367200.0756611375
1360077.3392582892
1280607.8439365816
1298120.1267788676
1413663.930268142
1660601.0955450414
1727754.1116447742
1875803.0229066664
1886870.8216870052
1892089.0100955456
1870691.520928814
1892166.221949212
1704628.0819216412
1703744.1679474737
1689623.4756076466
1720165.7385245564
2053613.9102112774
1876856.7693082707
1980481.1733909973
1906015.8112841235
2250360.076305291
2168054.4767534584
1984764.9422208655
2111553.3481423557
2103518.7431875034
2122651.2091415892
2227169.001065694
2375464.55667355
2438393.2547045196
2424267.7053614077
2326419.1565563623
2370935.213747897
2165321.178488998
2100107.909749643
2225146.7851285404
1940996.2494807872
2103366.2666314337
2141335.36611169
2046547.0822639319
1795703.8608716743
1636730.222760904
1709512.5100640762
1780908.2036950362
1757263.3363370565
1736688.8281437815
1660828.4026457607
1660519.1822748492
1638773.4273022562
1823213.9605080683
1802762.7745140232
1860590.5411521583
2273681.5502763833
2182997.149513285
1971175.645323483
1749118.8349895373
1600666.9297932338
1689419.9956693603
1637564.0286539616
1544852.8281323703
1499550.3644484081
1299363.110152915
1339190.0486423678
1303082.2396746308
1273674.1634422357
1205189.9731234906
1130017.596928085
1175529.3849922686
1195865.3088212947
1028517.9669944558
1022194.9722656294
983605.4212773022
948880.5318973192
1107776.042629022
1110530.66640424
1069311.071508534
1050380.7944030112
1001169.1863963291
994306.6621498545
1098147.151007921
1100270.6209142099
1101608.2699855447
989510.5479036286
947423.0215814705
1019715.4993337782
1151816.9336613028
1207908.6713606142
1086907.9552443712
1091069.903975721
1060039.334804731
1040540.3587929448
1172675.2251208746
1152410.4519420592
1161905.1295342965
1308564.697197536
1334739.358346457
1244739.862479143
1171265.7098720318
1008031.2704663667
1134635.7552894833
1129970.7910685018
1142207.9616528493
1153593.214734727
