1137388.8
1187166.4628121317
1188367.5727900395
1267012.9791918697
1240113.767092204
1564140.3845338607
1438907.5604627728
1363527.550296186
1510492.1377798645
1463020.2242406358
1588550.4036850163
1524163.6042838136
1366800.8494107537
1340303.799890266
1253146.3542540227
1209897.822544627
1182846.0999728988
1281204.421309479
1264287.163033475
1190496.346572044
1330644.6139883064
1369409.1039765943
1455530.5324097956
1409337.006868948
1299986.7055377348
1222340.9184178
1221066.1534000784
1157044.198948888
1322074.2771932986
1198546.726818277
1302247.2534844964
1324839.0349014117
1442142.797741315
1485737.2780904402
1472241.2149298743
1423854.1773359047
1291605.8697542779
1306627.1426242618
1253710.2436422727
1195018.5713708748
1260450.2300343309
1151759.2159338112
1210445.6577954195
1181171.384743076
1214361.530135542
1234449.9202914052
1389232.3330096956
1395391.8266905588
1337783.6143881173
1246575.0269938493
1335538.680959916
1384328.8195240116
1526864.725475822
1451074.1286662377
1252000.0639237238
1383068.3780064802
1393581.1320563974
1450872.6022183287
1403346.1062108856
1374408.3627897385
1343023.0043662696
1288563.8020990216
1300130.5533357286
1317179.444953419
1221415.4181157495
1238461.6692852036
1260795.7844489815
1250782.0056441068
1300510.0674262973
1236447.7961044225
1173333.3803447108
1160954.6610932807
1103764.6926400976
1251544.84575888
1306318.8797095704
1295843.7008748294
1290702.8064476745
1312610.9656457906
1475621.4522598826
1549410.6716061942
1474412.6097157216
1571098.0856445709
1979584.3572585264
2040451.4657319568
2076009.645837671
2101705.87557052
2320103.3079802324
2229199.0075736404
1982312.6785045103
2165284.467189826
1997647.6998360185
1906043.2498012285
1773499.595626886
1754063.110918695
1898265.9649188463
1990642.8980774465
1734836.2374769587
1718909.1586429584
1654052.4344527218
1600563.0100681707
1465959.0070532497
1404120.105727986
1184702.977518483
1392512.1762827379
1346225.1014578168
1453021.2155968267
1435630.9243221201
1285517.259619206
1298583.5062017008
1393025.510151041
1351742.4644917105
1137388.8
1164848.4500251058
1151781.277060082
1136081.315971579
1196889.2670742641
1293668.015583007
1325190.47441522
1354910.5717672934
1226108.9103213828
1097586.6127763973
1157758.7921388743
1141670.0484483656
1071632.8990451174
1196514.9518293524
1185387.839047779
1158539.3710960085
1174988.8082703482
1211701.501099254
1187758.541176137
1243501.2141524318
1122282.853028803
1188092.1495200559
1167959.3564061634
1046558.939247588
1026939.8049199934
971464.5909312811
868171.7478737221
934371.2056156663
1067216.6329979093
1218684.200503356
1168782.6146511445
1046518.7954758825
1014996.3427543866
863730.134499964
827600.2600864626
786906.5157444362
845716.7474843629
859986.3165296563
842057.7333738374
804834.4114416481
936141.4543048777
882016.3570684328
974167.2772726788
893930.5334427761
896872.1926184377
961887.566043275
903383.9815744088
883096.6659610148
829525.3186850899
783363.5438168191
766113.9084766102
707594.9786383235
731368.7820279058
728644.2238408625
714757.5573306149
720027.7006073418
722078.5207955742
720555.0813771406
727747.1676626715
757261.9176499888
844749.2721456013
963237.1336362164
932732.4632513549
878877.0337474633
843146.9342102698
844553.4282048859
833608.2014986268
764722.3620309118
680641.3207705712
721778.4191838738
676911.5346270634
641917.5028493162
746520.8625856484
712654.8714076626
648459.9159084614
633200.1367994096
684401.3562186882
757719.1940593953
836824.1609110613
872646.9837741026
872093.9435684275
875462.1817627231
795815.66917938
928385.3150731922
991356.8216417767
917208.4004208886
1072895.7274961944
1044781.3415233191
998338.6673301089
985280.1993383834
906248.5427889095
980115.7987484792
1064466.112439925
1051705.7693304515
1033453.1321082278
899707.8609126972
816058.0822130216
715877.2699830758
802360.58291695
791766.6749502436
930643.7023397366
997437.0671235744
979708.9814674536
874580.3656898668
783540.2580149638
838591.5128489549
794959.258409582
828579.8303742618
793325.1893827695
764358.7849808626
713250.2387311554
