1137388.8
1248136.6617814896
1245121.112562718
1310323.0683526124
1356276.4407552476
1360368.5648090565
1349408.6861869867
1391537.1209177887
1448780.5429165738
1447909.5937619675
1276866.5273634912
1415109.6069799967
1394591.8136422036
1367883.3551758626
1400821.121709756
1436057.1943011992
1475319.6909933612
1481286.9989511992
1713681.6119612558
1725795.6745533552
1720389.439105563
1684991.4181334435
1772551.074354232
1719719.655223521
1643742.5315396015
1640592.4059888425
1703266.8047612645
1714467.119439388
1754800.4496027536
1732054.0493864121
1723969.5676760352
1937523.2495714163
2078357.2866367619
2261991.307509214
2519860.2691986
2775076.286733507
2668289.546214635
2521695.4538097177
2352004.179615956
2119573.7991083474
2273279.8373856824
2549040.470803865
2558329.7490247693
2849561.3789841156
2740297.8207717384
2873729.111143851
2930560.7805509022
2724727.4576990325
2726421.457567509
2999992.1583569907
2865024.2758526225
2710024.895983174
3025644.1861608936
2877339.478592944
2645315.065016708
2673019.1823062487
3038404.9037091415
2876700.7673122175
2582240.4414509926
2827290.4372751163
3032866.2266921876
2797475.652503181
2461624.117215241
2449228.646374387
2568978.1217619344
2508624.6771699754
2588965.269563408
2706986.1031139484
2664556.7165670483
2882141.3162332294
3049633.6029538736
2864958.966580323
2945061.068543604
2967185.043032995
2879709.1508976715
2763443.129752843
2543301.650812647
2411302.5273664943
2540207.6068767332
2534305.265290087
2777003.4250568403
3016142.9895002544
2919291.0237121037
2817531.989119632
3229980.4202111023
3445734.434030866
3244665.8997041043
3546794.890541207
3718109.0607508537
3700399.8786739786
3378444.5615409627
3365119.0672727553
3455104.927693909
3523469.4851729553
3437825.2180446233
3481805.9802963613
3877555.2782087354
4325742.118938267
4406444.78521003
4933661.436130841
5189511.724619883
4824437.415857114
4290714.154300812
4489341.279741338
4981621.6740505695
4950152.473885548
4875381.270527407
4888138.209998872
5132442.225943126
4990404.558219739
4648581.871036078
1137388.8
1127988.048263932
1312632.2711325383
1312480.7126714983
1247401.9958991052
1101295.1588976004
1011225.1969742366
1034843.9152590169
1019287.579467938
1091883.2832489687
1068604.9516134018
1186014.504239969
1122708.2109848396
1188449.84199778
1217175.6485046435
1029912.409709163
1069320.5419384318
1068185.8018951213
1119863.8957072364
1177742.8301678805
1235538.2168983843
1269488.8908258902
1364231.3714879153
1350861.6987378313
1373488.145367363
1496319.3172898605
1373785.6297728193
1376388.2511346114
1289749.9921706675
1366411.2272595796
1356982.6299988765
1322602.3741460221
1254607.9057820104
1181170.2101603344
1031980.1983899926
983673.3696252737
1024330.689465695
905843.1978604392
916518.8443702207
902276.0231975811
774496.3920081867
864664.1688430521
739474.5458319339
738646.7000728727
785374.5066331766
726015.489124764
686546.356107634
582009.0317777393
539536.2677041214
528390.461400293
490557.98134237353
459353.0491855535
426548.9376962222
428287.064902778
392378.41805453115
362043.0571854312
341548.1675348297
298300.6421720229
321369.95115933503
348285.5502874106
355374.2705645076
346065.4066041307
363515.913324366
339018.7484812133
311283.05039345677
307432.882085756
305464.4334676242
328271.97154604824
353107.8036569835
388412.35395647463
371247.9511704619
370032.2047594313
347389.8256408719
353486.5321807038
402543.7873939797
433683.81793892855
427763.4680929917
439169.4536011828
491663.62234673626
467361.8436717359
428588.4694343783
427079.04657570954
437892.47186562174
454040.8166641075
450071.9508097597
455277.6577162149
490513.56658905756
529402.8539219466
553024.5643516192
511002.0090384185
505667.05587910267
434817.8504275101
450636.6372638352
489072.6864496383
508428.8955342938
505979.7751110566
461876.04147843755
469934.8552565161
461277.61408304964
440408.3348242166
454010.9202286238
453605.16074352665
529762.7829913908
534070.9893966427
508730.3564313562
485136.0336300594
496494.85834772274
553361.3644184419
535589.4897268862
529015.3219362982
501132.4716597784
