1137388.8
1110408.85289621
1155565.4741388822
1176643.957969353
1096323.024569455
1100272.0985143445
1099139.9188595847
1186630.0888811233
1139678.890864401
1184778.25321148
1140209.3583934444
1255179.1388588666
1288559.4701515094
1329157.8250840153
1330240.1457607974
1200094.023885492
1077503.370690384
1436660.70602932
1270773.1963424338
1276114.2571465692
1218253.7856485408
1124459.7403926945
1082747.2125108663
1135961.282022014
1082892.6432650357
1026637.182540562
1061198.13642812
1069741.348007671
1023020.6422132504
976333.7853228836
877334.501728819
835363.2368003409
807000.639206646
853112.3172874568
887069.7709668705
838383.5419721254
763668.1097329505
801216.9730946079
838698.7120896236
957407.6403170269
847468.554937582
734423.280105334
719672.995710898
734655.6786817996
693283.7428558582
776095.5895008066
746968.9227125833
680346.930337972
717571.525596754
683178.9534528442
639371.860969256
609098.7679189064
646045.852610258
620241.361825291
639119.8988057842
575764.0551558685
570566.4739040636
532207.1466846782
536399.7469861386
528133.848537112
605850.6002060588
608573.4793905348
622491.071206457
578918.2605939346
617118.594551663
745892.5760471413
686337.6531561589
628121.3750280606
529778.1691939863
533952.0565520739
571345.9101813892
561047.8460901541
633661.746085404
630449.7276679846
533990.2973979941
491258.5340431825
408009.3023547098
454339.47521309234
463267.71772126737
444257.60934448213
448780.81641910714
457589.70972656907
497725.0231390859
515097.12803660467
561985.3729273665
525072.5932720224
547065.8057210817
518560.4934006401
500371.9173922079
456898.68396934663
500098.3224336508
546619.3111584672
517264.91781290976
500544.9550405775
539681.782396632
512117.37080428255
503039.23548311734
506231.4838155511
535618.2209920031
603544.4193104383
603005.9038158379
537929.9636866328
564831.9169269365
533901.9890310154
554184.819238241
546936.8031947877
534322.0546116745
582907.5448974568
575869.8472082402
583941.181607434
605700.5419760616
1137388.8
1280936.006894292
1322206.605332805
1231832.113918501
1244989.6926842276
1239201.100735424
1184359.9324965973
1211045.085507925
1211253.8062719125
1237088.9745969842
1161084.3746186392
1076640.6034596984
1177766.1246251906
1196153.0017702
1153015.2382793687
1015185.2074954713
1092308.1419548367
1332933.9844824686
1457878.4830247473
1528053.032134827
1538638.6550058017
1537242.7351988044
1516084.2235544736
1335475.6456091069
1454153.879273423
1525297.1606539101
1573289.5399413763
1591586.8996288218
1556140.8817047642
1436566.9172125754
1505085.1074379727
1464476.916202954
1544045.454905354
1462647.188372722
1406833.0988627963
1450327.245338519
1526256.0046770368
1620667.550125079
1820632.7982188254
1887901.3846718494
1822849.0381841206
1824398.0391571529
1935315.731375466
1816506.2520539805
1655076.5857736696
1945669.2125146235
1845940.0562292065
1667848.660800835
1768113.433887117
1724340.710818214
1784870.6795292087
1630123.1882023339
1826944.8322515087
1764693.8622040125
1781107.93204394
1976888.366287704
2049238.3273126448
1998294.7562392817
1687164.77519637
1586554.360653617
1469646.2917955902
1325437.6762977557
1531112.2906116936
1664815.7053206665
1863195.5221562157
1775815.9127219329
1671539.8542343143
1902016.4134198644
1971957.464587593
1759028.4678111032
1866049.830230655
2033602.71851287
1864542.8057135777
1821030.6797489068
1821556.9313984527
1927142.346198312
1888145.6353885382
2091223.5504458349
2278132.1677774168
2291769.223056096
2199105.6510021845
2516773.2268397105
2786109.1901622154
2920220.8215007843
2828201.826831136
3039601.980522902
3157052.543763272
3917035.3798432876
4316369.535478947
4776201.963082085
4754971.444334225
5197160.9343929365
5392992.638939516
5562487.893002591
5293766.670897278
5251754.7026437195
4839488.552500626
5098490.353512767
5841007.661251005
5199937.72101938
4866230.451739777
5016018.226463254
4830534.609913481
4388099.386575015
4690187.493597345
4381026.118090634
4424270.643061655
4376505.139574506
3828268.281918292
4169442.9251763094
4606089.057752756
