1137388.8
1187959.0850578432
1148228.3885045915
1128817.5200449373
1099358.1768135433
1141637.2763613889
1149271.784712217
1185867.747539462
1048798.1948139905
1171893.8830738177
1160416.4158421308
1161387.229894845
1151562.0179999077
1109005.538678592
1036592.5698671492
904377.1106122698
858638.737142105
827061.4314810964
888178.9798880509
823448.2988416777
793698.4836578378
744165.9524630437
748608.3498442647
749355.5883283966
733830.8114349757
695615.8237035936
701644.1923612771
622711.6244821432
625474.5819762581
592761.3097793498
606779.8142746236
560813.0008541306
528012.4854794022
556613.0191409574
556493.9421864161
616124.0730787611
638568.9443096836
679398.5554656544
683288.0446147948
672196.4585774845
605581.213856061
632874.3470421564
617284.3523096391
600329.2995567422
476414.1500664306
495222.9835382902
474818.11296833085
456755.81331603124
490820.16767777654
474812.65667530044
524944.3716783674
588164.6829245833
512849.2720501244
473080.23324312945
503584.7160246552
597293.8343834479
639307.1520785962
608011.8017791102
560881.0337965048
591216.5964618643
563773.6149203995
601283.5310707144
661157.9188838038
667098.2512648653
659872.0638101215
622034.6791763935
598800.6225259219
646618.2744512281
692773.4814514684
640602.9964307906
583366.6528129651
568805.4335035818
659322.2814429239
772273.0029416084
698945.6086258203
646366.7709454208
665209.5113296192
646834.0016796814
708599.0327929972
697107.746210597
724618.8772687378
763835.5397809757
753722.1833452025
897768.1187013799
837953.7703873848
780332.0958023269
777274.1804673547
727859.5198255074
638649.0330809491
658626.435460034
673875.9489965078
637990.904468089
571559.731376856
573462.7942099313
537721.8630876008
559802.533753829
561876.0664255593
562131.2343639776
590656.8398858183
707323.2603378613
690095.2169256276
631571.2453018532
631953.4449182616
659757.2129347643
722160.339965395
765507.9066556874
739602.6871382828
835174.943964208
775725.4842072051
794671.3831915875
888426.3948777822
1137388.8
1187937.445795776
1044770.4863656028
1076391.471040428
1080073.9367969914
1099021.142743436
1093305.7478058194
940306.2173169608
758826.070950069
733294.6794590885
698025.605352218
683008.3801710013
758993.193961819
780486.6665522136
784795.181532
706263.545296142
721102.9701501095
702153.7944387022
629576.6899617554
662216.8191191913
646579.1653287847
619071.6364172258
621089.0080027621
597099.9593240385
549410.282602008
676417.0050528757
772854.0129005548
862656.2092420269
968740.3239285693
1036484.4663153341
993547.1778897585
1034938.6109618449
1046718.9844808909
1089103.744807712
1083987.2464165268
1075099.148858511
767275.8606869985
824872.0669173598
876517.7081870198
860311.2323307964
897236.2879450691
858758.8189676892
814597.6556196829
873468.8835924461
967739.2691878005
950785.8181892284
968301.733835709
1000265.2895804816
1106886.7530887101
1297662.6460028484
1386029.1595850335
1429783.4349366357
1397981.2293851501
1281122.4087086979
1096726.3107915088
1172372.9055666868
1118209.1685065185
1168329.0261851018
1328095.8520303073
1224731.539287915
1214142.3408256208
1151094.3182297184
1062044.6993289553
1152849.237952908
1305798.420684392
1500050.2030829405
1377455.118598129
1429817.4142103842
1593443.6702831204
1703158.875906106
1678447.6556912067
1576430.2214764468
1511420.608798671
1410343.726167568
1607480.0159541804
1645996.9900124664
1895553.415685257
2113308.102450584
1928488.84319775
2019091.6302170905
1772794.9189237864
1812679.3196798465
1939068.0655681973
1961885.089821599
1990753.8563987834
2319255.55367732
2691456.0206664074
2804007.682111582
2693055.226681181
2592290.5770990252
2839692.8733390663
2980056.611052777
2819921.841863183
2751078.31003894
2674182.6127782413
3015889.1537213125
3363559.1599963796
3523866.234667302
3423368.7397755445
3417461.1835666206
3493637.5238595265
3325164.338069093
3036498.887256435
3025554.405663906
2956105.3062886414
3096096.970104906
3117589.151051436
2650325.2414314933
2173504.2568644267
2169651.6563703837
2451215.655799205
