1137388.8
1029348.9633966985
1024138.169640059
1059460.3157163423
1101729.7696381544
1092366.8493628139
1177471.3768926573
1160429.3501496494
1059587.820703573
1186281.8984405722
1156461.145690852
1174387.4491691075
1195342.248936391
1186827.1422820943
1018340.8503059284
1039882.8850837483
886462.6290569805
833018.0641484844
886352.0306688447
894549.4971121739
954331.3971706943
1047426.6238495382
1155410.1502775233
1179704.7373108692
1229104.4177923258
1278935.9880813423
1347945.523697306
1394081.0948858259
1397609.2623070253
1420826.4984031236
1705703.8791513795
1747191.549020746
1617828.3643155752
1815315.65232292
1639682.5221167922
1740736.1471694612
1834091.650362577
2052899.7198428698
1901109.3376106839
1915729.589427868
2181812.0906020305
2203248.114328523
2159569.931539274
2253782.320695383
2317983.6966121956
2765777.7669291277
2557854.902318511
2405871.872428135
2312069.636325928
2372007.2485986613
2420264.967883356
2422826.426602067
2601062.3611512175
2539211.7447438505
2720757.990308055
2531022.8479048642
2555355.379916424
2555447.48823933
2915023.6932177725
2592153.1299262512
2528802.57813182
2633208.5550976605
2834155.470111063
3068553.9459187076
3159521.393890592
3038989.046186253
2707154.1259122803
2864388.170404147
2853076.364723544
2773110.1362933684
2792036.3787158215
2749583.6194664845
2177083.747257055
2675251.1748617003
2696709.8236197336
2563066.392095568
2552706.716515059
2542724.35740279
2832699.3825665745
2803360.115729951
2578671.601456727
2486130.8461414967
2278735.920402109
2434738.4642006457
2412382.8042653687
2487837.1852869564
2970878.242245724
3041543.830386623
3022406.340805729
3515888.3332105475
3688363.3302435013
3619263.20775482
4245714.1897057025
4924380.701064096
4672341.461926323
4419746.305835049
4490473.990414931
4333116.511789123
4717568.849646977
4605376.354294625
4576390.504074164
4474851.840442447
4923407.52557475
5030656.156793187
5621100.812422352
5702182.8549176715
5417102.141394041
6039538.276089375
5877248.649311834
5966827.431829382
5964344.1290266635
1137388.8
1135704.9622962254
938536.4844873993
800946.4639707098
771386.960427875
807506.0918777981
871031.9490299968
860994.4331315828
847654.2575476345
782488.0169939987
855985.7041096408
968877.8915821565
1046495.2882778789
1095121.250676182
994719.7696916348
954199.3395167988
944498.6414689635
972135.4525053157
1069343.7827174715
1063961.205716941
1191037.2984728198
1278637.5092719332
1150339.1145670735
1170911.1774962351
1089577.120969147
1102679.9194709393
1077094.4323438685
1061659.557708969
1065605.6655946805
1068536.4398728127
1034293.0455809415
923920.4122998355
935529.2490131352
923144.1005717283
976293.86326663
1073001.94345326
981782.7973403609
1022077.1975077969
952867.7456780098
980814.8359036148
919244.8010127124
884729.210398257
879413.7652054103
832416.5895532047
722830.0439036847
748955.0538381361
739881.1819148235
695695.7490735638
706322.5131340619
616358.6795606271
560072.4555696808
582438.6163888954
537421.7972899028
569343.816396708
591243.1974175805
605059.5074548393
565658.717795713
484663.9780395348
479499.600156778
486960.6790197998
470161.82193255203
463314.84693825466
588461.6544511562
616612.8273414031
562572.0710677117
657047.0783005509
640717.6812034709
641320.4716572678
643117.4680006691
617817.5036568593
644128.02034839
658147.111196546
632735.1670205054
650691.417893361
594763.9787456288
597567.9090760906
669538.412567967
594590.9994879329
473528.40430349624
451922.34648074565
470961.21655796346
493599.0300816271
527977.7798028258
517284.6476684597
492939.2961385115
463759.7969088104
529770.9938513981
533489.1388203873
553414.4185562639
545043.472194275
607296.3592647784
647908.2824791451
652156.2772525662
715456.1062536052
673307.3822219991
657173.4194330883
634699.9486784743
694420.0400559775
652302.1146039858
678061.4570012026
744280.9040914628
659914.6463879448
685333.1154018958
684488.3000380802
627552.1054281227
629131.3182823841
632482.8162295157
633442.9479017215
594023.7458667896
554303.3192960944
576563.8893036892
