1137388.8
1368632.5477057414
1342934.6380785417
1465497.3045610196
1598555.172373361
1706689.640475406
1694190.3356082954
1808453.9803965641
1821441.6050639304
1787785.9437114752
1715995.9293512069
1627474.4533688393
1667151.0917676354
1568574.0396089673
1521775.2179685018
1751565.7672548755
1781423.6731569252
1692870.1262035095
1557026.5737568217
1554940.0077768273
1462310.1206348804
1503355.4908054783
1428330.5844436234
1274902.0791606025
1405723.2941027835
1380987.989277316
1338179.4442855644
1397476.2611605413
1602422.2110199416
1641173.4626057132
1623369.9846725222
1688229.4343156468
1631234.5040058086
1684089.2358503777
1684079.1868778055
1791271.8678375375
1919768.135821052
1779252.5348118858
1888877.729510832
1779330.0566296033
1900499.3953502597
1721999.9366044689
1705571.663391146
1691175.4110848822
1564293.4679294394
1438321.1704373716
1509652.0620283694
1411824.8181788728
1364597.5658697607
1316653.9316880412
1153824.776970999
1088400.7421521384
1123449.859785795
1137296.3102035127
979932.3805985153
904580.1855070489
846932.1501913895
802248.0955367906
763524.4703984471
717886.5083993396
623927.1156465899
671133.2069670688
670446.8571975733
746967.8976942882
699791.4803517532
804980.8251766902
779852.5411308473
735539.9883473023
745223.9110385865
740676.7614120604
810899.3516056631
789776.5567490871
826814.1856540944
892368.0923810567
840437.3561894702
770881.355447682
880140.5807529717
972538.070910999
1098061.2532662016
1095981.956232649
989273.5921156936
1081997.5523278124
1005665.7953524322
843732.2161750263
857020.2896067207
916071.4362303509
951513.7356901824
1006955.5860184509
1102953.4032766297
1135321.8203145147
1041051.7565498803
1148840.515147189
1099892.3415083976
1113429.8346755356
1140544.87885208
1001844.9758302381
1139860.8514247339
1210283.3503399475
1261919.6422544143
1310624.422069705
1577137.6932741643
1634760.5781218405
1695605.526337804
1687105.5635818855
1646380.490954857
1800601.1735752523
1893474.0564554697
1898497.0387200152
1867610.6341223302
1914348.4032251046
2117598.1514043408
1137388.8
1254604.5441999994
1183244.4343460915
1265009.004781721
1280825.6702432882
1219185.040916988
1238592.3516914048
1120194.9318406621
1101822.1824667733
1229471.035331389
1210346.1575326514
1132560.4045773053
1162971.0497629156
1134338.6255034534
1381717.3605940393
1480322.259231221
1545639.3346876586
1564384.689099456
1605394.2337852938
1528412.4052038859
1334047.1801446958
1287604.1679404287
1155872.1959176715
1017062.3279081753
1038707.2940505636
1021383.175670726
1101585.519189525
1146972.8692543765
1163073.5272802017
1111567.9765565414
1107869.2304998494
1002583.0362170913
966553.527636808
960999.5599934505
1024239.6631573658
1093150.492978359
1074788.749972591
1060602.3356462147
985581.5409449482
968373.2264236745
940802.2217710897
835597.558495564
810311.7342576837
843658.726994069
944514.6477105973
1060139.0201954562
1018575.9070118527
977194.9855381349
831457.4836717524
849531.8399024073
876047.9191141274
904850.5108454457
928247.7359540684
888482.4930847033
858078.0577860775
839294.0291169508
889786.2231857801
913073.331784027
740656.6992482534
748582.7423785133
719812.5147560741
783093.4422529949
812847.7403825021
834440.3862180448
714026.5057534302
725227.4940866459
700860.7718553565
723347.1522423396
756115.2354454998
759742.6836267279
773969.2229022661
869281.7080169854
803666.1191345928
721382.3128089233
637775.5659182251
605189.0971677632
638778.1341965038
684775.4269351079
633414.3640703141
629002.3375718505
683203.1134455752
754791.2857298887
758659.1940446732
771554.1211575613
682442.5528670889
662397.4200846863
601050.0096801528
593782.9306264521
587138.0595588321
567134.7949257921
553577.28643048
597780.8463585107
576192.2310229726
565561.8122253545
576897.7389963146
656105.3921804993
612102.6451546799
631474.4070323777
660807.9175251102
624291.7895720775
688790.6163732893
644592.6442812488
662612.0751506306
599497.608031274
530482.4795246383
593768.7783405179
595155.510500766
630140.8484001441
626660.6123721912
682911.3949621252
672462.9067151775
