1137388.8
1148764.260578044
1187788.0252948955
1172175.7178786881
1230486.284350037
1119249.1927733568
993799.0792864723
1052007.4706083434
1074503.1052137376
1066729.7419278477
1131753.1503005696
1141410.9334618195
1047401.0295823491
1058386.56204205
1072249.1220497051
1090441.1664953104
1067025.174545167
1037689.9732996181
935212.191088225
953676.4780858926
879636.1426309538
929669.8101143702
969806.1635225534
882453.4906318451
873140.7914300244
925508.0548255477
829011.6279181024
845541.1736794472
734864.30908424
769833.9467239024
768942.0331870238
804280.0336031448
766879.7112548804
897492.8417154108
950036.3465458846
996357.2963524145
956214.4693833932
965547.1653133351
856726.694442871
721561.9178362157
800900.4631342288
842857.4460902201
850096.7781306722
745522.5440060212
749121.0771521726
656490.7218759335
649803.1929069844
517453.4343494746
565968.5031270467
605733.368764524
555780.514997095
545692.6603622765
555002.3862249572
528397.3392688333
518667.7554743014
533930.2420272621
549428.2244894898
512088.56957747514
496428.4147699229
509353.0785219897
533712.0035254693
520998.72764394316
538891.1391886806
544982.511173896
571706.2219443466
565258.9630813939
500766.6484737174
457267.0523008505
473869.94450821594
495930.9191111884
502885.5984677911
461886.1106991871
466638.65237575123
443532.9060697401
415953.3411903734
408288.88848554
413363.9510314147
370940.79344850866
374856.4474540703
389125.6781190385
415064.56379108084
454947.76973877073
480199.6854179156
516481.3797014716
526192.8468864721
434872.6041139536
466704.4783321085
483115.88936906285
534902.3824396703
532233.7142016267
524597.1240343787
504167.6650784567
519687.19640652754
547679.6748128507
577117.0687244254
571598.925584424
589835.7173999834
615362.6373725237
565233.8139932682
542298.4045250115
573444.7595486777
598980.8872054598
679395.1902556396
741031.8082295435
717247.4964911654
755026.411800562
791361.5654673375
847691.9438679756
776203.3828116567
781249.3487128591
863531.7702827363
1137388.8
1139549.0843573317
1295555.0950694333
1257040.9603166224
1178437.2773669504
1190077.8008908553
1176219.7541917274
1188555.120134172
1172813.2453038958
1132579.950257377
1053745.7234235134
1122510.7215112215
1089300.8406540991
1214406.011321767
1131022.4216602822
1084441.2712747355
1083340.8765259343
1176610.97886718
1269770.5212778195
1305999.7860965235
1090470.3251164786
1174441.5603841161
1032274.2911032282
1076092.5523125492
1071124.1004952458
1170341.9190238575
1190652.227419146
1081200.8096172262
1045990.5204352281
1174289.3350709502
1199179.5657041823
1167812.6026324916
1009024.0121968294
1025933.814368714
967932.4121281621
966372.7469672206
903369.8879474751
895265.4977732323
1048326.1708094433
954972.0329032241
871896.8152318654
882269.8755403205
835716.6312455361
912204.6049348211
936784.9245544494
1034824.8254783058
1023476.7096854695
1020260.4587016365
968925.9631213315
1069163.5782291351
1013315.7385755536
1043635.1252434921
1063246.0909947366
1140544.998992508
1225934.8609281695
1213929.592611882
1249799.83320574
1254082.7382917218
1195079.0245164272
1079701.2146264547
1091439.0232490909
1075031.1537874423
1079717.0839762175
1048685.5375027487
1014006.6463264673
1123159.2470620212
1122084.543809066
1120043.3023321829
1199812.1096582445
1426055.4872031808
1466983.8844324609
1241768.3908445768
1228640.2154236513
1161421.45435906
1078439.5518071873
933752.09228604
880319.968895457
870518.5977499692
846709.5836698038
841510.9459251072
850206.1472690963
830737.5181277568
891101.1774788818
950042.998810694
1013932.8280287492
1081229.6724244533
1306957.3722732037
1132909.163401151
1235455.9435703258
1224893.2952275148
995800.2436219173
1027419.7117017275
1074002.8364292602
1125655.7719097245
963926.6699662117
879455.692044762
834024.8213597003
817163.957951832
783877.5704820474
781118.0036493808
659235.3291940073
714144.402590679
682344.8051122758
709400.3355605111
733298.6017050612
770163.5565476859
688210.0566549584
697976.8701538276
693309.0247766812
736490.3540721637
748505.2587760864
