1137388.8
1118508.9709626453
1081535.202835177
986103.8249509064
1038064.3623963281
1139816.6656427418
1126872.7734053254
1019529.8224120715
997983.1434381342
968226.1397228639
997235.1244442873
1031703.6803126812
879008.9183339208
933624.0291890415
899286.4378335102
904505.4800545161
957902.900415007
894663.3447316317
864151.228837727
873366.9067164491
830662.1114872885
925574.5214753156
903434.2690770058
981724.8701689179
947862.6785830079
1053004.1887703105
1042646.2022992326
989968.1328479389
1101329.8061579925
1097674.890015451
1043469.710977267
955098.6954245622
1000937.3790558657
1050883.3256100093
1116587.206577505
1016447.8324498691
1075052.7727316336
1061923.172410586
1077721.5878687815
987757.3144596057
873678.1257703757
774454.203548343
707433.5506583062
705119.1348660252
719606.0714480629
737096.7030588113
703637.9031955444
773535.9226526048
770279.8669659301
778535.6330418664
732214.508758161
734932.0851323726
727004.3519838022
701106.142708856
722331.1246537726
769807.3109195291
797758.6559453327
799012.5030099575
858192.1991525256
968925.1171814742
1042245.9129190838
1076734.6779610254
1172190.4235254952
1281530.5158411404
1298301.1400455083
1202166.8781087752
1193454.219556947
1126884.315184135
1116198.9414413436
1054745.086121718
1066731.2912556196
1151630.2980112215
1133136.7452030994
1212363.4373764836
1291087.9201898342
1336297.9339997547
1423791.0466717936
1513982.0448686418
1383330.6181977252
1316323.861716521
1273288.405651938
1184964.7951819815
1002469.493362319
922593.3327570353
843771.0117751725
835211.1506622032
784268.7149461287
724136.4331016872
755700.0750093567
758635.1961380007
724917.0419346786
769373.5293831123
806383.1802324891
840247.6315156261
894077.0080020461
855563.0538587992
900766.9700805376
969517.5813992398
995375.8236596185
1010954.8959218404
1067758.1416716962
1067363.5660148752
1067138.401595627
997025.9374033002
876837.4769321916
884893.8893771177
982156.0889432436
798210.8476461561
783580.3867313698
815308.3957044758
846578.3737627022
1137388.8
1001501.0884560151
905350.5675920688
982621.9654411504
926857.981195965
766383.0857660496
759812.993469719
807203.2337331249
843862.5859388205
784358.8087660526
739795.6491625715
817798.9969996598
750276.4051744536
686736.3864482768
774387.6639144324
779899.0301184175
694478.8805124873
763083.7451957606
771420.8416848237
649135.8325031928
612096.6737719899
634819.7577876489
593260.1291623582
561352.5251893576
580163.6040553958
543856.5822392012
541784.6571683306
562128.8541568135
474703.2885599204
495521.2155799071
496949.24188454263
521293.6552473535
517269.1004431078
556637.1056597584
563630.8036642976
563336.1917440963
591676.9621382842
602985.7499191326
589758.8335376093
652867.1602261557
702351.5372277449
639906.2784152512
673028.5710708378
610794.48281522
637473.4752300541
644703.7209426913
647024.0424877035
600657.7604305438
579835.3302136278
584615.2805371429
588218.9901312167
611396.8245026424
577159.5408460456
557349.4091123042
542715.8042374079
600280.1172613007
617737.9598308655
594619.1467105948
636727.7359319702
697379.0212496909
740362.4379683945
729297.8372640848
771253.618927049
798264.7392074937
821778.6449227313
815424.8538949975
902744.9126651748
872208.2139535119
754907.1984637412
768717.2711580796
701926.549010775
723572.9667243012
667010.5067797946
728211.1648453518
732925.2308351254
743299.4045619634
805946.5502800057
874692.2402311298
886407.4451362715
840265.3610301049
843348.5251253375
966627.5056482765
1025521.0204306194
945059.4738517199
1058092.9526757302
987013.1387218095
1030203.2155690507
1049605.841050591
968346.3592552637
880344.2832337763
816458.016240317
1000570.6409972226
970959.1919980414
885073.3851196727
854035.1484383414
833704.7317669183
811138.2488371102
822559.0227462855
896957.7463075619
864747.5892808129
790069.9742455186
854554.2047429654
761210.0726048368
747564.4968745639
759123.4544997296
762563.3036011807
759833.3121236407
810604.1895814032
722731.5523084232
719852.5050688357
696024.4762366259
