1137388.8
1271124.6663773868
1268371.3659457855
1289672.215179091
1335552.963004366
1364824.1664586652
1229881.5181945222
1359155.9655496858
1210785.6311294257
1244950.8437173103
1217566.7459103009
1209344.5518360666
1172472.5904988341
1134658.165417866
1302205.4726639115
1314745.2866498027
1217835.8766744365
1132198.4643510617
1202254.6517522398
1244024.903733543
1193540.3848680486
1056261.61149163
962147.6434158394
1075255.2666341509
1046082.4885318844
1058655.1092897486
1061260.1331571722
991762.4183967318
873724.0915712081
943690.2894277704
892350.6342175828
823389.3957127506
715791.0113877325
664452.0098514532
632632.0157322803
593991.0126159939
510625.53028686496
546999.540041116
500226.03169498814
469834.47075891506
444567.48620883713
515211.84601946105
598006.6984415655
567023.8751600434
577900.0198168698
607103.895681826
614604.1305999326
560748.5025330577
543801.5180267199
557163.0380528285
575963.9019216085
559343.936222759
508678.201081215
529429.6413075371
600986.8688591396
627208.5619696745
561550.7467958379
584075.7300103046
571179.4755615544
509185.4204846512
443621.51689796726
440998.5003966611
473732.15395418816
453393.5509991199
579782.0818847001
566698.1370524352
525485.608853236
598789.9168721187
607538.5827607748
535956.9274207378
512402.22782397503
480183.2859206494
511074.47099774034
465832.8303489015
533597.2801024708
484744.74991250056
492859.3135086202
461319.9279885043
462378.74857668974
444149.5495515506
429130.20742215024
432993.2520993768
479886.6697621263
473583.4976684891
440438.65570182574
437787.63678126363
459156.8925036243
414674.64274424606
472835.50753464195
465425.2681733498
419985.7202173583
472192.1322886519
480314.33920359414
496045.20205547346
464406.9169871562
477517.7608777535
438363.5556940917
419689.81954231055
405993.97465063696
367377.9809668066
374221.81800414826
362958.0120704069
387251.24211404147
361208.77764203056
373206.4731477982
442869.9464195117
421297.6693015223
419276.6576274759
439974.20062053116
464520.712282766
566389.9362326433
1137388.8
1141553.2787845214
1061298.8943571062
1124679.0526701543
1198302.4087020475
1305144.6946076513
1317374.4447450181
1303770.620249111
1138682.2867821162
1167446.5573377989
1237825.3133860126
1378480.9811351972
1185353.5564716875
1242867.8372446927
1253517.6373598338
1371172.563075802
1454787.4129507237
1305656.644377818
1345407.4132475192
1309310.0553764787
1213394.8553941634
1232250.0050939699
1291898.2570778357
1377403.0672768683
1436084.6795725152
1862397.5859785606
1802680.179794649
1864668.223141704
1957463.0809419637
1993545.0125349413
1963339.6830185773
2060886.9956517846
1977853.8190071643
1773834.635631832
1544401.2107114708
1750052.7332185514
1661126.9397659923
1637718.9262297186
1645306.003061569
1825597.546766813
1776911.6976462842
1833703.7401677428
1914485.4283655128
1968492.310774859
1990776.4535266533
2004375.0034388532
1889643.2992157903
1951459.3263377456
1954961.4719038596
2143682.798813021
2190519.188853095
2283534.450410013
2276998.7159273527
2464082.5798051874
2453161.510043436
2362835.384129133
2219718.1015248187
2208257.9003716228
2082933.0041089926
2322178.6033059964
2310578.2939931653
2335288.67810436
2554542.667047445
2371272.8933481327
2172829.132245076
2204184.0578110344
2274354.6899533714
2026855.699761683
1931290.6839956562
2033069.9075486038
1984267.671857609
2115924.7406556667
2228932.9465951445
2088210.959469219
2161763.267193658
2176278.61651904
2143672.699373869
2028079.4731335372
2119309.3019451527
2266952.9951074556
2421288.0742370607
2947132.414127409
3188303.4128526933
3336464.8475707606
3376085.0434515057
3135654.866730633
2881785.940006272
2851943.3873675843
2618484.8957960997
2631261.578327107
2145789.4424299016
1985661.1105064505
2236337.5491599455
2452307.3739806935
2206083.3860775842
2116464.0187753625
2017113.8606133352
2051773.549224929
1971390.734717885
2120431.8302061353
2380951.3966575535
2408541.1335373404
2475091.8090867517
2529817.9275543033
2123448.46998072
1959800.9984321445
2047295.2393784835
2255918.381201355
2361955.907338329
2674963.280647229
2948629.6522514015
