1137388.8
1121479.6865138826
1083889.9376027056
1260747.5657851284
1221821.4085687348
1161934.1579560651
1052405.4189828355
1094470.4979353743
1216319.6750608005
1156530.2167749468
1006950.4363762625
959149.5278022029
1017628.0989225302
1048510.4009198726
1123273.2334341612
1093327.657733268
1125007.8704299969
995799.794596735
1053126.0926871337
901738.022960125
881271.9673376874
875222.0756485485
868745.535632055
767794.4049631328
726280.9842710012
673808.2693983658
626281.8601601898
709277.3801262766
727783.9098877183
738402.1602299081
685103.1104498683
703269.1643370453
729910.4568709777
775592.6237062783
650546.3935122986
583998.9362257409
584434.9791053872
558858.3561235353
530398.0712774118
484993.08468073147
551026.6290488883
546499.1378426214
489743.59007034544
510127.0864109399
528983.1043063803
476032.12475768366
503526.7179416562
452763.7929929872
524316.8378137291
599264.1399120465
546642.9820269789
491995.46801934193
470192.0079869913
416760.6860313609
426029.8001472157
400761.11333116266
396367.72496799816
395748.6910584062
391735.8721734488
387155.3855313208
390195.93811203644
392106.91383488354
409873.68818095705
396715.8721880248
398528.40967739257
361234.0088754921
321771.02822014963
308388.49293776555
289382.7562377828
272829.1516751004
257358.26355459983
255588.92694628667
270645.0247972719
262184.31377807545
270527.3996712437
281483.8265940414
263984.33578963415
278148.55024307006
279147.4566680026
283687.25416188966
315534.82597492705
339987.6263741536
334073.13374269573
314662.925550138
348288.0280285034
327662.0326323434
357990.53917490557
394733.9202043444
351752.0070249343
327284.2317916785
316291.4670962229
304726.1280115492
299083.4259257862
286619.2803735312
259716.13034896
248370.22683239737
291397.4931219161
277741.08022187895
291375.328874874
285622.587302817
278172.1274706523
289595.3228103282
269885.18519942934
245557.476983067
267124.7909379937
239753.9848093328
240728.63285280208
286061.8243744567
287582.2050928292
260931.05172247384
277890.7416486975
1137388.8
1328593.5686435797
1156889.9767552319
1288378.7702593335
1172809.5620506594
1217487.4764900943
1436633.7604267527
1312205.594319053
1309936.3082178961
1209081.6369585877
1181163.5800943228
1153708.9965264262
1065438.8015649377
1117787.7514525573
1191982.7405302692
1165646.9690044662
1161681.7012760653
1277738.7586630972
1211873.975710525
1110294.2468944085
1122615.4864795238
1047964.633722223
1007741.9430757817
887746.164749248
921624.791133603
1042092.0303833864
1124142.0725241273
1146542.5546796373
1181637.3618353787
1311682.739270558
1414345.8092528875
1459776.4860073798
1569769.1905273
1441923.1157095116
1441598.7115571562
1378457.2272147343
1360153.2371424423
1395380.1423772643
1217154.9640309676
1173254.955286306
1257643.1043760213
1165641.070501782
1190161.8469003555
1068178.0286977137
1025969.1552240631
1024504.4758096436
838956.7993323966
920422.4387211077
943849.1382535156
863141.9639603943
830611.20966853
847210.3410816528
736955.1781862756
624169.5970207403
662983.976444835
638396.3946648118
774155.4443614711
829555.3495423867
780175.90016256
783465.835706216
856387.7054776943
807499.8733936555
819199.9951648902
778358.525447257
740284.1716527411
788830.7260117031
760249.5866749935
760445.3217867768
658649.6570485781
611333.4262333928
584515.8417519731
568106.2944938899
587189.6789949266
613703.7224838852
643230.0157541875
598175.9123570313
698270.2146192311
714711.7972528272
817713.8164789028
830221.8574086475
851231.7396944413
836584.3965797185
713403.0391315307
685675.4435903404
674616.1488886758
626547.4062758118
630262.8377961384
639609.1441491238
709532.5453826677
718641.0301276089
702642.0079191553
803204.053458487
853814.3254705558
834806.0584921595
847658.7292942497
826021.3222905098
856472.9515867982
921665.3531475206
943340.6320788118
921035.9788049936
1043383.2508075066
1239588.9983206259
1311343.5085621092
1271234.4034347003
1240646.0451920894
1301136.632199936
1268940.7896916969
1140446.4901124248
1184283.089573991
1267924.9412161068
1309933.1227507251
