1137388.8
954237.652569869
800488.3686652079
783554.6441749948
846366.390369263
946020.9278971906
897340.8900229655
910389.7245637703
827179.8514106208
789995.4397304665
816203.5427838104
784965.0603642937
769678.7684879226
807819.8361316998
892291.1438572842
954536.3732277
909950.5258520384
922798.2702791351
1051794.9767342722
1007168.2548589617
956461.9496946455
1048098.6697678366
1067790.976737349
1005915.549196874
864430.8596347776
784264.7213909694
769617.4904894057
752736.8001782539
789657.854526258
824519.9426260444
795688.5917420322
912643.7452931606
946186.9746420528
920131.4306629179
872167.528155778
871359.5272962421
906879.5089844045
938063.4551272766
952027.2997855142
958496.4553627021
846427.2908120828
771622.3066805315
777320.4091934062
755338.6163562281
705297.6364815489
725344.444382884
719677.3315117067
707014.2729333086
715805.3867516217
732153.963995383
680311.7792548491
691738.9004708304
765804.5805683238
824656.4605183237
928442.9036945824
887416.5055013968
881263.1309731244
843080.3271495327
759241.7856091664
746547.1729770552
726282.011745361
661845.8128578821
594236.3971821264
617366.9724690064
628913.8075702634
699931.1126286498
729985.4990500453
769318.5521361175
728480.6513401951
748589.203169779
705319.3839033889
775898.090102538
753874.407888422
706217.6940681674
705058.098343392
767779.6688855271
676595.8488491636
696413.0145071644
632966.8653531326
635603.7772474958
608161.6858389684
588394.7938410728
597538.9726480156
572072.7676357337
557652.9911858977
590179.6981272179
616220.0721255004
584206.7372732209
582882.8910537536
610776.6580066219
598918.9691651328
621571.8884818077
644475.1913646713
580947.5630929559
551040.4375457903
595316.7634935989
651803.9317081339
648945.2243645479
671550.7644685404
731616.4331028771
687982.4503340493
636640.594467315
611690.8867636356
556377.9853567074
581962.4789057147
471997.8167010123
495618.3735968063
514984.5016942523
493978.1936832581
467061.8881178571
510948.99276897294
1137388.8
1138150.4269479255
1102441.7024979363
1060895.0071555723
1006464.9666408609
1123437.6818086451
1145851.8507666497
1159685.134772596
1010443.0382919463
1102295.3375973785
1093223.6367264108
1092399.6772632573
1114913.9746831215
1132444.613963208
1114556.9398568587
970329.0708992585
963980.3768406279
982302.1688665726
1077183.444952894
1048482.8458399884
1015311.5954065329
1068477.9962393444
1028021.994687208
1113226.9213560068
1153818.5681591225
999451.1454235672
1105975.4089780739
1011031.8220307692
1166413.9474203927
1175045.2479001067
1113934.4106152826
1030466.930228252
1023800.458963881
1012688.3910916236
1025278.6996420401
1070935.555913882
1106689.2392474571
1135376.5252051807
1032280.9422571869
954515.8612348597
1017208.3921350312
987470.4678313563
924564.6651580175
1059838.1303836845
923446.919726488
919193.5507884901
843934.2712878345
843879.1683799258
683006.7534236197
636116.8733872382
648480.2944250127
646336.9157999269
755501.607701393
687788.6899728404
738222.4676187
801711.4826245026
830459.0617699473
847448.6509981626
811268.2051162451
853432.8832691694
820824.2001408982
726852.7138126667
754745.2587089789
798337.0156527995
777176.9581841285
777903.5989855116
755162.0410709876
726593.0808630494
691434.533973066
707390.9675311147
775097.6248290932
806582.1007377814
802415.6175412516
889918.3231300235
786896.679250373
704494.345746501
761804.2250570172
772921.5056381
787900.3223071547
928137.7009570919
879773.5381579984
1024741.2823940992
1132421.7842591156
1216339.3461414059
1472013.0487773959
1442273.3980404336
1484584.3534878425
1439576.047546085
1398876.8996771523
1536626.61620685
1668074.6583740914
1620908.6189462345
1623349.0011301292
1631103.9044599119
1557411.6127040253
1469173.5064048925
1388479.8994858442
1413513.9037148792
1430627.3930713623
1398798.084260603
1508911.6799786822
1625024.3386931114
1573818.4533336298
1588541.853662588
1591396.1603431073
1655014.535619011
1705228.2867087096
1719366.306828122
1719892.4860657526
1886747.2232959745
1946455.5126475038
