1137388.8
1124249.4844310721
1213421.3758980464
1184537.9879382474
1249686.085962999
1297058.231368954
1228123.5785709585
1351790.8054549077
1281304.2317822634
1425043.536236965
1441171.1188334334
1430764.692418828
1200680.921052138
1117185.8830283957
1037071.0720682578
978271.7404026511
1007835.9149636471
972453.0703270158
950632.4124763368
892261.7815854509
838043.888724872
817381.0346923737
936859.6186934395
947135.6640507259
939780.8434090905
983442.3705076321
959076.0095234584
951394.4162195737
929592.4747640869
916540.0056487311
983516.3364912911
867421.8459413934
874385.8228219283
976054.7134355203
974369.4065538091
1086971.3512637925
1060476.778288339
1065078.0151584814
1162731.5191922018
1081480.6551165315
1238764.2096812043
1128171.547380636
1231991.0841548066
1314481.4241813011
1210416.9306459539
1119923.816233456
1005398.6461244394
1015657.2983343832
1014596.8518542331
1076705.0865595473
1040906.8833675076
1165913.7108003614
1211240.4418680388
1143914.5380258753
1040059.411429397
1046055.89635166
1157275.157414345
1212749.7750871594
1152374.015216669
1139851.2423028413
1218839.1360412473
1178242.2305298264
1127369.1481419553
1080804.9312769724
1116191.300937845
1095335.2304147526
1144875.5760033533
1134068.4164276002
1264640.0556998684
1333640.6341354242
1262698.2700208332
1155410.8091593566
1162797.477349064
1358095.0277154162
1277146.600793309
1332836.4447358842
1323956.4112599927
1307630.9525563705
1292293.4867123547
1384682.3925377848
1420342.1494808719
1569947.526113713
1808620.7657437606
1750365.1017985053
1784988.907119137
1650924.8961797685
1655885.2580072945
1651330.1347468393
1433514.962645415
1214981.1032696404
1190209.088333256
1188197.72422861
1097907.7882685477
1104919.4739886906
1222445.955818381
1340684.8525838694
1202128.6357369304
1253091.1847722419
1323168.408301283
1346932.588923417
1196982.1717536452
1399624.5633373107
1361729.4226952472
1352237.780912448
1108916.9322242795
1186659.621849876
1324552.1511048793
1419262.1094407565
1454822.1466569074
1543178.3898753827
1357938.6816947178
1137388.8
1106719.1933257256
1124294.9033376724
1196811.6253945858
1154491.5372226506
1120134.0002889056
1070251.5600166142
1144990.9181361906
1048543.1140111439
992083.584291635
1025094.100543163
956619.2588941193
1064018.8587820395
1013630.7040154784
1111174.226833954
1106769.1839678234
970820.1590743389
1055398.7854410282
1023357.1049311191
991569.3949566158
1146290.7686028
1105533.6312259845
1001876.7500163966
1113031.4611120406
1066493.588723375
1108203.4353350622
1113522.7254584318
1106102.3577169795
1123915.0667742041
1270419.2100813366
1122870.634642341
1124972.0688130201
1080007.8515827898
1102932.5113091848
1228168.2122838374
1201164.4272257853
1135016.4735975282
1105725.8120479414
1033082.6715569708
988273.8912217976
962336.3189080716
981337.7881598986
1104943.590919954
1224001.8600420353
1278980.812504016
1180155.2513850152
1296924.579225325
1355840.9222114678
1191498.6926342417
1108823.9281577126
1040278.5405684457
1030747.1300915624
1093215.8496751157
1128302.0420516778
1213822.7310486205
1321095.114057076
1217642.7880933445
1071715.6882110338
1125913.009742735
928073.5731675555
947266.568498221
918816.041036544
871112.6762995162
814311.0011731465
925320.7032376082
915569.0869956323
826406.3006291282
998222.0797379068
1040295.2055639785
972654.2962495311
924810.5676127409
880648.6057804916
918567.9712974785
1012487.9078707757
949764.4407796178
929981.3106863891
924680.5539342436
1062596.973669979
1097853.035289732
1151972.9362680733
1127196.4298863793
1140613.7891712915
1256944.2316826025
1184271.924917296
1314463.1792709231
1345071.290337703
1379528.5836052448
1400909.781323637
1425185.7342069515
1300008.1318828797
1318066.0642108866
1232788.639697917
1160690.1458798903
1039722.0802598319
1003933.4936994911
1078141.804726999
975001.0734318406
962882.9425545359
1034511.4887089395
969313.8246325151
1016734.5302709417
1057143.3911022577
1041383.5488091072
1054676.1919280093
1116089.8476484101
1162089.5964932055
1192843.4648407486
1319785.6576484719
1506445.1490411642
1513936.0855987023
1525649.8597728321
