1137388.8
1121203.3011426507
1107134.4444142892
1100370.950307442
1121202.9667581064
1105528.7851645374
1136595.3110245815
1487481.6326572578
1394295.6220980473
1486292.1998844407
1412082.2802741625
1306159.188208972
1474870.8774638602
1654226.338684385
1651620.1882585483
1543008.7872662297
1466175.5709691253
1491647.8373784136
1496131.1780745133
1668792.803004295
1685390.4131862456
1940069.4112703423
1797358.2469401641
1694434.764210384
1651829.9391628478
1455178.9214945543
1705582.6830227897
1627060.525854717
1843040.0463097473
1845685.4137441139
1744528.662864818
1962315.4241838886
1962815.9307230248
1739342.2623520193
1758539.2701423357
1711633.0053254303
1696271.978062086
1731285.6156165039
1726200.8305288807
1871795.1226918697
1962050.1074298734
1740080.1728324732
1506817.6988158836
1429869.3671485065
1195965.9635626
1273047.0283101916
1290708.2262927783
1232002.8871401409
1139250.2746424438
1170318.9036844024
1174133.0832987349
1129671.8773901397
1089770.1854225665
1153476.490348755
1198797.5641366635
1157854.8285615442
1361333.312940397
1353162.9640742845
1413731.8822876127
1254115.3947373219
1448222.311736508
1369279.922011563
1603089.9214068444
1659084.6988664207
1599411.7386635044
1535384.7277181083
1652024.3922009554
1828879.063976895
1942025.4667112352
1782307.5895988876
1937353.2962207329
1947067.761894147
1840225.652374738
2033752.8547850354
2220293.7119446346
2212333.516546761
2192927.809738532
2117382.556501288
2294538.6972199096
2418525.973678343
2471298.960159136
2561411.766634678
2384962.274641117
2424074.707420219
2397903.2318396736
2783792.7309440956
2873843.6095655635
3044121.543978297
3071613.6721581616
3200564.748644956
3274688.564726734
3453979.561529463
3407146.8226879346
3448926.006313534
3323335.609810583
3188154.6406678413
3244327.7035696507
3171900.854239209
2892772.8595809955
3074075.7334838253
3339682.520769273
3391569.17025318
3082737.3827043143
3007444.055424447
3365485.937768236
3584804.053583367
3528746.067826589
3688648.516936567
3789077.4687463287
4212404.621244688
4524625.638021431
1137388.8
1237000.0538447401
1106325.8671175973
1070549.5806895932
1092388.5676077264
1099615.8553247228
1058918.3460333056
972728.8780963315
947960.3263143288
926284.7406041938
899417.7015981897
932399.4567092727
999662.5401438737
819990.6386256873
827076.8375451488
860087.4645706968
920694.7323581919
915332.6531604157
920985.379146515
932062.3512406992
995105.4833133728
1102668.6841851752
1239296.8370977156
1304883.6575716266
1456545.37349474
1485419.8829458873
1445007.5066406557
1390710.199833835
1359521.614316393
1499137.01107978
1622744.1587767208
1403784.6860804914
1480839.7200269208
1304551.1360849245
1237938.337104826
1299473.0269339092
1267622.7875237358
1260213.6687208829
1378940.5796360848
1458960.28002428
1444081.0658164825
1383859.5494799172
1294519.0179571058
1156881.5324714568
1206611.6481173048
1091061.134426356
1052413.3965947747
1057819.594885742
1321882.1791213942
1333842.4768455683
1260573.9097964414
1209869.1498505464
1173136.723552417
1021089.2516273789
1044870.9267561295
1116512.162477358
1082541.4505418986
1122204.896008332
1096056.0887168546
1080475.2566051935
1006856.4414842257
1037530.1220995245
1035165.7206468638
1011059.2938130053
969992.6880161992
945753.3544413091
956800.3336461615
905557.2824566643
816986.2349470743
775464.3816111368
900873.0415434024
961069.8700970444
1076484.288923286
1109287.3395841853
1053669.2467190742
1077969.6539899358
1036772.8016580394
946342.6219266509
908000.1648585268
978975.9503353499
1034288.1375943057
1075563.2424968316
1162953.8927896183
1241687.6030058356
1188504.7989092052
1186096.9043190067
1110840.4067320686
1218822.180973029
1154533.0017593869
1195297.9455171656
1338402.9777422522
1360960.194414297
1318801.119589034
1259764.4295057673
1227977.12743581
1192942.5548817758
1230432.6654036934
1238552.749661498
1253497.7810342966
1203458.8513506395
1079032.3794469396
1030286.2239349977
1016669.2323070556
943059.0739926783
942007.67354554
985401.0296117257
865735.1296474765
849419.7223863868
850660.5810149012
863743.4974238474
1097307.7992804148
