1137388.8
1033841.3390277189
961170.254165039
938008.9053375146
985688.9656772307
1034034.012959336
1033915.1200107269
1013538.8576180591
899955.0305321075
960094.6030171319
890850.8756554157
951905.696936997
865742.5958763047
960534.7466707537
982668.5679753674
979142.637323348
959426.5225538965
1009814.3176750008
1057409.9209330592
1060022.5998324477
1084800.941251142
1056262.2098462137
967168.4986645931
931755.3624886681
999312.5907550043
924153.0518957066
950030.870981442
978777.646244822
1113863.975036234
1181650.7251997616
1164869.2546045245
1234936.7567485184
1201817.6609294182
1236191.5130208128
1181574.5550978568
1169623.821998309
1079519.491497885
1132841.1044892545
1245400.827089402
1167381.5139343585
1211216.6332430225
1125180.7292481791
1062912.5882456335
1107713.0563562468
1160480.5261970353
1228705.212105369
1247397.711608855
1175080.9283437997
1217194.9835218282
1257742.2923796622
1277276.2924966635
1386539.2724315973
1319387.0305748961
1452138.6008155888
1284520.3567428577
1397703.322512852
1304517.1124422492
1288038.304752656
1323054.4616853395
1287030.7924185896
1109547.5842558886
1048876.0417416105
1082309.5447041024
1035580.5736611397
1133809.8729054201
1078587.9257109556
1143084.1282857098
1333132.1428341812
1379082.3358036985
1223916.685551866
1246503.1184377025
1197253.6922093763
1168046.5465823764
1043274.6659704704
1102114.708220718
1278338.7365860774
1159561.7411619348
1215254.4874323765
1241723.1668442048
1229804.597664547
1084836.1208322442
980051.54992514
1140987.9880641284
1218989.0873151876
1229297.0523596306
1491076.4922313949
1388688.8520656717
1383364.1975453885
1206173.9372073903
1118735.930527328
1181312.1609180383
1174131.625391577
1117446.209599997
1142462.5536126911
1036953.9507186022
1095960.2236287475
1148708.8739479673
1063127.7864048677
1059408.0764297182
1097861.3735933686
988400.5620649568
1064889.0967700284
1086636.5835003124
1016382.4007843985
1141632.0123062795
1216233.5833379324
1328090.9707231761
1217109.0151777633
1136736.1983892657
1300843.2144464392
1391987.4844937515
1137388.8
1144890.4576089461
1065942.7164209452
976870.4598969818
990311.1573084302
1059692.270065044
1090535.6358206493
1243791.3579968086
1186705.7569781006
1028621.3300467299
1030456.1529039422
1212654.6543521367
1233463.3923365653
1325933.6810713855
1337741.3852182962
1318555.7630654045
1337323.7036370635
1405939.7671522363
1263110.2038530249
1192977.282195467
1221803.3907454975
1176061.0984905642
1162757.483266555
1122575.672453298
1025078.8262065906
1030522.1326187123
1193873.48337446
1144680.9637873326
1259418.3646585948
1171663.7605875544
1279584.3016687017
1135593.7201537502
1059230.4558766908
1033505.6387266213
1044149.0176668384
1145036.449775297
1038025.3308870132
1078921.569729944
1120807.4306426302
1131030.3494776308
1192007.2576153537
1231186.7901269218
1068091.9040226978
1044738.9806506725
1026095.5960964077
999516.8159828862
913077.313980428
866422.0878665978
906882.9214504361
895029.7030163443
917162.9604875549
913813.0785650435
896643.8419415636
898615.8598216766
952112.1910196661
1038574.7992144594
953116.8005971534
849676.2637634992
880661.0497951987
848774.4543253251
906023.3857812814
890656.9839935981
900608.1151386073
963384.9176308011
1065721.022130473
1125636.88744757
1219767.0088160674
1216316.8105135895
1234685.4250917693
1321530.3160587184
1229638.6036019009
1175606.3002956319
1065255.2725560123
1097790.9767382569
1049248.0589378828
1181556.6408124077
1158006.9351184242
1026654.4123170144
936714.3204990902
842658.4728584584
958889.8717343314
1105853.6729438887
1118299.4823419154
1137142.6256331457
1115236.5511476907
1100047.650818981
1063582.158050385
1111532.416713984
1181850.8850158006
1143111.2342818587
1041935.3836280886
1132224.7153412476
1105775.4049890258
1128515.1537631135
1207776.5604687978
1284615.5068870324
1185819.292888123
1045384.5597094567
1005076.9081462874
932710.5912055824
992060.3370898493
1084181.667301626
1085765.0783546355
915526.9779815623
929956.5283219848
855493.7720173633
814430.1219969766
854345.1544504984
798993.6925564627
774571.0025915831
817462.1137238834
