1137388.8
1142943.5463145238
1405246.523608646
1315734.9465378153
1402128.7145871043
1399615.550652335
1357555.8965816696
1476672.7476611857
1515436.0452061193
1430228.8091433558
1311321.6934475251
1205564.2325291878
1222535.8715270252
1441188.5823161989
1462072.3061364521
1300895.3554712825
1295688.7917007077
1296152.1141548879
1137287.7843981187
1045928.667616341
1040417.7422380128
1168091.1530013296
1242173.9900511056
1333943.5528730664
1455531.5136372186
1588032.7991326218
1670829.695842796
1637371.8413614666
1434724.6430283994
1685545.8079798715
1768178.394591705
1805152.607534666
1834662.543207017
2049595.66225045
2232161.5442449073
2265949.463218833
2262990.933587614
2537303.396229352
2654119.2548897653
2421038.9544683113
2643137.0776489275
2710555.715664397
2986485.558877884
2692565.5931612044
2766421.4973085457
2572091.949480085
3028702.6877227738
2861195.756307857
2456247.1637142203
2296705.5829796307
1963270.9823143417
1984060.9053655607
2139701.242663573
2165873.638670871
2457668.3806985635
2787545.458123704
2858298.9410778354
2613835.7729219114
2894357.82047252
2910283.036980485
2677663.335675324
2576378.981668321
2533780.624169288
2625451.2923029936
2691234.1491949735
2773740.0355102113
3021530.4309591567
2889480.79158856
2467031.756701342
2099490.8488967065
2173624.269696575
2286617.1761296536
2328293.3677045833
2409695.048622022
2324069.215531635
2733313.104014859
2805153.2688347613
3025552.189225257
3083678.646694125
2770256.912102454
2939142.692654868
2757637.8360323594
2750207.048144621
2807578.5499195606
2902623.415818125
2679139.416425515
2629914.2195474305
2366637.0781943756
2362900.605584632
2199787.0620904746
2019524.4217498412
1973307.3022396588
1978573.0649580017
1798666.4186490397
1864412.7991654256
1746600.3010606575
1711430.261467788
1624706.4473668782
1617138.7156272721
1704608.4364195785
1597634.5814371945
1626201.1642810048
1605649.4190209561
1537051.1204365923
1502700.721886904
1513341.1563342726
1338799.678510644
1301709.2603318186
1110793.868002203
1103932.5388294533
1090128.4353211438
1137388.8
1018860.1168895477
1050270.561737943
1109075.495645309
1096285.4766237393
1063786.5170422746
1213627.2225628917
1311802.1118630997
1216439.6324869732
1341043.195435343
1398722.9870025765
1404175.5459275742
1393130.9543767315
1195631.7111264314
1230729.9701593781
1171480.161475202
1187185.1797261192
1214935.9558705112
1077337.3182036094
1149105.5909074678
1207104.903804929
1118937.629036903
1070611.8736958634
1153531.747130556
1000668.9925667843
1025614.844802733
1059964.7425697115
1015916.690412852
1037252.8734174557
919387.0878047327
786615.0263218221
799824.2779890347
730252.7809315098
716654.6253968225
686058.5348804492
729814.2711149196
760525.9198518797
834460.9587396053
896886.145571783
757494.1191318908
702144.8660741197
636057.4764520613
577082.8512423097
570089.2775486952
520313.01625770633
519347.6886758121
549776.7644150503
523287.8216804336
547933.9312793044
529843.6247433166
549204.5789375794
501432.4702050488
493048.02044223674
494199.547145981
434487.12700101984
411555.1711702525
405776.63391323696
370147.82015871507
361144.20921075845
388889.3065332458
392576.8234161573
390080.15248796804
365082.6841951447
406136.46057037916
380147.27954982634
373935.90073036443
351330.741542669
317601.32485338126
281494.067916804
264307.6188437018
279745.258543361
314314.13272180455
315116.27581973356
326391.8525873983
379091.71208431956
371841.0916954239
390617.9814684493
403437.1467967262
425553.35216220754
467245.4477324295
457768.9032199205
419338.71174140245
433930.16542125575
447630.58956273476
440967.1503390852
508593.2016229048
475803.72379520466
480948.0691718311
454596.32410133944
412120.4116987634
401226.41132968257
412856.56303264515
393890.6894953495
391936.5401584546
393234.5072207697
371065.97396787116
379517.5541138035
351073.94242634624
345198.17071472754
338816.0383332731
344768.9886819808
323757.55301539705
302817.7492962424
300130.6546004255
335168.2124006467
332137.22082601936
327917.58149858314
364934.2803592557
348288.97754654795
376706.11582302937
414099.08028903813
