1137388.8
1124739.8045138377
1209250.6597034663
1279824.959714
1348320.9564635272
1260631.2899462818
1221390.4406917614
1190123.9430123759
1257033.3155370094
1160421.4977978827
1312954.6137612571
1241865.5722503604
1259428.8299963311
1251643.680673808
1335859.3782409984
1299913.8558129936
1244713.1869593086
1302085.4101602389
1208969.2738660248
1151545.4107267188
1191122.284359264
1058806.1889685295
1078277.9971201583
1187760.0160884948
1258050.8779124727
1176986.9348370095
1070113.2868999583
1055416.3871158978
1097552.7557683918
1208978.25831342
1188983.553428671
1246346.7400659353
1187389.8185579074
1212692.4902138044
1157224.4429039953
1087158.6012129183
1074910.1242711449
975982.0923835315
924509.7593622014
931593.0599473501
904832.8612630308
963010.0128841883
1092026.4296149227
921393.3195627119
920527.4101789013
903813.8405762839
958322.8457667894
846264.5241820357
854082.2544493359
1000589.3182196831
1041880.195544687
1180470.9834818884
1185855.335367612
1118153.9021344618
1167441.6252849814
1107658.939332882
1184224.483464728
1187082.6355279798
1304282.339956988
1230050.8475331797
1301487.6683700439
1184544.3027996235
1201698.3460641564
1240676.8586629825
1205743.2695378507
1189837.8565793573
1225295.220370305
1200883.8376181473
1165936.5556114055
1262305.2562178385
1188999.109922215
1189421.733566145
1350642.8380753386
1314416.8343920049
1330451.4386194828
1487611.5420118698
1562307.9733047115
1446260.8880836612
1317902.5397130628
1434427.7011302898
1270180.1361141377
1529348.075360624
1451422.9904158392
1359184.5852063554
1322765.68143307
1431211.4040364148
1427541.5027395785
1580795.91731959
1576481.4663062452
1470553.663338174
1460464.6839740062
1496337.7879848718
1360786.161225338
1287569.3652753225
1218789.0230521958
1204484.951832008
1243900.6277566445
1394437.4674939662
1239358.9117697706
1222531.7222103446
1236370.4422782056
1040412.509054739
1002823.7341104241
923217.8622742863
862321.1433254641
742366.2878117398
791389.5837131187
812488.0575184862
708936.413167323
739273.4845176778
743984.6853200633
1137388.8
1257691.209630195
1288731.8261002172
1195183.0875448456
1173131.8817512395
1118905.9424468447
1148609.2544397013
1129560.575449114
1149808.3037337922
1122781.3400050332
992476.3023177445
934535.81683939
910617.3760292861
965631.4509874963
933337.0189116716
984010.3148180903
1067760.7158667408
1073913.465590681
1092078.4833294738
1148945.6395327048
1109737.256548247
1220752.4278426515
1154979.3609456434
1038259.5983417296
1087754.0455275285
1093028.2432923955
1234001.1283111754
1206555.4222018453
1189848.2237323797
1173039.9054161904
1133384.1062834086
1186721.6432048788
1233500.9638001295
1100501.5701321377
1051704.670762872
1012806.5190139555
1043377.5090232039
1014376.2591194541
943804.837354817
945578.8179885657
923041.0434075518
891733.2229308371
751852.8430525002
687897.0938633381
693435.1820611429
697447.4233488081
634822.0085508105
549396.0774337349
576681.4189254314
539718.8282826835
568638.483841154
525467.298309619
527826.8593688607
529698.6797448099
545933.1601284898
506247.0576187808
475177.3538086489
511318.18025771255
544078.4080836622
552757.8704716057
587462.2554004882
574947.3621867954
638363.3269492531
569363.5102851258
509531.6482537926
508201.5721382323
478418.26266001945
439682.901688063
502462.73925078794
527485.7250773151
571916.2690998926
475663.1671592155
457126.61913542723
504429.78742339497
502809.419948294
479045.4611684596
488634.0107199538
509035.84778064664
553282.6945598691
510010.33694464737
418926.96308410197
451033.15392852575
436011.6593756512
474356.0515872168
475112.0315747448
475977.75181490195
518502.6844878677
555725.9503331839
613107.6767259248
503958.48354972905
584599.4051714354
611410.3069722147
572607.5400484274
572115.2780229095
550479.0434274402
530500.8952567388
592150.0606556094
568420.7575538439
551208.5212731988
565143.104640293
570401.4383095825
561935.7751077671
605914.8415613783
644949.6985336058
596854.8404357625
588726.6343816469
604499.4950663388
629222.2862573111
636284.7008541703
678220.9934308236
684236.3075176269
