1137388.8
1111330.5302882835
1172152.3065176522
1081895.292601357
1043052.5864481614
1000143.9271175455
1043637.2652275738
1094856.7627424686
1073441.1186485419
1075631.4623108879
1257812.0357917994
1129756.4676821444
1273939.4903707567
1301441.689355845
1195295.451681053
1161400.7269939312
1112353.1228404443
1036885.3422907131
1115868.8677058176
1063603.3596452011
1029852.5349089258
953113.1160184935
935402.9577961996
921018.108602704
953046.0152673229
1068726.5170001679
1172344.1298684198
1160246.902813049
1156936.137219117
1080587.4549184819
987076.6892922142
957602.6418459194
953245.9789055205
914077.6666949553
1044528.7083322412
1031214.2412021105
994506.182583559
1046951.0896993994
1026541.4688762287
1231205.242907119
1116793.4790445257
1074832.0661911366
987993.6824199692
993954.5206979767
950442.957805378
1036750.0168507188
1052908.4888371252
1053628.4011930688
1040841.262014079
1127268.944265025
1074191.4110351796
1069111.7844700648
1186720.6046936382
1128459.2535103767
1162623.4476165813
1139512.3824818672
1214345.473163447
1154522.7129919152
1080140.0764918136
1183913.7509364444
1249409.6619859263
1269320.6182728459
1141576.2298144829
1265093.7865810776
1358211.4409265073
1459913.4164575448
1362171.2231178435
1458449.480901789
1597909.9913942702
1675340.0460791816
1799558.8476542602
1838708.6749115374
1621113.4607034463
1569879.3580472153
1964345.336290852
1929871.6605038922
2017707.8089082986
2007122.72558424
1900379.7756130076
2000298.2161258007
2046441.436432185
1774267.0430242443
1942515.9668155238
1835377.306653439
2040698.1249239394
1937833.8351116737
1857908.8432192542
1806148.627918973
1689974.4383801585
1686119.5190544592
1925188.5725802702
1981541.3655341915
2205198.407951014
2458530.379494903
2473686.3479399285
2365860.8981395937
2284697.1479898156
2262169.1170099494
2408740.407409215
3079913.5722325384
2841009.7147776764
3208343.2149349917
3551011.4312898326
3494670.9851366095
3332556.630237762
3420012.019528352
3273098.9798417483
3190547.207217514
3195446.524221814
3056219.8875961015
3090023.8614431284
1137388.8
1101808.6257662694
1006903.7749980027
1040915.385011689
1011951.2046543668
1166450.766708461
1120539.3439810462
1162030.5008807129
1107799.3033888694
1165057.1640588697
1278770.1733482291
1246839.8371677417
1246491.4022638565
1209243.1335887953
1225306.2887092584
1178278.0502932821
1166419.5357253903
1158571.522355612
1199004.6075066368
1039957.3762795096
1045385.8511248771
1065224.9150761303
974966.1483583505
980307.0725506821
1026694.2360911216
1105461.312409543
1219029.9177046195
1260186.6411623245
1283046.7341793273
1326432.916207703
1311400.2372831767
1282939.9295748344
1234728.7810064014
1306867.2555274847
1273760.9772824657
1341280.7689567877
1371021.7484639084
1299610.8448862457
1212250.2941740109
1099209.21264318
1141086.7147879968
900935.263187682
860406.9529665677
762275.255392392
813246.2877748637
699361.3054011881
684543.9215670273
723641.7728115453
685338.559125827
690478.7703745436
806337.1942728068
822513.4474427357
796983.5164202275
790714.2887962807
897644.2823697657
933010.2021448598
961470.3009797466
939164.0533816632
1040796.1863488178
1066615.8438942393
1214321.592028488
1366986.5115980015
1364630.7709160293
1177026.0040217808
1187041.6601046578
1097759.458545052
1131326.825386181
1017677.3699764387
1039991.6156113398
1083892.7081450669
1233118.5129724252
1132892.204389906
1108934.4931694062
1038073.918615817
1037949.9187037688
922300.7395712918
1046801.3505644777
1066952.9340163276
1169031.9973408484
1144115.9892367693
1160260.0853230313
1049655.4483779552
1156522.6025109042
1117357.928211018
1036924.7423715359
924079.2400546973
912441.13584622
910157.3077352126
890094.8922632519
917438.0128799257
936186.1045486872
967399.7459276483
899784.6985341635
927915.3970486369
772701.0220746791
806401.4452236138
928610.6690764065
979698.4567203342
851092.0411370385
850216.2181933401
880396.503670573
930906.3063040836
997754.1678225828
963131.0306733594
1095808.0727256206
1106378.062287348
1188819.3706575136
1110695.3258906119
1246323.9789461663
1320126.838082474
1307292.9763165552
