1137388.8
1128305.1716829205
1187876.7041677348
1251104.8786616537
1186506.0269654405
1270532.058190624
1143792.7753638306
1143495.1677659496
1127424.9794485222
1100424.7614770457
994482.2725872608
1096962.9297880228
1122857.825560729
1237684.9368482202
1209986.727456904
1242680.3624954917
1200372.6472027863
1379586.8729232328
1558087.607385898
1581461.0079945663
1630606.8987865814
1855559.6593102508
1765394.4244124934
1732710.6726168795
1638842.2536421344
1641021.2368610124
1558624.6114945826
1519412.523545879
1573584.1765420416
1623520.226021235
1584424.45658179
1611024.8327093031
1485623.2286435375
1488596.696749197
1747051.9920776058
1725700.3047995279
1583360.3337940294
1550528.9612427708
1460106.8051671737
1382334.476465424
1516493.6081307656
1266381.2046533881
1265413.9227823443
1369105.8253566092
1290960.9727479103
1369925.3457436552
1469237.7068315549
1378637.0254876632
1191537.3494815356
1325227.6285656295
1354912.302046704
1264611.748432844
1341753.9970990296
1345800.4128136693
1469526.3219354816
1507705.4328602161
1767333.9403718726
1994986.9658694041
1979552.6666040074
1974505.033586464
2042959.7272676863
2091495.381115483
1890346.982799683
1723671.228628036
1696612.7250776975
1504956.5605496967
1481111.5061118656
1691959.867910404
1689848.170523162
1546935.9243542177
1725089.0112107128
1673124.1999587042
1694656.7435362113
1532382.254392386
1469929.6176060182
1361012.287027512
1530146.6050107623
1725259.7446583577
1716992.3002223093
1685204.9670457381
1577804.6735517886
1704966.7436785365
1821579.0742401048
1681797.1644886907
1892790.0177511154
2054288.9151645927
1937219.7866155496
1791734.2760682893
1724714.060419564
1780607.9785063814
1856964.4859107276
1915150.821895067
1794903.2981966517
1949927.740291349
1824946.8699477112
1826124.758266295
1788062.170792594
1752017.2415503701
1676960.9526890095
1671767.1766815863
1553059.5002707231
1738795.5759689051
1805407.5206290986
1760326.751478565
1580391.0876863888
1387766.9116454409
1497734.5085139584
1446863.5641102442
1249020.730998901
1132794.418024364
1145655.4553164064
1137388.8
1176451.347207925
1359278.1254676878
1336630.7620225726
1311955.0928306305
1404548.8670579244
1450950.3191799482
1531704.3741938137
1447113.5548079202
1366677.803548702
1489632.0227745983
1477625.060396166
1404509.2534420022
1227701.2690283996
1224771.7681142858
1218737.203270505
1123481.256946511
1208839.8202630978
1231067.7395914423
1385308.4868807474
1460236.470264216
1472145.9134189861
1330978.45130911
1483490.298558441
1671966.144872527
1562040.3115465397
1643167.0762963754
1426079.7235061717
1223356.719593773
1006029.8512247321
1051497.5441303803
1107031.303917483
1100308.1327494814
1182705.7066628344
1147089.25156734
1129841.878881406
1093985.5792313023
1140094.9447257642
1173562.1447836256
1187144.3363797322
1157710.8463925605
1139421.6407788142
1304712.9393049867
1175272.9240604592
1088133.1620934142
1037575.8554133123
1141101.3429598112
1090073.115785038
1006233.9503724825
1093328.569193698
1181439.2421339015
1274137.5167977668
1336471.631399117
1518354.5300270133
1685196.0253716193
1536155.9980887517
1605328.3510156064
1655985.5759009367
1884230.9071475673
1810180.486771044
1722729.3437184463
1712013.5074985987
1826107.2330597583
1858312.4537032784
1863397.1268590204
1819386.7343507952
1710394.2800062152
1617221.4463754634
1437673.9244423516
1394540.025814922
1528553.413392042
1590621.9192656355
1581464.1009391535
1477239.0508530578
1601672.2162606064
1510613.5469109043
1525506.6463493565
1474626.1286581098
1490126.3253285293
1531155.8509179333
1382090.326809481
1438432.8485143594
1519362.4264488206
1437831.6191094962
1339543.7195687967
1509887.7149696595
1645127.6817543725
1743847.6969735522
1459570.747911388
1469212.8600623538
1458180.8301659438
1543016.9334349104
1478343.1418140433
1482757.674487751
1313908.9733296968
1459116.0142510151
1455540.9874706853
1555070.2694804368
1502599.1624393496
1363900.5392202453
1406645.7604620983
1346913.7719355356
1309991.6038070049
1359120.5088640808
1430688.8405902677
1209846.792148659
1244590.8523009317
1211189.1681361394
1421408.9713112847
1269892.8242711155
1326867.815708529
