1137388.8
1102026.592492889
1151119.441160326
991836.9466960249
1012592.1571494122
884824.3527501951
875794.1250973382
968025.5657497231
1017254.5519697147
904143.0412687272
1001581.8560713143
1024629.0240240964
989892.7176912341
890941.3406466045
855493.4741105937
802825.0128864663
763977.257234012
652617.1532115699
625729.4698291583
660577.5574443138
601359.1559770278
594210.197761953
598486.8990283071
598729.6606555706
585580.6860090579
548388.1986783453
453545.7944506799
469235.9816262949
438466.6495796613
406757.40575783676
401388.618631368
395160.66722733737
417517.6267001568
473613.58014467766
459316.1874358739
495214.44109852775
483402.43803964916
518195.51683920156
562699.2020720069
544442.5748679894
552778.4012179284
635998.8988509633
630024.0495865125
703053.0366169811
719590.7648136498
665436.9839982098
693791.4400690696
683088.7354874203
614276.5894070398
574847.8675597411
612726.485563443
574363.9057689505
522731.24309414864
541644.9543800891
590551.7019918603
598055.1821325755
586699.9476685207
682907.5844066043
676167.4341178226
636076.1287317538
650715.7590127507
580152.9050150854
555120.5314462442
557947.4741632357
493210.42663044913
486379.34327437304
504793.9341170453
458527.3398206791
419773.06263288966
413588.0538609059
405853.5701484326
407338.3840986606
429123.2762618637
447201.2259307339
495354.91528015456
497868.3043573571
526419.4482807381
447159.4680852269
448002.23161951225
466340.8367200488
437061.15770695393
442468.6884022757
404705.8206834143
404382.3219193329
407481.32921318535
441776.5845889828
438406.5759327863
435650.10832891945
456936.03891480213
464372.56054825627
520895.3120421453
497039.2927198689
472169.55067930545
466618.51010219764
503010.53007784724
466698.8454639587
447058.6114686024
460170.8156880002
519851.964732941
530664.4727633675
549059.492308997
606023.2463926006
630773.4172267588
664130.2478503902
596428.8255789621
566208.4269345672
612118.4640442554
612369.6274334092
567662.5812968395
494113.66285986674
495287.51955735777
1137388.8
1198808.2651542998
1214618.5421242232
1343671.075560284
1308605.348492661
1395495.4905474214
1392487.315837067
1263101.6373242505
1202098.1924928734
1327883.8056997114
1282619.4076765806
1317566.6557155177
1298467.361584617
1362136.3943963717
1110091.7231199252
1141176.9358817358
1180481.5137162234
1191365.0189748723
1126729.457731341
940826.9459765813
917925.8566006763
851792.4159408129
958871.2712981235
815959.6111657958
813178.5748622768
713618.1724183941
752406.7449827818
769254.7021466863
679346.4673098151
745285.8671094021
819580.3272603584
872160.0235534674
871361.4137288751
816222.9077891137
832326.2792526394
766323.591011261
741595.9935561742
676863.5489586495
721712.0018601976
721910.8444462161
780713.8407373141
755780.9468922642
806177.8256335342
866179.2905710576
794194.3092205188
898369.2219111641
773302.5778305989
641001.772315993
620792.9933611711
628544.7457458138
657834.7023539352
689074.6593888309
642060.5062544176
547071.4458704947
483986.9397632536
433512.95919336437
427952.50928595674
429144.77040858305
442188.3832045359
457176.1922170154
470091.61085135106
440732.7892605548
490448.96359983255
451056.59308138036
418498.79109963274
445407.5564561162
435192.77988290857
438527.7690899418
439757.2579892613
460537.8291538726
432021.8019025864
417067.27110058273
384917.0147318271
411630.8619888436
380396.1525438575
406602.4979599819
360434.625876998
377938.8256843946
339686.2810108422
345357.43938760035
380342.50771202624
359566.7892854049
357149.9753646791
335299.5332023086
296536.95355232595
300462.7327544108
299108.67595273105
285409.01246812474
252475.26203218623
257453.98956471635
218841.94166645064
201802.415037595
182299.89680907418
165521.06563157885
165924.26240641586
167710.34006887043
166427.88214435865
163119.8170183021
150581.18693973328
167605.4906824898
152321.77195765107
146783.47292764808
145091.464936725
156518.2717342186
160818.3700455834
166812.78574531103
200678.5106899817
194108.63732184155
193006.09959718084
177811.5173818007
171433.3436650445
