1137388.8
1083842.8773435233
1188014.3041831825
1281762.2239138803
1319879.32343814
1271609.4557201448
1350953.5885560245
1441840.9037971057
1399254.5873097582
1344673.908874744
1262283.893654785
1527835.6400222955
1717941.880911076
1639284.0633972145
1389283.4061842498
1316197.8587595175
1427392.3085377796
1412694.4380549912
1334290.0221113423
1257371.4382939977
1249125.9923197643
1256643.4753492947
1377964.311969467
1336165.371887847
1275609.3711629752
1198527.986279184
1119091.1158449277
1083065.4640570222
1105247.8173276877
1117831.3603058008
1097996.7090779806
1055813.8267248445
986330.3781015807
1050520.1549282384
1065043.97704299
1099283.407046796
1128941.3888628534
1222965.788469743
1314413.886194228
1403204.2360612475
1464234.0959385335
1297451.684332073
1278147.4907589715
1314906.3025917232
1365073.5419330753
1295714.8409280095
1291707.4521367217
1309029.2449754926
1273859.6134118268
1203122.5253582238
1341836.7464865323
1438433.7904738183
1446034.6059558697
1474474.0037161694
1648301.839108759
1642947.4444718205
1490846.0264522005
1537615.034127363
1480370.3299466795
1494787.857853952
1477794.460792362
1419996.3187000668
1507044.4955314407
1370608.7109460603
1260008.2551574293
1373203.9916358655
1488304.9113985652
1414008.7027116073
1539132.939617766
1589137.2773116452
1675641.8960220178
1684259.855262023
1501847.628508644
1610664.3191956687
1646101.9225156538
1578481.971438146
1352272.8397781372
1426098.1911724494
1513739.7035764554
1483529.3431290234
1445305.4294629428
1335734.0883470392
1405338.8428011108
1575987.212447266
1758131.5793688488
1813514.9187642143
1848344.2766058012
1791812.0967597112
1699533.0460753392
1633645.0436078005
1650047.3581305966
1704240.6793667048
1599968.5472777882
1545857.7466374391
1430387.440706804
1324061.9768922299
1413109.4706271214
1555860.6381848399
1477620.191900502
1901400.470822752
2159935.853949457
2167995.581899635
2192073.374350924
2435119.5172438333
2275329.456840477
2438852.9166912716
2321700.6192221832
2320813.589554882
2508639.404077809
2254731.9759942144
1929397.6219164042
1137388.8
1178107.4263915706
1211494.4403964246
1161789.312881502
1141448.8020852678
1160301.8279662158
1120468.8455470495
1082319.767032992
1043792.1229144704
952373.637315521
1048291.6080456517
1143922.7411543767
1170785.353810637
1137314.1278957794
1126546.0492911944
1174845.0151048258
1228539.3280442918
1150382.4471677467
1145581.3891513576
1291809.3927412948
1244381.1426951964
1312110.2536355578
1412156.3503927724
1432463.6048221763
1598245.7591243312
1739375.1094850616
1747055.8204709988
1808193.9111876858
1696608.6814077168
1812323.9372017814
1780607.3594644712
1750106.445642015
2065598.7716123103
2272120.9197424753
2010857.6282055893
2361133.856673933
2552138.1671031993
2499655.2580968235
2625193.894263978
2489527.0763102137
2900156.796984348
2832697.882103918
3096829.8103043805
2783092.3001046875
2763186.1555006546
2669076.5349952267
2725660.4004251873
2615748.418214062
2359111.818542201
2425486.4263244737
2630677.992588624
2835963.516329632
2973829.7107378123
3059236.416124844
3275532.676595658
3502947.2108011763
3931527.183919621
4656380.65474475
5033025.793995328
4859323.836895591
4580160.707839148
4465628.000911666
4690956.153853479
4614021.379142329
4698214.341010006
4686600.043213898
4872524.457914601
4702381.406426629
4569772.663446442
4754963.774889627
4552303.469205491
4832351.600656346
4949842.8402555585
4729912.562291598
4754415.879365277
5285766.289818459
5720689.878991733
5878354.046673458
5847274.737326278
5956997.952583464
6109764.216302786
6375298.849275479
6599227.785718041
7130218.537185748
7233036.115082513
7462187.425458808
7094737.527930576
7851461.790939806
8852380.980145067
9141275.43145623
8831148.499294832
8602433.063367775
8202297.921605429
7957545.1549741365
8083389.511997894
7667106.346139841
7565769.735934354
8757096.672608688
8698050.851655124
8054613.823865921
8826589.535081994
10025588.169736242
9744229.025766013
11298843.430853158
11159898.343076391
10778628.008015398
11809345.928381931
11053223.072980508
9741247.707265625
8984654.215247627
9646810.21483848
