1137388.8
1099828.238392223
1237445.8041364823
1191275.0725208076
1133253.667939806
1104280.9576034856
1068394.505334284
1114265.3966325398
930356.1791546074
918168.4052772245
1077710.3027541637
1006615.0436554422
1103474.9963565394
1090199.0286537458
874392.2480606585
922623.3891067273
861068.4291269892
871765.4570865976
894867.9769832258
895048.6034242135
910957.1237043615
939895.8915902346
926572.5277874789
927616.2591798654
972004.166032952
1067199.5397471217
1052612.039491898
1045365.8855729188
1124283.8555780563
1283857.2551280889
1326032.2812551854
1602633.6239813026
1603077.018414196
1517377.0960117935
1665642.0532147086
1571215.6272433475
1392120.6946073303
1381075.6279745554
1378014.7718653257
1324815.4445088706
1230394.414995698
1224373.2070424308
1237080.5725525036
1092491.7644403146
1185135.1819757943
1308289.9944050682
1460031.271339568
1400735.4470093003
1402307.8990007273
1324782.442464072
1348614.9072721887
1218098.1117027325
1235849.741448604
1447453.1577199015
1426135.4933581816
1461511.7518378857
1363952.072740859
1333546.825045347
1235527.4176423321
1187302.7391869067
1132709.0303235385
1043375.4479295888
1044779.0133482077
984525.8787640432
1009317.8806388867
896351.8815704794
896369.3028547018
921817.210681261
856823.6818538458
882710.3938301902
851032.729786719
840681.4385632739
855642.6087183525
847918.1783432184
858525.736489441
809078.2827298087
762445.0337264121
705153.4975630561
664312.0191033608
628350.7131287764
620631.4797166676
611230.9329300881
563128.9752225731
577789.2132873576
509775.6332170058
556393.4127622832
567724.9514629879
555201.4473609708
578684.7395898051
583563.1659168265
548830.1918890233
489179.22901262593
551598.4823089179
554588.6743441432
586103.6201076062
600491.9672312025
594237.8420902173
559877.3305396604
596147.399520603
653096.6858908926
645176.7144112668
664340.3080331383
620946.3408929141
626279.0635561639
604115.9502368958
583615.3554134838
609794.7491343797
621564.3091401077
621603.5064641659
608121.1023709284
576501.4218008883
1137388.8
1137237.1659839256
1002861.5505633679
1022627.613226747
981901.3260148237
1021524.0534676659
1076795.6154582726
1113731.2801369166
1030560.5712619935
917257.7198786887
957017.6045511217
1094271.0320497595
1190889.493695108
1142070.8031032304
1012668.9346645087
1061960.195303735
1089903.3612841938
1000299.7832201824
1077276.1819380773
1076065.391816771
1182364.274552252
1210161.1341391285
1256016.5253071464
1229575.933197061
1174501.8583288603
1076651.5975827547
1071751.460754041
1261042.5898599897
1313661.1703508212
1062072.393851629
1082324.8307099745
1154373.4318197505
1106479.9261883462
963613.440312494
1084196.393151149
1066100.2521945378
1063423.9247698097
1008032.6563755885
1210677.6874245096
1164983.0981701494
1286657.3922000271
1368622.0104111377
1325161.3315520047
1284384.3123754908
1376419.951615451
1343374.9916550396
1330902.9951840104
1195454.1854700702
1244072.2062328923
1276208.4686737794
1208863.7645809583
1284307.4466541563
1294922.7963731769
1404629.5359100485
1394246.2159833782
1343291.5489734055
1468460.0729089847
1438720.2506743956
1370770.8698135244
1417051.237353451
1547577.7007099406
1515526.1489924772
1556953.51531265
1597393.023583393
1788122.7975106118
1716138.8578703261
1743254.6553399933
1629519.0789727326
1633978.75825667
1783448.2654085858
1671861.1965251353
1803373.8039883967
1863001.8055264326
2280649.8510605455
2452514.03527616
2298805.113971312
2876331.290947388
2930763.399964785
3144306.656624257
3119409.8125725193
2980019.8264527577
2957924.502692001
2954808.5048539117
3149562.4676575568
2908471.728207446
2726695.5966840936
2949618.9549777
2750366.1294222004
2782752.767584295
2571249.3962658476
2210954.6755379275
2011823.78467544
2179325.6662393482
2227215.871696745
2259627.27991534
2158916.789996162
2107508.422296176
1871884.4460674797
1819765.0709378927
1690036.9181118298
1688282.79097357
1770555.4891154738
1672290.5254844057
1791362.2153652955
1907778.7359985195
1918072.8111447704
1956264.4681330568
1775393.676608616
1499467.082629566
1453660.8357806818
1531495.5318966
