1137388.8
1150543.5784150613
1067628.2252327227
1007378.9474986721
875222.7235663444
870136.0071627188
963932.9813228644
945168.5007484191
995590.7968086337
935163.3530791745
1060383.9663095016
1132371.7663320866
1225801.7965935715
1183012.4445333087
1383135.0107374305
1416860.090681363
1521417.119831204
1656834.9710657746
1720139.549656582
1662207.2665753474
1608997.3216590218
1618696.5867126076
1564972.5667440228
1589610.2378748273
1620469.9490360476
1718507.376782595
1813284.5671762868
1852933.3470433154
1992874.7821387665
1633598.9741114923
1659212.791783599
1707344.346047499
1596199.880271405
1441884.4148638078
1435240.2433612738
1372908.5857587236
1401456.603377797
1503240.808627153
1532711.371779925
1488798.5100815254
1627232.7921534318
2127181.3973215776
2127352.99741504
1965609.2592105363
1890077.4138067993
1772231.8763943217
1882975.4683099655
1859076.6343580412
1626874.9536861135
1642723.1542972636
1731443.4861839795
1498277.1783884834
1561747.2763559031
1669688.6188919311
1728161.5219640033
1720139.8405291012
1463581.8001203146
1397313.1056042758
1512513.6194124494
1634708.3895670446
1254104.092691265
1383742.1492411948
1338995.854686887
1229392.1577993352
1142783.1751344255
1129096.0262501668
1408002.0750695774
1540016.834062058
1448374.7406807132
1401296.5522670567
1435450.314508315
1451394.529086658
1460033.532834188
1425505.3848813702
1543839.6941725065
1451104.2535194883
1472743.9611416156
1543342.5049949607
1514996.0558166772
1658808.9546121939
1694663.119293926
1581251.1353948645
1501091.1150093733
1483951.7094429443
1420775.9278437425
1426527.4822318158
1390715.0325184017
1354966.2631088707
1476444.3831178893
1454061.8900513907
1504826.535954641
1201918.3081455766
1347433.2713887002
1629482.3771880888
1692979.8547362569
1552842.0414804125
1427485.0597542494
1663777.5888257823
1842135.9124583201
1974820.9866367264
1994431.8311717452
1962288.1460783174
2004608.049665678
1843036.2463996385
1814058.5386468426
1798418.721878437
1934253.7637497897
2232005.7287058835
2520982.7837315975
3052885.868244879
2825547.2015088852
1137388.8
1085181.3545335985
1114143.0054649708
961084.3233585408
944197.3942364224
768187.4459229759
817302.1803367819
800349.4539757796
792831.6705756907
758775.542885401
737665.7336388822
732402.1316304051
669058.8175741761
682654.9235920822
745073.3624423154
735464.7658576327
740034.7745539811
647328.0146568787
635345.014628322
551157.0334597069
592220.9942565006
538358.3139525237
512450.7909155503
476482.53823677736
474285.21898336714
456711.094788174
460387.915272787
446606.3207570427
467203.51926621905
509901.3659015194
468607.86312865856
495488.54076028144
581419.3259962291
609033.7817030957
662523.2530795207
678269.8107750627
764957.1143182497
812934.4586928877
896746.6411600838
985217.8399320535
1111505.6313135363
1072623.5922170514
1108464.9118812478
1101907.3177016887
1243630.4355289775
1169997.396122823
1264627.2039875526
1130597.4378313003
1083440.4590432977
1072579.6244286865
1129151.3769742143
1095642.3509161575
1124179.3619221305
992071.8949777577
1083347.3695614445
1000302.8208982149
860821.8687726978
757551.7976664675
840325.2441809201
844614.352900622
831619.2716770085
795873.5511581983
887966.8717993675
987121.1853894417
875192.1727744449
810205.0781443405
904008.7808332191
805390.3035932382
802374.4379382352
735942.4345104517
750880.5443794264
703995.9263796909
747208.4317585952
692581.1570172441
800950.1128077322
767277.514112415
840903.5910857788
892831.5624682618
882318.608137729
874398.4671767651
811109.8133718983
760335.3409277876
690827.7608712707
696197.7129423653
717318.9727989876
696305.4380814836
733921.2390002105
658828.2286675387
622191.4658400925
681620.072881853
693242.6433090654
706169.423436055
692302.005911021
659085.2699522806
637376.4378107656
678480.3148651313
670937.5255428752
693453.4753530382
725024.647059893
642783.2308880754
653792.2259853525
655916.7547040465
574774.7957554905
616211.4839858882
631766.3072391609
784548.349920288
734343.05563638
724270.6658562341
728928.0156636973
709097.7226539978
735380.9004138017
