1137388.8
1105320.4227489377
1016833.105573047
1047342.8787264259
979239.8896159057
1036909.0385426788
1065006.798942584
1153303.8886001073
1055919.2096474995
1010866.5756843726
926314.9608194018
984737.603954087
978852.8131597581
954746.0999947195
1051906.367405312
1015747.7463335039
962375.9821454586
1018819.7393790212
1004359.9619059204
901864.3311495796
890330.2749296216
999232.2623198564
958139.1117042203
978783.5184738982
880960.6435602542
880020.3581069723
886092.0043497322
970724.2012512943
950055.6703187241
990778.371534055
921734.4628391023
844997.5194487752
900373.372952434
910636.031360321
910329.5736925724
913485.0232020497
882788.1997792878
965892.4877886563
913742.7444090933
884376.1802119033
847542.2605069047
920424.7029179587
1012699.7928291765
955253.6754140364
923287.7908437165
865009.3177993321
869911.1433574186
845818.6342054806
829873.8063343668
748208.4468954861
663172.1474284941
572186.7357983043
574391.7458290164
571217.1246442964
556364.0559064287
571998.9444521214
580580.308192887
555027.8716522009
544150.8654915637
563473.617172256
563564.0044054524
509974.4097136788
531614.8924633876
555937.565768495
527150.3415490917
505804.68914152635
523401.9763964519
528217.6900592886
528379.2010786773
483513.0516392895
550576.3498896138
528942.4448017022
565635.9633092593
614951.7383087892
600796.5998521257
546101.3113198086
558377.6228323574
576817.2864223064
674098.1796115885
688428.3458650721
694880.7212440366
752911.8126382794
806987.3643341825
806985.694376783
852185.5565439514
850648.0385806486
845418.3863164097
829235.3268518939
806484.9483915198
732535.6252696288
651456.11930851
639339.6093075052
636918.8043917753
595183.5765676494
606685.8942658766
616194.9184263964
582379.5853246986
575722.9298418217
582052.6189414216
542156.4943085162
500749.4645531865
470235.86855770287
431954.53897347616
484755.3819102091
432788.95095717534
374426.12232509296
338236.0169511708
401650.2010636257
360876.09956808103
301721.42492791684
339656.0421559062
1137388.8
1112823.9244288646
1123623.3867014248
1087591.3575631678
1042280.4544313594
1207187.3686758731
1201794.7519729435
1255000.6126647685
1394608.584632999
1469827.191155381
1475605.3510763003
1590033.7921253454
1503699.396457672
1575013.117074168
1535801.7813261491
1586119.211574911
1431985.6911685318
1433099.9439573267
1463939.2142328157
1718775.6818964316
2020734.6032411545
2049659.3558656534
1852325.2299855084
1752794.690498202
1816192.4538512651
1592096.96716033
1486526.47043369
1449907.987727687
1476979.069832236
1372817.9844845291
1368045.9289392272
1534813.7514789423
1592716.1639246286
1672199.346009608
1499900.3946279932
1548480.2955411316
1580729.5989386274
1596292.1792074123
1585693.7059663248
1595106.3836742805
1554557.7101801399
1408087.7842038388
1358899.8789357678
1489343.7577517512
1583865.227331789
1420779.38121761
1508740.7470018473
1609286.7043396768
1571773.5789700118
1607453.9022777206
1465113.5407670615
1421839.9789457899
1253559.6467178892
1240271.4560510062
1238663.6814313065
1230387.1740412398
1250787.9136198703
1446797.7548908826
1628118.0559707272
1910606.1958850636
1922826.2048499142
2050383.314736678
2344240.6532891155
2366895.6758125247
2405286.0902759456
2344113.6525092945
2354301.327596584
2224042.3452611375
2339333.9532538573
2413144.7410148745
2601972.727499279
2677807.412648475
2537942.572100765
2707922.8945361567
2788341.317792631
2639616.257920856
2582213.9825524497
2604553.0787949786
2328706.483127282
2043470.0898115062
1988890.6387461722
2011590.3172164643
2031656.6463061287
1949358.5496743314
1865671.6359218853
2134893.30953893
2681156.206864333
3107637.3640347025
3152303.5184550583
3083928.353090105
3022831.246178029
3403996.463458909
3398867.874551889
3539066.2822644864
3496475.747318216
3408137.7220902187
3418200.3232668806
3220869.4152180264
3048900.31956073
3425574.5622452777
3503874.019292266
3533200.3132528104
3443931.4930119524
3424452.6271514026
3471193.7347575547
3365667.8717160514
3137033.4869278427
3163986.4600945553
3428971.053209646
3413141.769842698
3915107.4528034977
