1137388.8
1150354.5208685952
1028914.9983636026
943149.7290871644
956489.6411731435
909451.261142742
884905.9337339732
856412.7841121985
905197.5536601688
1051493.781944082
868438.2120405865
880954.4586781121
850070.9984933081
726612.4066597116
797241.7801424373
878885.6885091665
956986.6852789015
819093.0636942083
858127.8162829854
923395.8991648576
974764.0916750343
984381.9641353124
971452.9567860364
1031185.2879132283
982184.1351469441
950925.806871303
1208737.7638901197
1185544.884471938
1095389.8289760174
996218.9120573893
1030135.7563744995
908160.0916546399
891301.295849846
911908.5905767982
889463.1592663043
864577.533718964
1115684.6623801815
1129207.2506141937
1007829.1084204911
976000.471810195
821783.6286032951
784705.4238086202
773468.4166036162
784167.0829733323
784762.6756143505
753660.6533848947
725810.6692254349
840436.742157473
871957.3293122813
778136.3843787508
696746.593138234
658502.4692013504
662811.8988834498
692471.3547231728
779642.7979300832
865506.1342240729
906754.9289780157
776947.7809471441
780651.4287051008
832105.2352095882
753588.3355620535
680564.9963389209
553135.8898362794
481980.08279123023
511823.2829057029
488661.65149992093
550333.8799059292
613134.8150021877
595896.9537699656
576110.3663254979
534947.6038318116
472624.05014154565
473249.7861017335
487136.3599967965
471917.04013245564
506688.50885579054
456375.8048004906
426538.6375972975
504902.0835073093
517225.2353603437
589930.5885873425
549595.3704546926
515712.569538124
494509.69293466455
487476.1441670881
510920.8010875115
511840.7572237267
462767.16780486406
459772.4671897246
440227.75364053744
383511.0279502523
386001.8212300229
365683.347491877
367427.3382643373
354156.88705804
330363.0070492211
337859.07295812207
385101.30890069547
406352.0565491937
369628.6287341167
409996.5780578087
387887.58309688215
394719.0083579431
432841.6571118034
472893.3491478232
485257.59933865326
504876.2815725342
500302.58117756865
504950.7424862504
531337.306811848
504583.9340352533
1137388.8
1103305.56912342
1073585.1929479458
1015064.2714640789
958742.4388630759
823188.7575368825
793226.2732503224
785795.5615643763
724456.0673106557
663115.778888388
590419.8351480507
555265.4520681427
548968.5630789977
547788.7634917767
580843.5964047407
527120.2681865122
613423.7238053809
636792.7097044578
647732.4828370458
698280.2720759811
673950.1415301273
657659.8592942719
674881.6714282357
711030.1922052196
651613.5074714397
679033.5240796615
621691.104730284
546582.0830529333
640158.343761297
627578.5429500315
589128.2185987175
627188.0229578621
650921.2957434617
626631.754492208
657438.1295781253
753360.2005191084
707847.2730429086
741510.5955307228
754466.4997017299
729720.4508046148
729662.3949636784
782841.7951246152
826392.8906024399
854543.6429981051
886106.7529915344
937427.9837431944
872033.7942390234
898294.2069578967
991214.8894939715
941312.1455757807
955764.7819851988
1049149.8149171958
1016499.4456892203
1020719.1894416804
1005389.3786380641
1015698.0192605704
1079779.3827396636
1094048.4885782588
1323329.2763138006
1235380.0151671998
1292777.9926902682
1384175.6749886137
1422703.364345932
1659247.0630929766
1619963.0984868302
1709977.827417514
1795514.1691140702
1707879.3243357649
1777010.3748844648
1767634.384411141
1668977.0049567483
1586578.0412558813
1511173.4841194407
1467403.304768409
1296929.1842021504
1403652.1130204208
1397858.3021866116
1346070.9758576932
1412517.6004645482
1310828.6978703772
1408491.4436752247
1341281.1532327544
1308262.3966521348
1343880.7169173234
1293223.0999442772
1137477.2966913052
1162960.9781462098
1184742.4220042077
1099881.4257065041
974106.9627879858
1104381.8724436916
1181619.082734653
1105277.7992100946
1066072.8869712884
1126094.5738504396
1066613.38239255
1044859.8359915897
1134655.028306141
1079070.0881883197
1049461.3600643445
1162124.4119580707
1082685.0219195543
1110113.4766586933
1221266.5178629044
1276863.5222055071
1237936.8531402736
1249587.664654246
1256978.849437656
1179289.4738638161
1127335.9873056025
1059642.0528280314
