1137388.8
1229615.2121613002
1358896.5063301409
1369869.9851052843
1276559.640236273
1147635.500407941
1318826.9801171934
1321507.6180671796
1233250.6180717042
1209645.1291145661
1178276.0415734276
1287942.9838085074
1195962.2045855422
1107405.3882026805
1032542.4929286446
1125460.7077390708
1264062.7096913182
1266844.3199596826
1330994.483375826
1297956.038526538
1181486.3673013651
1111929.6587441915
1182013.4704992226
1224921.2592544046
1301600.0369060482
1182860.9494878398
1163686.2305787506
1089260.0005546748
1002987.0460706808
1130951.83909511
1043415.2241240673
998473.4233307298
965141.4380002471
965762.2990457865
1079841.9708104588
1089352.378489342
1076863.3635540344
1009354.6677822112
1047837.5053899508
1077752.358514163
1026337.6227237141
1041408.8547147906
905659.106726201
1004421.8079128166
1066417.071282339
1129010.0764199693
1094917.9746070048
1082718.6527710245
1182604.613892657
1126245.7281230735
1171362.873719259
1208679.8099583217
1297108.8112983042
1324558.4306876732
1393514.0671618518
1439190.091263447
1532315.2461864755
1433606.0626608871
1319258.1025761317
1254842.1107000934
1386349.131789295
1388403.4670264558
1490653.05403873
1463051.173965594
1402457.85473755
1273515.6469447126
1242112.3720907643
1248566.4915078382
1284940.3438270867
1052231.3140808602
992971.4668336249
1052766.6775911087
1174520.152563929
1077839.9941888223
1120645.8660616619
1238154.1335784353
1289601.2676731374
1322467.9875089026
1244599.5617428264
1270370.3251222942
1151082.9229192093
1312844.2464938862
1573852.62056143
1634902.4473092516
1458358.5696168868
1466296.443617936
1486649.68065096
1441040.0342927019
1372076.6139011867
1534393.0610050964
1769052.0249819355
1922243.4976514005
1869839.120226853
1650712.592534788
1658909.0878087904
1528255.6461842894
1480679.730704668
1453119.0960583976
1639203.5128228713
1690413.4231405084
1720359.3099909665
1637858.090879001
1555594.8268730987
1579700.4097509154
1564661.8589721904
1450288.423648831
1512801.3405411805
1546805.6803013803
1524232.6070793837
1479495.3820805133
1558204.6120702063
1137388.8
1094502.0358380226
1016884.3583420172
1021352.4901265769
1050749.4127284621
897627.4507417516
886105.1234699545
857656.3792374869
849289.7405469143
905407.9108003133
842810.0140746159
923198.1115054144
957228.3852312417
1170840.764545306
1228233.5607940294
1296480.1200839092
1458577.4383860813
1559598.3864781721
1887343.1931168246
2117150.61120354
2030863.0993935866
1864159.9419585676
1936476.3420328633
2051023.7092195034
2015184.705373413
2272807.256310382
2299180.6453593434
2339099.1117016147
2432312.398809535
2156042.5060568554
1983354.4023031506
1965022.0713174485
1928966.6565889397
2128376.1782146185
2024733.0579963494
2130908.016638717
2409944.6993925255
2241490.003214746
2147060.4852918414
1996971.0296843832
1888248.4473405099
1727979.0625587455
1554200.618393515
1680006.4216223373
1670464.2044155758
1850582.4500675923
1893092.8319039424
1800117.1021522346
2070021.5998922936
2392432.913131193
2148924.0535927126
2082986.014706062
1915687.244452442
2020320.8779808534
2330850.5906862267
2357117.6996526425
2150438.9891423243
1900652.5465883138
2080391.9700834162
2160024.070274909
2166646.0516224974
2251312.1915998743
2431315.027461298
2083658.2866869583
2136353.130153438
2372728.0959068066
2363282.995779621
2226862.1635114104
2344941.547298567
2279156.561008791
2400654.487884303
2487136.7484307103
2427307.8699660497
2550682.1012403592
2384502.1138516515
2157647.4840662023
2436134.4480513968
2471875.48784001
2511625.5399883646
2868845.644638578
2662217.17070201
2576660.0685478244
2635185.5185078974
2512093.551163629
2293515.6871642363
2606445.4487526203
3025841.8431781232
2748337.353756785
3119967.270942318
3029783.979794056
2685335.0589344744
3603079.9545660107
3425610.820901256
3031710.821565188
3131720.1324369987
3291073.2190460325
3133584.1061205165
3147223.1919051013
3380390.687797481
3498747.57204813
3540711.3147626016
3548406.865434862
3752725.432512457
3824155.6355959326
3857228.6410453813
3436227.6848614863
3560812.5664130324
4148243.70701272
4070090.6782052694
4168570.517658313
3999704.609680901
