1137388.8
1170390.933753337
1043906.304380256
1086132.1145263554
1090906.305662375
1063217.2611766711
1007183.4263216436
1019545.7929039396
920946.6301189822
963158.879386113
997362.4570125275
913146.1564521805
849345.6723333328
847449.9246221867
902006.8309736099
919771.7731463639
978911.0048187862
867441.9189075122
832358.7473305486
914608.6629040319
961864.1119091912
996791.0669563409
1092981.0520017075
1109295.0200707796
1084814.8547695738
1159341.9198972748
1220817.7691402866
1266694.9054782407
1332986.1433420195
1225870.152800445
1345100.950478105
1143537.7408354692
1130528.3833102009
1127389.7748218284
1153552.826644647
1241865.1046633532
1229309.105395203
1271899.8660810979
1123975.1202420187
1135732.1426871286
1144806.2489381048
1171811.9368221578
1147437.6643231052
1032926.891825555
1134683.5490338034
1073295.4510377462
1092096.0998718345
1080467.2366513116
1155026.6709614664
1088231.095928482
1015097.1978643767
950558.1457077119
1050945.7345245199
1076020.6584813397
1115602.2154122023
1007130.3049908351
1030162.8390054734
940681.4033146464
917813.1086910487
862990.7282553613
897967.1465429234
926529.4504285917
787426.6314214166
798204.3155844616
863749.5934168276
970136.9651664499
936975.6348805244
947766.1658551815
973106.0469004175
917136.17764059
962023.3648710746
967119.0128103094
930401.0051642824
906712.5832766645
874869.9920183859
926304.5746293418
1025893.0024075692
1014486.358714769
967747.9014790388
1003634.3100313656
832578.5829785056
837256.8579347207
874914.0229854815
842764.7649906784
763670.2785689563
747008.95889314
879714.2664121542
926489.2054307957
942422.337148533
991334.2320355438
1014134.6878612145
853971.7508867603
877622.9079286148
927597.2195816194
848893.4432092529
795816.4416974181
848406.6223983011
740787.6219368377
729600.9859734696
746861.6279710073
793075.671515535
812483.9624290665
879619.4602951849
941074.1931858243
947924.6159429704
856087.3986336882
794233.7899109862
851062.0371965457
883462.0693288046
971531.7817199863
946698.525260461
1137388.8
1111510.6718076624
1255058.082958597
1167844.4116681525
1222615.980512324
1212081.7634903286
1114143.8097064244
1175937.4191729685
1342162.536123526
1321664.8274837628
1547948.6343351703
1632068.157739158
1561485.5407681116
1456568.8000503269
1369718.7670304882
1369561.8518240706
1508606.4798184342
1560387.6786105658
1535917.4054769517
1641171.6581697725
1608156.7556890326
1501533.8507882562
1282350.1280372527
1474806.3984520996
1487175.3201430743
1379064.3843872976
1276195.2620044947
1175297.3972061956
1242988.3956929822
1250909.5383064428
1347817.1085986798
1406283.9818709607
1416218.6034789502
1476939.3048183697
1602970.4468946292
1555373.2497146034
1601735.8879658252
1710146.329513359
1732919.9761197004
1641067.3191027432
1416761.1946547884
1518793.2291443467
1716287.4968915747
1679071.562337004
1717402.5265620002
1852973.5980198197
1694032.8258559143
1849921.355189484
1849208.8043790984
1848028.449049678
1582920.091705559
1325670.9491265547
1341959.7087930576
1301968.223609664
1247686.1720954478
1090507.6725774568
1139645.8978188022
1209734.7301409224
1174208.9461629288
1077169.7750113534
1118214.8788658245
1052416.2477398922
1081768.1688795772
1024027.8710333528
1061455.5306362412
1186152.1152572245
1232437.4067528378
1288110.1544613591
1397331.8656113404
1183451.893863632
1102326.9514083716
1202142.917262493
1152015.2385269392
1229330.2515355838
1146980.8090019715
1196216.6010235914
1055809.9101009339
1125440.6153630624
1116324.7710861568
1221825.5093248084
1350563.848013574
1449249.770704911
1222613.2486037174
1322135.5919951047
1250709.4873264555
1367204.3468449456
1481068.4591558834
1388940.3781631652
1276228.5007463973
1340674.8222981938
1397690.5359370417
1460363.795851296
1339267.3000032038
1221460.8454431815
1183987.9234209212
1233726.3933179476
1332197.6185096279
1262022.588742714
1353839.4769608858
1538222.4716195574
1528987.048175131
1398401.797483457
1381913.499481528
1364588.5677101829
1341653.0729584529
1474008.5153882734
1542890.1882536423
1644955.5609009902
1722483.2860847907
1758918.7436196518
1691819.8857419863
