1137388.8
1143160.1357455833
1136833.0984982252
1211531.2217234531
1149389.2796584812
1178889.9177722924
1174775.4953528068
1371359.5789811532
1337418.142786036
1377388.6832043675
1397055.5376228222
1303027.9087986872
1401431.440558579
1359119.0455824507
1264803.7427919274
1169518.6627441507
1067042.5333359211
999879.7140300497
1060128.6583907688
1137546.7697106123
1407696.0001684874
1331570.4037177782
1181491.878293601
1258663.0791225
1162486.2068664439
1054572.7040183486
1086974.1275975092
1126773.9027817894
1104585.5411770714
1140376.1072872677
1186183.848516405
1158823.426359662
1004383.0669651706
1047038.7489294219
1086358.2945484512
1115001.383831675
1059211.4835481527
1053154.911809271
1039879.0084140584
895201.4226910608
841029.4981545741
839473.5298427953
819880.2663211003
860669.5932421045
889582.5600359805
727268.712192856
786754.4884667635
812243.4716381764
822749.3318912146
831657.7427527123
715078.4438115455
770631.4794312728
839725.2758819988
755011.4857874367
700968.9126526447
630810.3265471007
697087.3248013416
703310.9510826576
638071.4526490762
572957.4233111358
572281.0849180848
600593.583454211
608218.5870560732
622168.5099680306
611574.3440905708
609861.6900175337
596392.5279102015
693262.6676817813
772332.2559923516
829624.8493383744
823397.541710319
783624.8692826235
833311.494889545
886683.6267295087
837836.4961815916
764652.3160015774
769425.2227445738
816871.2467073585
809278.7975407565
822222.7950285731
790156.7156300044
765453.1296116719
859709.0776348126
984201.9590928314
1012481.1010293681
1069004.9768325442
1093982.8376720902
1089989.4884883084
1148624.2345821764
1002392.7894047393
961076.2715524704
1004152.9658392069
981028.336850093
994018.5495189943
1058446.518263379
1113076.8156807057
1087684.6382541927
1117280.9917402011
1125667.2619524628
925930.3419953206
1092075.0151420417
1281206.1210368748
1298945.3772730844
1324969.2369022572
1328048.127610908
1269936.7596794432
1348383.6994242829
1426176.7094037293
1393887.957595947
1248470.0835409763
1197812.0199725083
1137388.8
1042042.9761973455
1131615.3017888786
952832.1269825641
989249.8012413961
982978.5530580546
1064254.3664332666
1048983.6562251085
1033934.1778292792
1034415.4298332931
951803.2811080482
920983.6446916691
911592.329701604
810607.0865594286
687270.3006766471
657903.7580562858
674211.3530213562
636544.6936306866
662600.0441625125
605845.9710702958
628039.0180918195
661494.8901661359
804405.3224393472
852496.8914837803
824234.3159229448
708798.9917234781
724157.810566813
727174.9731151961
768110.4316783727
798487.8382018029
803919.2980597481
703577.3097871569
802036.2586348274
901025.247392402
936605.123064815
897873.9305297597
1002882.1636321185
1072042.483676649
1159290.0625177247
1318216.5883841687
1338989.2048325215
1333437.0330716248
1336845.38501324
1471709.5283432093
1521786.5694057716
1895742.4438299723
1814788.2185731668
1764356.4668101098
1952882.7171305972
1758032.4631782426
1728684.4650935677
1764215.0249610494
1810117.4522365401
1567795.953347098
1548817.3972916016
1657554.0003047844
1758230.9933013746
1765529.7505632632
1688551.6183565366
1627925.343169162
1644268.947126201
1737479.838264257
1756364.9713432528
1914595.3335208588
1726813.400655392
1752220.6892572574
1724691.6417281448
1783255.652261591
2067957.7614157675
2153077.5114273787
1870624.0917506637
1755480.9283358264
1782988.1616347013
1840573.0682393897
2028289.8444964697
2167797.121246521
2039412.144213308
2011689.4270745486
2097572.5615090695
2472804.8795058336
2179572.222833819
2233618.7086298116
2200269.974403455
2643100.125259832
2711640.5885812617
2775219.8394937404
2469967.8644469674
2570477.02731606
2125258.5708685443
1929513.0513422578
1869196.3837999129
1797857.213234232
2067723.3494721623
2241510.0245151864
2594414.311761178
2496904.553166245
2506650.1500008143
2308101.6257011187
2364686.7381251976
2412463.5029016584
2553291.0970679983
2700015.080256282
2349855.763382131
2213836.486804509
2265947.5518484237
1980684.5710682143
2095128.7572326616
1939979.805808059
1781119.4957685089
1730967.8730664542
1642551.279800386
