1137388.8
1053649.3914150263
1012773.5694808824
1068517.4415222285
955464.3625878509
871077.5026749785
881801.2157340926
813274.7799391992
918239.4654275829
832618.4768733095
792947.4372875342
724753.8130861125
688463.1768230856
658779.3061870411
680915.7767653721
799437.9559166373
740121.7418992751
803070.9056240421
875725.2511584583
808563.6093411184
825514.3866432506
831206.751353344
876741.8463167391
860777.1661996897
856011.0675351972
839992.665506278
835313.7985330174
817200.6046134687
727132.4057244688
806980.3886700533
782582.5523235607
796516.2086634957
692575.8278713004
762712.7052729438
760412.7565349025
795698.1983519681
861771.4270499384
895614.3094478168
918411.4780841491
935604.2028847542
846953.9450590953
777077.6297419956
811519.5623799824
824578.3835691528
860973.3101507077
880683.9151049407
824053.6582103706
928794.5298207882
981143.9690092761
889728.5574608257
1008790.4264062421
849191.8102706808
853977.1144096919
819597.8685878674
866500.8587052472
693929.0877273362
797381.8407223489
868262.4899591923
899955.5154691456
913988.5902846665
949746.5795826048
878284.3459640105
824000.7948834021
819158.8368009313
804209.2546233472
863376.3232770921
915411.0579982484
907105.6081480366
793630.9696396913
836395.0142875622
870039.8306465317
902224.5418224339
789801.1425417529
811517.3559662533
784446.7972649342
817397.6382487487
751264.561228217
682431.1895487005
562459.126073955
592173.7751014929
548309.9524984611
631193.4196666686
603557.6850009625
581544.9561753303
599542.0124857471
548818.7297021744
528069.0722490132
479810.8774113184
510445.77355200046
548798.4871318298
547437.238195819
568250.5316881635
569333.9582044245
545197.9018961412
508511.10356776766
602769.8353802703
632319.9761110067
659078.5172455352
676107.2997703989
682181.1096762049
681518.8133629877
651698.2442220775
713489.2420090726
597853.6128184289
626488.8034201636
618864.3613885309
563155.587212653
570880.397443102
591273.3945615715
539145.3896295006
554078.9500230012
1137388.8
1100846.587272692
1164487.688264409
1256221.0004022527
1240714.1240251726
1163885.6438148972
1206957.3337862804
1198658.5027671296
1244905.8538599988
1164951.1034333636
1205048.0072457762
1217076.7738161136
1218343.0796644285
1205582.8847663917
1146583.3266007488
988538.5427821275
947509.1654723767
968388.927604855
1150275.4747023873
1159291.8633090823
1160388.0838780743
1128011.8652894814
1051594.0083417762
1117089.9544001797
1026092.6577485704
951483.2910870314
928190.2154325652
851898.9790146424
755516.0260326529
781284.2680286384
849172.8922748632
870419.3347465001
879826.3386902601
886498.1075444373
941423.4204922046
1010160.1093460675
1103966.2029070742
1183264.9241175032
1151702.608227571
1118063.5606915806
1116951.870660354
1050464.3393385846
1000270.3681101488
988847.6411342537
872120.1570739857
931372.2300460476
920058.5398934961
960797.6527741855
998768.2033124516
1009794.7074353728
1002749.6050702423
996645.2678033074
1003369.6535834189
1009916.6130502924
1016258.1856858496
963845.6962306252
991691.6482862198
984651.4919201104
1001912.7257392979
972349.8064730959
949689.5978245094
797999.9140914927
804828.8132545211
798194.3767663079
811743.6460620204
847922.1299707909
872398.2370893697
748367.4952520397
726209.6906377383
666620.8746325545
676091.5958191135
730810.9895145636
723721.953294149
716297.9786600504
684799.5811090397
688472.1359647745
666441.6017074785
574482.036430569
475978.36837439996
506394.3708602947
582744.7884367118
619347.5309986095
610048.0937141613
734107.988973976
823518.8778233267
852723.4211260856
855469.7700551095
858248.6372440901
1005752.8283962553
900745.7948946136
843950.5073651766
989159.9035258731
991901.9637340935
962047.5724445406
986147.1129400623
1013294.6388242743
995079.3549085404
931691.0167919042
843456.6704688056
933341.205874449
936459.2004512835
922690.9026103732
943219.5789729804
881451.2338953682
905020.0939146574
1021972.1640866109
1075459.9743220564
915297.0376420735
1032876.3532801844
933202.1668156798
868554.8212284889
