1137388.8
1056254.2788885315
1049477.147508362
971021.1874764657
864573.0597812985
887863.2624119367
827088.506844296
814832.9010323283
718970.0380955732
694078.0024385247
745261.0023036897
624362.7963930054
504517.0130288986
540139.5435437139
605828.6357548875
608383.9026982442
595007.629581548
595395.1331864991
587424.967702706
673850.3973880829
569187.6079402701
611504.6503515162
619065.0493321054
716084.595865782
817031.056209857
759622.0479864159
786376.6363142347
788961.7877631607
753184.5496414126
876839.2570385656
833681.4466331505
847641.1658002792
789494.01902331
759195.4990148246
764476.9235490217
744207.7713523605
765065.5217338955
786000.1811265056
817368.0181255958
814065.285490127
990182.692370826
927367.624708657
901312.3859057609
854731.090803975
796966.5142811785
840431.9299197142
831254.0157972205
807555.4773844309
854166.8999617193
928033.3623939668
934468.5943942673
920329.6461348198
982857.9255286364
1024892.747622662
1029829.9228910654
1061155.6206258514
966163.1511265985
961856.4162295272
985112.2250976219
1065927.3758826603
988132.8263701884
1045569.301174799
1214099.6349101393
1125132.4730631465
1122745.9676822433
1118382.7241174781
1051321.9934492952
1015365.7981954932
854718.5076631795
964356.7966936813
993112.133982186
933679.3714739941
949360.7268765533
1060554.307525238
1313376.9845825015
1363166.601112936
1340965.7955991966
1335372.254304805
1349997.649152569
1400532.3094485153
1375863.7970264868
1282556.4545257152
1272844.3905573653
1474908.4586487373
1473204.428983988
1721497.3408079841
1729127.0820325473
1743181.9480936714
1675501.463444222
1588968.7749522063
1450131.732864377
1764934.9460333304
1662500.5513284262
1756945.2309314413
1894517.2369932225
1992642.8331476557
1963687.0678532035
1761714.7744572647
1634929.2168468009
1597433.0008801108
1481781.1552412363
1567678.9544348207
1567210.7992713046
1479375.525298615
1736047.3467146556
1677673.785638434
1644800.4795622034
1675498.3495828568
1850782.8696377312
1918997.8030308725
2144855.376260428
1137388.8
1023313.7540404318
1087188.1972038425
1176203.110323005
1223714.910701898
1250567.506834059
1387068.8603988572
1317990.1724105421
1344118.4619668594
1383086.5028213954
1378455.3631206665
1362756.803959803
1357217.6282441663
1457423.7459957742
1345968.9079617495
1345361.511324854
1252686.3168299578
1205815.3646132776
1289429.6044797015
1268133.4588656754
1251960.456369668
1039329.326295465
1058139.5316193819
1031744.7858375126
1011503.8794441994
989405.0234234998
946956.6503788698
829237.2875347375
800509.075527941
843667.8093385468
766825.0669108343
757832.3731038884
662909.3693250783
715575.6110507416
729711.924473369
765371.185894361
841612.8551675328
719424.5046149541
816631.4677765474
840005.9741554513
805965.3855395975
850137.5204168097
907950.1447122016
829848.9237030472
821166.3953289883
819749.0758001364
843713.1438189909
923538.3074493047
998833.4899922893
970614.0003026557
976749.27128418
903973.8611619431
921766.7932307147
948173.0663031734
954449.2357554638
960164.0908625852
910353.9231413194
881809.7017185518
777770.5066709482
859287.5729232157
865414.46233573
974563.5103661407
1081913.8831214097
1096965.5520304048
1067306.9798295137
1126983.0974385878
1377275.7085165754
1636226.7920744985
1596879.9089667276
1875819.259191167
1925484.4363637734
2124415.0068140756
2037413.9922813983
2065514.286336924
2062368.6462027193
2040675.8966943067
2162460.8380048773
2582795.9642411647
2221969.4341173423
1968264.414171248
1854440.2451873082
1954667.6002206346
2192928.1164508616
2160627.7437467524
2200175.408628613
2061494.1656818613
1841574.949624501
1880364.1361957672
1954938.980521938
1932455.7687891454
2257280.596035569
2253714.8188808365
2026380.5205509288
1975771.0849742796
1769722.3937232257
1934106.7356245138
2086621.1360783814
2090942.5224475712
2190079.303148914
2339570.060860778
2220702.0289841094
2375361.6363184177
2358974.537306125
2315303.682749135
2313405.638387446
2512432.869375045
2658547.763787228
2577294.7414149675
2815566.5046662022
2845558.3702208
2575050.536909413
