1137388.8
1149233.8860707025
1195977.3396362886
1244295.188345487
1378148.023447233
1440089.7584688729
1397351.0640554673
1650764.752247863
1788944.742248073
1778270.8654392553
1976488.8902176933
1865761.2355804457
1798183.7911354506
1877471.9655375816
1873646.074701903
2120109.8994984287
2321539.130451704
2450435.769950818
2318843.960945055
2328573.922338005
2205705.5659833453
2150153.2946814983
2232201.4916410213
2155998.45195292
2151345.987975458
2204852.650506706
2389274.2480619075
2295874.380081501
2356877.459119996
2343475.2554424624
2206290.330097496
2266237.5554179777
2066367.511841365
2036414.2973149144
2157308.042669239
2211601.5324389227
2177521.928713989
2118359.8916039616
2081074.2042033556
2490312.056443777
2516430.7003197684
2163704.922434358
2227887.9936236185
2133852.176602116
2195290.377951835
2180360.2955118427
2364198.543717257
2076678.6969106647
2192047.7456633504
2252827.5982074123
2163772.5181168923
1916279.4843719553
2086590.339226558
1989707.1267886949
1833188.0960662977
1989250.581110151
1821702.1047128031
1748543.12085613
1567275.4483481725
1605652.4799010952
1600535.5846307522
1618231.6571228653
1525034.8298641734
1456768.2880819915
1267465.3295812113
1176665.719012166
1249663.3159873271
1395572.9134993996
1337566.8850720315
1446740.430086298
1473454.325586237
1436425.5182209974
1328836.625593642
1325309.050385192
1482653.46542395
1623672.9824255786
1728530.5949699376
1755101.3060865188
1929857.9324108516
1684635.5991914987
1796635.7560700595
2076631.5160086541
2079172.3795915192
1872619.0581309758
1860485.6295900191
1986436.614290765
2111954.1530442894
2030521.4633271857
2214090.1070755157
2181592.7992216707
2263525.132723335
2435044.0208049277
2209997.463329216
2259701.137240968
2176444.02892306
2290941.612872553
2436714.6891036127
2452928.7534961533
2454514.223049641
2531519.955229496
2388396.4984344803
2494471.503534777
2450368.6700831456
2477067.8921755515
2752996.262563856
2892505.0388294673
3133534.51966552
3136654.3428325
3157367.1584479953
2993127.3842321527
2948488.6704683173
1137388.8
1158174.9394706131
1146757.6836667603
1155516.8586102843
1083078.0614904463
1027255.4900527145
1104442.8356246196
1037486.5913433272
978233.9337634218
802381.4210250743
918861.881359493
905249.004696789
976525.3528173097
979033.0860475054
963623.3880334933
989557.5789980282
1014021.8310184407
1016823.7960406633
984998.7736238881
1015711.4636033666
952380.2580903182
936841.8009388015
952473.5692633459
884002.7985861409
907395.6836353964
930820.4544180902
919418.6436584998
821933.1173014181
764890.2582222051
637015.4040674001
563011.4853638945
504621.82726473256
473960.593210126
413166.66847920296
399855.1010603699
424062.1069990855
385597.3781874093
409358.5851964401
422422.1364193054
458148.44242679916
487599.38130943576
523273.38203755073
555822.0869224182
496425.71731873904
427322.52580733254
450287.049824989
478298.82222966134
464458.8120232915
418739.68349614955
401157.07597664173
409052.4871161176
435340.72582671704
419917.4864841513
394012.2576761981
379489.0398045528
330909.281527961
350036.54427135363
351662.1704011305
379140.3723126583
348148.3570092913
300788.8381734535
305727.0392370354
284006.0023737465
219437.73246522652
226009.26554968412
240371.5657109603
253194.5090005314
250563.43946539288
265682.6278163457
250001.07236735345
232191.79570000846
258620.1122338942
239551.91147409318
250459.21817256563
245742.24632642753
276953.8869677033
254176.70490365924
260506.4663636144
252502.83603251728
262425.3646413157
273410.56592101674
293685.85523013555
282614.427522135
258320.68308178204
256784.69796356498
253877.29404387367
263236.2701672176
265548.7378549169
251702.27235901018
258600.3964771326
240580.99890504387
271966.5600314973
275695.0434388924
266988.7305322714
256347.14111899896
240471.62044372145
231955.64197716868
285547.7062289013
286882.9385658458
270876.16852893145
305480.4063435599
306620.5630747525
329499.9376166067
317479.3843713362
339081.40064083366
360001.0494552624
371601.8062115043
358777.30708127306
382081.9602389447
351831.0480540705
304266.42794308247
