1137388.8
1301056.1172930321
1256937.8726952134
1191115.4945874459
1174142.368287394
1178978.6567901792
1092948.2866065279
1192366.2927603156
1155014.1180727037
1199988.3920016007
1207957.103027172
1102069.6443457904
1081216.8741977154
1105860.7896266645
1138064.7236859133
1089877.5601843896
1254405.6610077987
1263661.3659177185
1209562.0106394428
1212760.3567726212
1216493.147790717
1225084.9095940653
1152611.0571442216
1086231.5073657744
1090147.3951013323
938012.6686220814
898393.6338918268
805275.8730726414
849616.3905067513
861508.2132467956
1001496.8737077577
952656.1878768841
919857.5756017142
954165.4740127831
1079949.9193122634
1048934.256174853
1060006.0833023917
990557.6707265446
1051590.9530124704
1180079.2163281844
1111845.549553664
949752.3270207783
925435.8440777163
847688.8035325813
823527.8812134658
766837.88153783
742712.9965451447
729137.8889916543
764504.4391128086
823902.0395090128
880583.3721325744
924522.6215462706
983356.5707623886
1025481.7304319611
1202793.3133476612
1219540.5060278948
1071229.0546720945
1247004.3061318893
1176843.6887352369
1196480.8259897325
1148992.1728911418
1023260.7161030645
1031165.0933599037
990508.0499781898
916342.6380953115
890446.8450900418
986809.5280434339
1020862.593324402
916577.5766077607
831512.2702494484
798049.4633908184
741483.2179059827
678435.6688550052
670681.4297488572
646476.7927074775
603458.0113013786
508053.99785254087
494706.57084688375
489646.5906314031
555743.0605292119
485951.36376607453
490720.80492981
506440.9874647662
468376.82636958046
521544.4889384464
498934.3657066289
558591.1794236174
547049.1982728075
538988.6379118711
656899.2596501797
640912.934272251
661464.3358296443
607103.291976728
608189.2629877098
619418.9553899863
576193.7551472912
599986.571517193
699504.6518477164
775613.0433666414
730291.4745201166
792474.3586914821
697686.4676656368
761268.9328047925
706389.5951365858
668185.125100875
673258.84627006
632199.5548609376
696068.9796846551
644922.7887218532
629040.3867331824
576287.2781682537
1137388.8
1035411.7609081011
852363.6975289269
955529.221396174
987345.184937469
974458.1138306723
1064885.0785923316
1122459.336794353
1084251.7800207573
1027029.2883586922
1211657.0513040095
1353761.0103540854
1315724.8005299289
1444970.7044831216
1373561.4064290954
1433826.7051492531
1410209.2501168787
1443853.3228198597
1327121.019461726
1104202.6216227303
1119701.6994548675
1003942.6302908174
941856.7879222105
947323.0886648961
1031614.1214440054
949518.3833867892
970681.5255786369
948451.8843181517
928943.7204918927
908437.6354211526
876606.870011808
932781.0150051229
953682.6186720587
933754.2470301347
1143012.771661447
1147101.506314556
1174218.4645405572
1244475.3870695545
1160828.481698436
1093822.768841796
1065930.7545747594
1088781.4347329016
1077852.6774341431
1211866.123844913
1192247.8374527956
1271871.9492694521
1292673.747379637
1176992.5457550897
1279239.3488875234
1488993.9189470506
1512625.8183201125
1415157.1737250185
1377002.3594869853
1723068.6961816798
1641522.5872978887
1626229.7690407475
1724430.1619060428
1716565.95273884
1865327.8552177092
2050522.0981234708
2230357.0587053257
2098621.807377184
1900230.3730430366
1734856.4928797449
1711315.2696408767
1549185.6507556436
1577306.0216935175
1508740.7780999225
1531200.4223591718
1557422.0204995952
1466126.855814334
1535403.2945392095
1553361.55844756
1632431.7775265216
1635645.1659447262
1482309.0666452744
1351774.4300344372
1547742.5152067367
1532197.45665933
1519141.3683520332
1473896.7780865366
1330568.9707555207
1382076.6379527294
1462683.4768510328
1512400.4432683818
1473531.23329892
1527605.1539631449
1527745.4872398432
1370190.345531384
1480323.6577091727
1435884.8520421851
1479585.819570769
1512904.5006441018
1524616.483992052
1528739.3642211256
1691797.3933820897
1836912.6329215793
1537548.1246428855
2065211.945887792
2302464.60812051
2525323.4181759455
2831784.8650697456
2698131.987582094
2817585.3890749044
2714473.0289118737
2670528.545069083
2655771.950666524
2421441.499928139
2234118.9456064305
2072730.6402515732
1825623.9124179226
