1137388.8
1054049.5069320877
1119179.0297323782
1159242.8879780855
1143971.5487962796
1096132.4098365451
970817.1744935294
1118669.737162937
1117734.432280957
952618.437603047
854117.6751584089
829298.7244399013
839345.5626569082
741698.378124511
684322.0230174459
680285.4106781781
642500.536123263
663434.7149691515
690326.5633109611
760379.006780222
640092.9157319536
617041.8448159466
645420.5057771142
690334.7216242049
744615.8391488914
738889.0387851272
740244.9195439651
827879.1045052595
809347.1387054642
876218.2812211422
925896.0083647848
857962.8246914131
843694.2586225718
734547.0496122186
817942.020630725
812136.4978996367
739863.6367108076
740988.0227947378
769320.8341766206
712688.5476201953
623255.7823177697
619801.5378176953
715190.3762218712
778512.1689645459
898563.7350050862
966380.8604907976
1066915.1359535137
1002209.071639875
1035243.872382972
1103978.286488382
1028688.7607241115
1148795.9372631353
1226045.8991830368
1208087.3640621484
1285386.4269645358
1314922.3299756877
1217473.8783803142
1231004.0948948464
1488952.1259579929
1424309.5347099337
1410689.623678476
1416478.8500482626
1370745.5669886132
1356076.6630623417
1301030.9377961836
1297498.8940785236
1406903.707247927
1421291.5788666324
1315508.0711866168
1327757.0238167078
1260644.733601597
1097621.5715156933
1037049.4456882238
946146.4565067686
1062470.0653852902
1005874.7463944317
1110163.5009333421
1021652.4552160302
1020616.712700738
1061759.9245220027
1015779.0504701873
1007324.6501406253
1082363.147463109
1045111.1235664854
1184571.010633683
1308457.7260140593
1300635.5215590387
1471223.5174858319
1629722.359257701
1561948.7932276647
1598972.8469534875
1867879.439977181
1718633.532121347
1662652.0000179491
1658816.187032807
1510817.1766680665
1484929.8739920815
1590219.463616415
1501613.9262573058
1420518.9531531855
1403354.6924342609
1278130.8657159437
1279667.1441760869
1253420.9825969446
1319633.5828506674
1433188.793431442
1210600.7067351257
1091087.2233069674
1023137.9929804018
1203712.0401720186
1132786.8314039703
1137388.8
1121676.1617902573
1218257.615731346
1276969.5117206124
1362278.5573766814
1490286.8461136518
1562045.456451374
1593642.5637678395
1497419.6532200065
1664825.6955600572
1575354.069181624
1894609.6246783994
1885114.8938241105
1781880.770417906
1879298.352495207
1765902.412557074
1781501.9192185237
1612019.0603731137
1703326.5049769315
1686903.1328181056
1749976.6137682043
1829337.0968794997
1869651.2134575476
2166733.1707216934
2679759.8175215744
2610864.740110864
2539649.467620532
2274727.9540544297
2321053.767067853
2393021.9046696685
2212517.6180359223
2307286.9512587734
2242800.5669532814
2567688.6116692084
2478388.259527779
2495400.927831173
2261256.948564749
2192821.025532397
2169431.97303885
2142682.9851179495
1979475.9863116287
2043351.2617986565
2120552.722262008
2159167.0590006453
2030198.706171511
2035873.439509498
2140778.3415492093
2145512.68693974
2084165.3519573838
1986412.3543265983
2072257.1914497663
1857758.9463256497
1856146.6111009954
2093096.1987204803
2094693.9850824273
2132723.1402265253
2049674.2048555384
1845197.3445673124
1715036.2664667924
1781827.9700205387
1828557.8774057978
1710180.4091468395
1419848.2091791108
1572256.525410261
1497005.736448284
1777772.269745634
1793220.3679526409
1714849.12268482
1747366.6462366113
1945005.2540501093
1819478.316907934
1710331.0644591385
1999541.6698182987
1873598.3397710703
1817287.7286725696
1868829.6726645343
1849007.5340001378
1972829.0643810725
1818087.4948073043
1987019.2604625307
1822762.506049815
1882270.1528945034
1758780.1822635627
1766434.1372341374
1642794.1480953505
1450321.8841243351
1582279.8547601025
1527579.125033293
1521545.8578507127
1551671.3823447977
1525859.0995998166
1580851.1579505173
1810097.848475152
1889068.04891858
1729372.0793464524
1592070.0776168455
1778831.4155268269
1773688.5986854895
1630791.9254239057
1685473.0583746242
1652606.7472944714
1664208.7034069193
1693783.0088933033
1509349.2586577744
1488218.4777660533
1423114.5685602257
1450960.4973097488
1372847.9777690035
1425824.7423747943
1565257.483694828
1512983.5101635559
