1137388.8
1123224.6308867135
1194152.899304165
1201733.8112907102
1218646.0919696973
1275718.4417739161
1264586.758355487
1458377.3369768022
1436721.0782333682
1438762.7864767637
1336584.6242646477
1303325.196004892
1305309.687433877
1283733.8360437402
1298735.3728752986
1371765.44986052
1274579.1339584591
1198819.133312901
1049029.3775516534
1041467.8071495512
1111331.2006256501
1129807.3274907279
1018152.1051663248
1106160.5773563362
1188669.143596607
1142743.1816549741
1271755.551217698
1392895.5170423314
1417012.7249410327
1355097.0508866727
1385820.2371225222
1267121.4930504896
1327326.8370796235
1326263.667550299
1343837.2936195976
1298600.5182790777
1324196.631718225
1150610.3154447398
1459586.3030036245
1449370.535735894
1370923.9043131974
1109150.746981357
1188523.1112242746
1385923.6406476158
1648199.8708387187
1623843.1714246674
1668531.50642976
1669216.0121460806
1861176.9057712154
1858549.424848748
1997693.096894697
1888174.3370136537
2019188.0305601305
1671385.0069009436
1695638.0350139735
1603084.5488247087
1490558.2003301352
1469674.0427954427
1346834.2790246499
1386259.7639554178
1405325.8399299774
1361081.857811457
1462402.262208477
1507085.0733518358
1337403.9058934976
1162067.0522613241
1381903.3416281748
1329194.6542703884
1243579.137600629
1305468.6204852632
1438903.8339159708
1447297.2907295593
1406704.3650227375
1245855.882562897
1279555.7780299878
1139292.2286772414
1083747.7511960333
1060524.7509060835
1019324.3303776229
983560.2739050708
962757.6329230379
979443.232567808
1006590.4597210136
1051741.1624900536
1060779.34066319
1126222.9655076275
1172307.0916221142
1213880.4958344013
1272424.6418840606
1175457.5289985535
1134296.8816687088
1152469.4058992683
1213539.9744168862
1354903.1567810313
1404553.257677649
1425926.3991762341
1503627.7373665513
1574214.4282653455
1514823.0863109345
1354464.6054977318
1190451.2137954666
1294707.0785889518
1156606.3128771174
1071507.792809072
1094555.77345721
1044499.1391595989
905128.4100596979
856056.9100344747
860479.6133765925
799500.4168913495
720727.5574822645
1137388.8
1146091.0846948791
1070793.0821111326
1036277.4014048249
1070917.7613517852
1050813.231197334
1057829.6591862908
998026.5908414053
984841.781985266
897424.6514102471
895062.6398586829
893272.1964748474
887750.6786364306
798465.9156822569
796453.3318240975
666725.5743070993
666274.568607639
643090.44982611
635290.8398024149
616007.0838043836
664484.8578453835
671943.3432198808
685455.538179316
676859.795563251
728523.5322978995
691321.5522457558
688974.2449331791
637438.0378553864
657326.6804589474
661880.5145619148
704949.6174809389
791770.412226681
788174.4038462454
757673.3656514679
762147.5923334368
749323.2407457246
778718.0553902341
769880.5719510694
782100.6515774684
882080.2087617926
878997.2508846566
807462.7355962672
830883.9279350083
887444.8876177574
794184.3738831319
811194.5856110196
853857.6284203174
923146.6310114291
918779.0464002436
933169.7447263554
975957.7092170974
944607.8494584172
1054444.7156333707
1114412.085936954
953591.9567590936
1038625.4514563067
1107467.2761436068
1027283.3245578369
1005766.2365709455
1001644.7128336611
960666.4297674382
900843.4649859235
845808.4439296477
838424.1252808806
870581.443010439
805830.1659272376
851116.0539715175
803701.9567513897
763991.4439020285
799860.5929373025
793649.4319586019
763234.7624352834
765284.3034110394
794157.7055696785
797676.3402850262
774421.1933555511
766276.3616273418
755645.9578236133
788861.0767391562
722361.8494356648
655654.5631368809
677011.2903078492
684968.0417008991
725054.4347043509
784350.7920248609
769260.4142545401
700950.79189765
718214.9881632952
661973.5888191868
582208.5613825927
551565.6423796497
574967.327296879
632670.9529018663
609992.810408929
552928.9001376178
508958.56617525744
598758.0245106505
586346.6666695212
533384.6230256432
543784.462915253
584934.4946806699
502328.89418418944
479267.65572086425
423705.58344856685
470953.070133256
501254.8515974622
535602.953071238
525177.1099318728
528548.9482090496
504794.91511969344
486555.0658539969
