1137388.8
1021788.7254995626
1019605.8215513106
1033793.8427225744
1122526.1166088395
1058584.1358786502
1022534.9631293797
977315.4825834067
1045711.3107326932
1126189.9070717304
1193276.841145158
1024765.5770549901
987231.6332406591
1128338.2140480557
1045138.6631134854
1024986.3627000235
1017207.1236460033
1124091.4601491825
1175734.2579917833
1033351.3993802656
945129.5569260354
1087343.5692359947
1036152.189091942
1007922.3925800986
1081800.7054105622
1093204.5076768147
1127724.5029628153
1268630.8607201134
1309976.6639437045
1274416.1932761387
1265210.6238419872
1164664.2769555536
1355320.725485608
1409246.5146519903
1526663.8735188295
1660818.502978237
1669946.6151922115
1401738.393778983
1285442.3484426246
1237443.6624522528
1090770.047069405
1199054.3584958438
1137048.8227672272
1065679.4149932745
1073472.7497335575
1009065.5717957346
1039558.7841711037
1058261.2434817667
1047140.4692760261
1056521.388966456
1066632.0070906589
1031620.430913245
848499.7861451835
789999.3958828109
877711.2081863165
933290.3713523598
957965.0422646248
1106763.3516714599
1161993.0856292876
1074941.8617515564
1128873.2231332234
1185279.7153067933
1310285.9919418143
1306945.1460609178
1278987.0922780163
1297800.8001451653
1215073.725566817
1296656.703085551
1245695.1424921253
1348610.147963388
1322627.2924953168
1247645.5780600405
1214863.5050178997
1157438.3991854729
1169682.8517739787
1115287.5173309585
1143104.9906262294
1114724.1463743863
1093894.1686959167
1035078.0375621594
1079725.404702838
1150195.840266572
1226054.065770922
1069258.202313857
1029068.565189977
1113196.6685873931
1077710.442746843
1082027.225529424
1056564.2810894768
1062875.2495622141
1161936.0003941627
1073353.9200406694
1068355.9577034886
995309.5398803288
1021182.5651735062
893512.2707479193
976493.0628235461
959767.3402308226
1054467.2817855983
1137374.5074474267
1238689.6760818583
1257747.0765027236
1150133.2215784949
1015736.2688210857
1048594.361542777
971008.7854066278
912662.2019230709
1035010.7863892233
1053482.852578022
938982.2842014751
901366.1514773659
1137388.8
995693.4923761375
1028854.9419485453
923635.2226886681
954622.2372723606
956896.0626246275
979010.8876055159
937153.1285676095
877920.5453264968
958805.6092178451
921926.7230253519
955081.9007111591
989219.4339025486
933126.9932424069
1049389.4913306627
1085969.628676613
999738.4068277149
1080142.090317417
1129118.5477887052
1322910.8818399115
1224306.5258201042
1281322.721832807
1308150.75010379
1302218.5236612973
1223128.519217134
1446992.678450386
1313391.3915301643
1305787.108730433
1246841.630217137
1345528.978907716
1391320.8434677655
1445964.4325051662
1479825.6493062177
1365319.923984805
1437718.3090853284
1568682.8751001784
1753199.1020441488
1692333.8341816089
1593141.1931597556
1596956.097153846
1454502.556445393
1460741.5799106413
1371412.3650007283
1420259.1496651107
1430347.0784578426
1439912.6709824272
1572806.5472999641
1680240.2683044483
1644442.2076498908
1787590.10828803
1694727.8578992877
1665519.2494653452
1716291.291859877
1689243.3239118825
1730200.8171312157
1986197.8887170665
1900008.2671003793
1883338.0401600255
1705387.236087609
1843354.921446436
1885895.573213578
1764369.443662771
1808677.9345199938
1525769.716040424
1687611.4729537359
1796937.393180953
1845152.2267657819
1859908.5667920513
1766412.648892228
1880407.22671669
1751051.5612752656
1684190.1468515177
1591358.6947557845
1498232.2927919445
1413959.0024937033
1417564.5549334125
1422283.5378692828
1377712.6218048139
1371101.1406316373
1337451.6830978084
1408514.9945090457
1346257.4365622953
1297794.6913870631
1232832.9350895274
1293940.9540995765
1266220.8977299342
1286715.5181863636
1394717.8119809085
1523394.8190375012
1622723.2820376838
1408409.9249390133
1896412.8713653472
2011191.7086861108
1926606.757733336
1876188.8459859057
1782224.1450452039
1876906.8519258096
1933107.1435401707
1959605.340817992
1892180.4166447043
1935983.5906070916
1968060.9873346558
1877539.2181055727
1781339.466875547
1828027.8294698813
1732014.845909299
1838476.007592469
1866852.9388734803
1747351.0572126484
1703135.5406051273
1599203.561169262
