1137388.8
1196758.9827513744
1278546.5040894172
1211365.4228899637
1116281.2378897571
1190564.8250208166
1181401.3462225785
1097421.3903051335
1251816.7783147984
1183096.4303015005
1101487.6286861645
1166738.3144687153
992061.3732393299
1185627.944426909
1214369.0240005746
1274991.1383948624
1164651.9573151253
1139941.9804536733
1094419.1072097605
1075351.6807802126
1059178.4767706422
1115219.4856416262
1097309.824612752
1138991.6964826824
1119119.5945067392
1155525.0251439884
1170151.9592537875
1179632.7567401817
1267807.4413226647
1237984.2619332077
1097008.9877689076
1066144.7220572736
997122.9463440258
957596.634895337
958828.3577178122
970728.6759462073
971309.096210742
920695.350125947
759798.0981995637
729087.193965225
657005.1892720271
688968.0517654049
567209.7128424307
586064.8969251878
599133.8802454406
533768.3125402805
535456.4480834329
535088.662022954
504566.8791887024
552807.2854330858
591512.6528645811
541704.9644684218
537729.9016682345
495943.0733728636
480621.62491505663
496564.5027144706
486707.1068675042
511478.4288182317
543754.4852757236
542005.8425952177
533279.0028838598
462928.64795629436
426536.9976217438
393375.350005298
405923.32139491796
356107.93909422186
337731.10352249583
319893.3388669231
307435.60549929907
308142.03315193654
333753.1502624693
331613.8578642417
290936.17078804347
272303.5724318755
307248.67720618943
334536.1314272321
354122.0787104365
356686.5524117364
353114.08752901544
335695.61654194613
309772.08895713557
255691.52942476532
261068.41774396598
266553.06759749324
283370.7026690596
288858.23601850745
297088.65051194857
310828.15990715765
299455.1228354873
287932.5087654447
289241.54750710086
301500.23976038484
241905.24895187822
237509.08327413944
217718.78189465587
202952.23418039645
209957.6452560245
223356.1439517304
234690.4228972144
220888.0661007581
227400.30065188612
223875.68468449026
218969.47850307662
231134.6024299507
189613.37275578867
202131.19673191686
233185.5352308931
229705.61351208636
212880.4832010605
231164.54776032787
233450.80409044962
1137388.8
950063.3505283208
934597.7521779803
865235.8133260815
917317.6540061627
928273.1947089484
990722.3653268242
1036874.2807466906
1031547.7460606192
950264.9519898712
899894.9575801609
784165.9868535073
803156.8027406943
769460.8916992724
726898.8692876699
685956.302606037
576808.7900171786
627246.604698203
626692.0775577776
581258.1851097904
595633.0207428997
647670.0125282783
655606.7377194148
718885.468233021
740588.0425972807
730039.5565448924
728776.7840590655
714834.5880467314
701620.2126642328
717597.4759835646
610833.520619636
666139.5428772726
694802.3549487027
696200.9439360517
724148.9746131294
730353.0351441604
700098.5724055369
624035.0811617883
632835.2940323923
650571.2442768915
594673.3083981031
670312.196353116
713987.3373900248
641245.4980704642
600127.8988469314
618252.5596215135
644578.3259436531
623541.333191868
592204.3699965405
533114.5520838207
543793.4917863202
544048.1882976291
535912.1810615986
594806.8250088687
600858.4434018871
584098.1415778467
527454.9945119547
502518.8353859888
458213.1358789218
439766.6468538539
391027.80755721265
450248.03633272985
438412.38369622524
461280.54306155525
505487.95026442414
504358.9525184799
461778.31744840986
458765.1254356623
433426.7019394579
387775.74351509864
443050.99403285363
490630.88975819515
487082.70795817755
463401.70877249585
468148.9004010736
420261.58003593766
356616.09533600474
331131.2396979616
374926.8012473041
369377.2058434997
384586.62214402645
338353.39844564133
341933.05276607216
336883.2608477506
312417.9176274656
330621.06230398966
349944.1207280346
310797.93241559574
299395.28435862594
311164.28375136206
333063.1037846949
313660.8838305905
306842.75978015957
308909.4497182754
350686.79751896765
372126.3580994299
371434.6688599624
412313.93615812407
395041.2521878812
382228.27836280194
412759.78239987686
394180.00639672694
375560.7697323153
349129.8793184808
355634.8272346091
369095.5916026223
382722.66343503207
365342.39370674227
373696.90535549703
337356.078902064
347093.12777226925
