1137388.8
1230348.1676327575
1180591.5023770717
1190239.8303824875
1146986.487146628
1294802.630092645
1274411.6990133391
1493631.8919600965
1418584.596200507
1390915.0166028223
1476854.4653905232
1558813.1662200252
1464110.3414178134
1455956.9013531024
1523063.6393411881
1444968.1639143573
1357290.0798126694
1488126.0567055377
1524521.7043277388
1347359.9806493714
1445285.469331163
1477844.700508269
1637915.906836446
1678742.946816902
1733826.0662964839
1884106.2994779916
1947587.8245668805
1936866.909036966
1882320.0168824743
1986144.7398786347
1875336.1790732653
2026086.581337058
2014548.7264921486
2120629.095750609
2228687.674495108
2012833.4300508285
1853387.01401672
2161075.7684427192
2230540.74638002
2518582.058457804
2464699.2564203246
2531724.76693226
2262195.506217733
2220482.679573985
2442417.184442718
2590825.560888632
2412332.9843120803
2601491.1135335304
2608916.0185993197
2879799.248658918
2822557.3847446055
3132406.213848458
3028378.669411983
3052381.6287941406
3012280.7836907976
3068805.8295084815
3226224.8205192755
3197171.20035232
3485773.1658138726
3367456.052730555
3427081.1979241963
3193667.7065735785
3244141.1853679502
3573813.983270282
3534986.4550914266
3847556.4615251757
3746525.7806312824
3515711.437668686
3299002.800132473
2976585.1785140536
2877217.223805071
2661629.2527195257
2789858.8166154744
2552953.7242003083
3043886.951325907
3127509.8328052172
3197797.677882445
3240012.0092735915
3231219.07827434
2991672.891584984
3082605.7352270717
3490066.3672105
3641187.7210621433
3289888.314236547
3334902.7500848747
3159385.1977519807
3254497.1132697933
3327753.761540319
3240590.941367536
3204748.7209691475
3016390.30441686
3109104.6553801424
3476106.635618013
3504807.37587766
3692671.545660371
3674780.5021743225
3638164.6971604032
3933595.3215477997
3754905.190527156
3752461.7938042004
3632769.098286154
3559649.910333802
3522441.177463881
3437575.287015452
3384007.366181112
2898914.371937162
3016155.81500065
2697790.134598424
2721484.106757858
2022925.7681259862
1936177.4961427816
1137388.8
1119057.2996888242
1002523.0085510393
1027958.458787234
1020057.8333146996
844449.5934679402
844250.7505326142
846146.196909994
932057.2208415415
884968.0692008121
772639.2724301488
787884.8964892273
747174.6552788285
729783.4658757029
805382.3237292621
815128.2364561192
719861.5774636233
734981.5741316341
730228.0508706291
768730.0359178785
739299.6150546372
720992.5240128572
750779.2508797436
860836.6053966961
877427.8911862184
937940.5884474224
1025424.8376426215
1010903.9710362302
1091228.4552397598
974291.211118457
966935.9448557377
914491.8848199988
888283.5505425654
787893.9617401725
816878.8894332366
742934.6906983433
716080.5243756766
650188.3886828276
606165.9017499649
540765.7910345866
552559.964126592
490910.6025062779
431266.1859470122
427279.7296993947
422231.34933569486
370405.9461686993
348967.9805579872
407462.3772283644
395597.1956311715
424433.50094883714
403561.3327693676
418957.15686113527
384543.6867683453
389659.9354287237
382163.4465738955
380762.0601301828
421395.99595399504
380808.11662323313
433448.09957026073
425276.01679394656
428160.06989874766
377026.5769435565
369127.6977897146
355289.12626424216
375285.5124426704
353297.5124905419
308497.0664475581
304605.54066031
322737.2274873623
321390.31157255877
292374.47497652296
304022.18423167896
284020.165471305
286628.58547462657
324538.7300387634
280339.5265130199
287888.295654117
280590.5346850383
283422.15631539735
318548.4437920324
325521.7397461059
348510.5795243219
345784.73011882027
387224.67179223703
369494.5487139851
401395.01278633554
370065.56281038135
370631.9538537408
311437.25973085203
312232.0118030078
325526.0065677824
291228.87545965554
344830.99702120235
316366.1732063063
297820.0428033344
308550.9487777529
320404.4932787523
279011.437046524
303894.60165958863
281475.34081360756
302863.40115087375
293252.6888796356
281682.19172222994
269044.52431411145
273856.45688589365
282327.7295419604
330295.8995496248
297960.1831461308
303316.8464547659
306974.02633836825
323893.9373827063
