1137388.8
1055552.7568210948
1107136.982686397
1218825.6965449844
1331858.6630842309
1200079.6470550864
1102524.7969134902
1094958.241639141
1105074.4364470572
921994.9867113142
904263.2113568714
968798.8493438518
900598.9753235511
925498.2976177313
953162.3236204163
1130175.3619150978
1079230.333520214
1091703.1261499268
1089746.553617597
1095414.1258547173
1083359.4326769416
1142691.8397040428
1163944.0612995166
1299522.6830052014
1403209.8155688508
1426500.8738570344
1306236.8411437438
1312465.8826415539
1456940.8538703613
1401971.6270163853
1307464.860405627
1172627.1062260752
1167741.609212977
1254950.9941112811
1209138.2008908107
1146563.4952625157
1197696.2362714026
1179767.7399932428
1015538.3155759169
1033658.8134722903
1034642.9607496285
1040356.2138288673
1052858.808634251
1085878.2021768366
1022994.0880290866
1159771.4064891206
1211184.2693385966
1219243.1047708069
1230689.538896501
1360863.1140870545
1366107.7205798556
1439109.104869469
1377990.2068968075
1499758.216853578
1601679.155126344
1405077.8494459107
1318459.2280074595
1217380.147409014
1421257.3171970078
1670036.4806863635
1600640.7353057647
1734507.5757053038
1604725.1912863534
1468677.4737857634
1474134.7329089085
1580649.57568584
1664407.055691922
1505592.6002784963
1431626.3010050328
1421098.5199993404
1498006.2954467053
1407403.2380734514
1355174.362159787
1250766.1937481468
1626217.656463776
1449106.7336821365
1503455.713084063
1432913.7892575283
1322562.7155186897
1447040.1904353227
1490478.1719189603
1570318.2440278935
1565909.0533274987
1734257.6700365169
1973939.6643522347
1989210.5996052134
2204711.2227849527
2267338.3887449373
2411495.3412273335
2326663.9562913645
2708928.985258854
2512151.982916479
2920313.3088006806
3176585.261748775
3275603.671331924
3250643.8096035686
3468100.6923011583
3287297.110189636
3030670.529619901
3105637.087494019
3171998.3902813876
3128503.1701523224
3345548.161917664
3190744.6141696237
3216115.9527132926
3275875.2107067816
3588500.5328702503
3573376.45408988
3166966.7448232826
2767671.4916192517
2546199.6725847838
1137388.8
1187312.403285701
1155309.0241048422
1043213.5201362062
924634.9481419313
911235.3511387422
776712.1728438578
665104.2103443489
632822.2718371884
547798.3744024294
558133.2466981366
514970.7548294358
593069.4672049413
670314.375321875
635999.2389841838
689917.822446396
744416.7442192998
717956.8972777381
788866.3692953729
807371.263586557
975304.022022862
946330.8139694656
978902.9777230436
910182.05340824
913844.9612341262
854276.8184615067
920203.1559121908
801568.3709436378
785595.3517078324
691969.0776738005
607759.6224725535
631480.3873647166
555471.6355190973
524647.0190149556
525341.6762733789
500401.7814753734
492482.7840267493
483348.0079207244
525086.8486449533
565360.3243148349
501953.8077367464
502320.05661316845
489500.52663945046
468899.66376933805
487737.32912858
487413.9047638276
566809.894889178
505908.5866703761
502807.777620906
506483.36109503766
494574.63019924075
465705.67646185984
426267.0949408496
412009.1977655794
447288.5150894706
429013.4015178926
443578.29947868903
419077.1997170163
441971.9814479314
478149.3233070405
494986.02066846855
510438.7385640245
550325.7178418216
591548.5393024273
523754.37052185513
559691.3420256082
535126.2767752542
494375.6300823302
512243.0428317725
467996.6939116723
493403.48247986764
438519.4241038816
454123.6754332832
448397.3269286747
460749.3303360749
423491.47768012556
433740.6792767972
426195.43704492983
369583.22597020754
411442.3823836974
444385.0784533328
430276.39489600953
429827.02622231166
531056.9393332745
547573.044593156
511224.1027392344
554078.7884088464
545562.6614373971
501135.0111512743
492787.46811650926
419839.3707699289
401017.3197263629
420678.2176815138
408648.8492953154
401936.3967932442
414984.5633640593
385998.55722233996
379094.6417848791
421018.6119798576
388308.7041485193
334830.24124885484
337384.78993700776
316057.9524192331
329354.5629589032
334757.75311495457
322670.35655185126
326183.73469611886
361691.07113913406
389103.51226835477
403417.9555613677
384195.77666379896
