1137388.8
1164879.1633326598
1122890.4379616524
1040568.5536519171
894231.3143414424
1018186.791057089
1113274.2301865348
1018530.9484235035
878356.7113517597
847466.3160071387
708611.4699099761
656091.4206904329
674166.0951148932
686034.890841473
709999.0395829068
762477.8295284273
725234.8066411549
746562.0631097346
795136.5389352882
814421.3041617805
809734.9771294397
677683.5416711055
652402.4656268328
687088.512791467
646321.360007641
607687.3024061152
521883.30791508895
551987.4276333812
582777.2537329957
563862.9155315779
486896.65930922027
509705.6016395076
445060.0842101051
399303.97706095263
350646.99274511397
358754.2233734581
374408.7986436141
355309.70977716934
332731.86396432034
328381.3037512192
321468.7334756684
281207.85781983065
267853.1603859023
252272.87009415586
240379.8209442357
231064.4768409916
229876.69325757065
260096.30453541927
285184.28978074435
276690.3505439503
277469.31378690567
306735.7396554099
343783.9608794747
350989.9527130599
358189.8336829498
346718.9435235429
348452.6349814264
378408.52075277816
384593.5605285898
417093.3748416321
410948.08812074695
388194.7119550305
362159.5540085835
340887.0475293707
398454.71965899377
419375.8188092302
434493.7830336028
446518.9083227078
448338.26115195453
452201.22161184216
437570.66689126537
435003.8913349078
450802.5180439694
471890.6118188531
395817.5441306819
442121.24573286175
510938.58319549164
576165.3735803155
539035.650973119
557173.5009261381
527467.2776604973
523287.81127660733
516019.9652072994
520224.65958707506
495425.90296438127
487213.9240912528
499697.5070502699
573734.909460132
591650.9858964247
598066.5704946608
600501.218385478
593792.5212094691
623786.000981866
685448.667288686
764932.0292355836
737134.4269403536
669640.0486849314
655078.695922767
662288.6487031332
670415.5659840165
691239.4384085891
657992.1612739553
592963.6686645629
536109.9635337029
476758.64733201417
483604.3560376217
559555.3812662796
507564.33740429446
477707.3987660015
467918.12305570306
494245.4024928807
1137388.8
1137760.051337607
1080500.2678813026
1000868.9301990521
1187736.996710165
1308322.255369494
1313617.9756563755
1365740.356499748
1493600.719201307
1390456.0285842307
1241460.1358783226
1330668.9112790737
1298906.820539329
1189067.1332434125
1269151.3075204208
1220122.3851978148
1157747.5924105162
1062398.3237073252
1039375.6493859421
1080169.1998985582
1198548.85666426
1344527.5192321576
1214079.530055744
1200408.1306314163
1348840.3838584411
1391566.5412781057
1308973.8687920184
1368121.7914790674
1282172.9167907457
1170783.9541156609
1143099.867017228
1148740.9984052007
1195426.161053187
1152216.3181940517
1066855.183772456
1174154.5329101325
1198256.9773119877
1031051.4404813715
1289059.8434535176
1358864.069877105
1193662.2846679597
1067351.2317917498
1046031.5184001157
1014391.6560220096
971964.8545010992
1041847.3772341565
993134.8535114898
1103052.2360191243
1057909.439402682
1120175.8109292672
1179760.3640968115
1137659.0332667085
1256933.6028869736
1244114.638636766
1237292.8860016302
1272048.962077404
1247621.5723455108
1202729.2916897123
1197825.8172115867
1177466.9412313546
1152650.691262216
1123310.8785321065
1233823.6801111414
1284490.8023852857
1265280.5400354846
1187082.3833380716
1121860.0511841532
1236038.363376149
1395038.142366962
1294129.2876236325
1295302.8737539712
1218749.48946187
1192173.525124786
1203696.1935374984
1109162.7023441538
1047416.2454697035
1118309.509545904
1142742.5152316112
1126831.5339524033
1270468.5306009667
1390251.7084231141
1414925.0429077568
1416950.2104748492
1369329.9452444229
1323789.7613920702
1189776.136129968
1117699.222658701
1083670.879979674
953783.6724309684
910300.0105057381
809134.0540596087
724132.8388635295
737837.2876614643
798219.5871123816
796800.3839625317
782955.9907873292
788429.4266282719
719993.9357702666
785374.4230214036
634083.0202322322
679070.1615640569
736603.9036442927
659494.9498723706
611436.2099256163
606694.4641873185
556893.400077365
532648.880830489
626990.4360189291
581329.7919891671
455956.67662348517
458857.9307770667
