1137388.8
1047345.8377123585
1055132.2075895236
1005017.4555380326
1087591.1803067971
879711.2429181945
796564.1934109644
782006.8244410267
773858.4335828964
821123.2549896372
787942.5919448516
777521.0776656537
862119.0894781388
807772.7408357968
812565.2118195802
828448.0240410441
730509.7900028691
680885.5028651414
632317.0313967167
571345.9932855257
572323.3399695461
567360.7302806592
571065.554904488
652426.774009974
600135.4041411695
559391.6586251367
611890.6193360384
654585.2928700421
624284.9801159784
609414.0200242742
686903.8448806661
736925.0664328735
857134.1688353907
863267.3996858657
930490.3533802211
807792.3855356597
734621.8926987796
817546.7117698858
819217.7555983978
878128.3813075155
754422.8223448051
799425.597889461
926205.4514396254
836009.3499280087
921166.6632027393
897440.081063623
886771.9281543944
898065.4185496841
822986.588789029
866873.698408947
878264.4343719766
901266.1698723028
894457.6881639927
861077.3917575905
847234.3219120497
836721.7427163178
841095.6595005066
1010325.1336466927
917746.4305708257
883435.1607348686
933484.0093700525
863956.931990984
859206.3822845614
769038.2130931434
778611.5211707909
744972.5923742378
760123.3309452153
698879.578639754
770493.2754642637
769101.7283633907
878119.0997608135
860411.7134469695
785287.0256079026
710758.1418806503
729729.3479585756
726982.1779443852
688464.4290358456
694389.4866525767
703770.3857445786
659724.9271428668
603621.8441485494
654080.847810638
611552.1603526813
541482.6247226265
474581.2383816557
487882.98587868985
473960.3424607535
571647.6385292751
566735.2720751263
546565.4121935569
549117.4287901816
526973.639197671
510894.5187870707
483583.75476014154
479530.5463216703
438390.22441779036
408197.5769793154
396283.01425519615
373236.88256533997
392548.56571637554
383294.663117828
409488.22365679266
419256.0027658762
470048.46483392775
470106.13135134394
416533.75534048374
406054.9843448124
384615.5151948176
400022.69220820494
397275.5682652487
435004.4361781238
1137388.8
1143331.1593731728
1088012.0425951423
1119389.4076513362
1136110.454083682
1097626.8917400648
1032696.8393085384
1216702.327965729
1200256.3193206603
1283918.6261800812
1072797.4229512692
1054956.7225798985
1002851.0305136451
903496.7998832576
892871.7257311475
830182.3113763311
807276.6899864405
812376.548541885
894476.0541383518
900402.7379775045
877049.4586778054
921740.1319884018
880143.8009499762
908133.3307778421
909419.2958086783
960712.4728380643
846160.2282093245
834078.5548195359
825411.8211436844
847704.0464523523
811633.5950402423
812986.0797176004
701848.984267168
809041.2700224321
773319.4610559708
727885.3338952309
779497.967517136
823259.1296958905
855328.9058701547
831324.3595214173
873566.8444474874
872085.8925236713
956307.3427623304
1066907.3638023217
1156539.7275109827
1228404.7649624567
1110335.2107043196
1198627.0948468985
1416437.408270045
1298048.135814334
1248154.7497067137
1364337.2712813132
1442568.4775352767
1385477.7922855143
1456375.009946852
1412870.2848614256
1370908.5304101687
1425452.7437437114
1465540.1164932642
1487933.9151417913
1766279.185568884
1758323.3571402098
1887174.2996601127
1896969.765614105
1986003.9719512837
1947888.74342754
1857324.9274092389
2047499.4974314903
2017360.5477301101
2128376.7298914734
2263053.147663757
2395189.470769847
2113292.7411429444
2271763.1253160383
2280349.5942617287
2522674.6565241814
2469207.18686028
2519953.1295541455
3133225.1062085796
3312829.7802390014
3079686.2824799167
3304705.744970728
4123493.883073856
4049577.1063567246
4405351.269746089
4651395.797255078
4668942.762991818
5333881.558819761
5410085.625388977
5699631.525216808
5123487.915266387
5691542.240788849
5677745.175584054
5392092.02165099
5703334.601867731
5828983.854276443
6201551.635535164
5786444.900773806
5600738.022503658
5008510.5515634855
4975486.2039815
5085138.554679991
5355401.634454881
5531733.220058718
5050159.308407433
5859561.299165645
6154555.8048132965
5741756.995847271
5483052.990694721
5469794.363508479
6226542.7427366255
