1137388.8
1211893.8013256132
1015540.0135362076
947678.3512659596
951718.1975765637
881457.2483313023
899618.0260346779
907335.2607843434
914095.8324625592
953232.3262679949
907797.8891976568
862228.4335326651
826069.003765696
952665.6433454995
879566.4116785104
820873.1183093423
800847.0539039336
760907.7519292021
803173.9963704109
823190.306790588
787038.8638526094
781138.0442473738
836136.6869534971
925504.6221781969
944141.1133662718
931373.1868033715
1006987.12082796
1036169.0369698049
1045145.353659419
1130944.7245458225
1299880.8918579314
1312926.6228231469
1312312.1069762919
1394065.0619155937
1399790.0785121396
1249470.4356201312
1374517.5286006266
1451424.2860102511
1466801.877355081
1477287.3278643207
1697713.7372167276
1757795.1838153985
1755700.285131939
2039799.7985983314
1983572.7532403257
1725857.1329426875
1929485.7485998322
2141224.0998797743
2281254.963631102
2253994.6067842506
2120569.303826614
1965429.1428142623
1758341.6167024972
1860576.3760906246
1930428.1468010847
2048569.4066355464
2369274.2859602277
2141928.846586361
2402972.3876278503
2327173.9973580157
2530417.785707352
2458749.0740826665
2416367.7389529226
2760195.692417535
2950977.399196276
2875227.8415984707
2809471.2917825314
3000661.2428972316
3094269.556099341
3218540.9434926617
3312074.413604049
3277734.8611203562
3374438.9111399995
3741644.3544728835
3563252.866613449
3430758.2641646224
3539787.3807673296
3597816.789371172
3817773.8055809783
3909917.5951565523
3610131.9171320475
3374875.1494438793
3009377.8199939583
3075424.5698721907
2805818.279080143
2865888.7131774845
3050212.890794079
2871526.942834668
2824866.086364064
2950147.988678603
2943041.469201794
2797183.897480986
2966881.460617469
2918252.0904570697
3166494.0952475783
2972348.8670476708
3021078.627959606
2788999.4210666907
3014198.749592999
2945279.478248829
3087223.2024638606
3034012.501093751
2884000.384971095
2834495.0742277214
3048686.21697779
2664366.2966228835
2748814.885843863
2724023.8554286524
2971960.8820996666
2804058.87315186
2623601.4451829502
1137388.8
1081760.1245221694
917579.6108445454
967477.6630120275
915222.6852055397
792738.8698080624
801994.7039053623
801736.2957485339
881079.9774260501
1135949.8951620148
1182005.008048762
1191264.7273843684
1153718.6769118682
1279457.9170605831
1393526.13293776
1497154.5585846978
1481315.6021211382
1439404.753967738
1442553.4163731583
1412780.4713437827
1541378.805357965
1406610.4666463505
1452674.5197061745
1449183.058264906
1434002.8297211668
1395268.4372073116
1338852.7338311928
1410076.1681723981
1332042.1735521627
1556376.0005940816
1775155.43585649
1802808.4726127659
1747589.0806160863
1751163.0802920556
1563928.9433508918
1594151.5016540329
1462220.8852607403
1433756.6679870752
1305052.7269981075
1070598.5504119573
930295.8486955301
913991.2418900148
957926.5221559296
1032065.1206408985
1038025.4826540584
994978.2256448992
1073834.853435121
955726.8599333239
1002917.8693149737
961259.2983938034
985368.5721203466
1030769.4060820534
1091690.7684033713
1166612.3212009196
1135466.9203378644
1087020.7301893851
1150166.7458006565
1137225.6604447607
1173965.7542514864
1241686.1594642045
1326950.8493729853
1393791.1592601684
1314010.9855863599
1251906.909697738
1089852.497030932
1133058.6132209515
1150171.26368167
1072712.0303401256
949252.9395014999
872048.3671829253
1006026.6836467278
1075749.4122715886
1133823.449748169
998873.264667499
1072517.1807684775
1024866.1878409592
1027295.1432743334
1163794.764061832
1186460.8928297984
1197233.6625967515
1292643.278654691
1237362.7907124716
1195652.5430293588
1399729.4490637335
1232094.9003925342
1079952.4835649652
1015005.1985428651
896155.6182614306
920332.322015953
833922.4408293507
868010.012463442
885806.6592480756
928822.3645103662
1034296.3927354547
1132327.5075280967
1192772.6341087713
1323984.6900290474
1222268.0821607232
1284068.3770060167
1216538.0812025187
1255702.8452423424
1155994.2467411016
1100973.4355072726
1206149.2761572017
1119908.0186471792
1130912.7019688268
1242298.468456074
1251717.960170902
1252875.4829367627
1217988.4579894128
1243003.2256958878
