1137388.8
1074108.5440371246
1109325.5263959933
1105647.8794943176
989967.145172569
964167.5609642975
1010323.9324687468
946897.61403387
943758.3512634257
906024.8422457136
928168.1373653357
968601.9674213021
1027420.0973597032
1028907.3084015682
1013455.0932205196
1016395.7736682354
1141404.260043962
1283019.4427521995
1211498.238700556
1215406.321993774
1378312.6618199276
1518803.2056605623
1415302.5437913781
1382307.9853881446
1445977.973671541
1308456.040730616
1381808.3467262317
1442484.9351835109
1562790.2030999947
1481779.3837026113
1585414.0483271654
1599864.6380914575
1633671.1487289753
1618996.116230269
1704270.3490206779
1493045.426507002
1378357.6208666058
1464655.2933314156
1646785.0908249882
1718717.7826590196
2050790.8920190868
2096754.4474265752
1940388.703583498
2218914.224537016
2048596.6182204601
1992964.9425697925
1945426.2691280735
1813389.4215548139
1841111.4916732586
1838125.3149396807
1872672.8874056141
1903320.587242691
1813617.2889715564
2188942.503011712
2217067.195603758
2191328.5679815593
2262354.670296989
2480122.8824475035
2715733.138499832
2905978.0616218825
2823154.2890819767
2747568.5104062995
2616221.082451345
2442566.594362721
2556075.1977515738
2815295.1361101
2732477.60575881
2763277.564740515
2597322.3445255235
3006273.025676005
3134072.1474811276
3239651.723701467
3056508.5727648386
3631808.823909409
3359450.439991214
3039238.2604024457
3228494.0012250785
2926628.672772399
2902844.8738306663
2654025.7423673836
2556471.080970307
2621282.478331241
2550008.31832734
2515359.304679938
2263771.6105617797
2368304.583178718
2427835.8591246903
2737880.1880251216
2809416.5142308087
2853349.210176203
2973151.318654872
2942965.3605263154
2853732.873256415
3048442.419633219
3241150.5612698896
3529125.1075414717
3486766.8157187104
3710547.440326753
3706515.5740215834
3368969.063495697
3644036.341186091
3549503.7879425213
3450520.6921415073
3171095.5053007114
3201530.6830191915
3346592.879095732
3447767.4331614804
3536392.4044661256
3255752.4836023385
3125113.671261896
2902361.7576182703
1137388.8
1197734.1798273188
1118657.6883707203
1235455.955182756
1218499.782037668
1202636.5759750928
1147444.252089725
1052783.6367366305
962967.9270205946
981418.0068714595
937058.0317083104
894702.6811687689
849537.9093255842
875294.7582803537
855881.8131865358
828809.6448716067
861373.5292518181
1000243.1824040249
1025283.0168842636
1043560.1645104055
959050.2626658258
961195.9271343139
891275.8808895659
983705.9346878981
1166769.045272653
1208537.0407274477
1114003.5364836561
1329924.8705460173
1413196.9613866692
1388773.5729093468
1319604.7671021163
1304759.133720362
1451468.721573063
1425390.4631494484
1439783.8129074024
1335338.6855119306
1371197.0404948709
1307147.678241552
1351368.0046302231
1518538.5149790132
1385405.096162412
1445977.619724515
1509520.5927520893
1573118.6965821523
1606045.6505547962
1319083.6533160394
1184681.5949895843
1098002.2208385188
1088081.5850568404
1152238.9147377294
1152486.0470169026
1169593.0133877364
1154285.1519080214
1127681.1562289062
1034299.3000781653
985365.8068813669
1026015.4576143619
1014741.3164694492
1088283.5123474842
954825.6450369556
986261.0241795132
1026740.1115885201
951679.823301449
846711.2049810052
794650.7022314252
866726.5693789411
1022517.3902201625
1020965.6358581729
996281.4627724774
930446.839767896
908741.6120974591
1068148.9075304868
1016988.430221147
988069.1805547365
1076393.2500970198
995640.1788665721
993331.8770476042
1022732.231517215
914764.1816520843
1003940.8301421158
976758.6168440367
918789.051242328
782483.9192308071
752214.226798616
747012.347027104
805166.6486796783
794058.5829717368
800455.000786857
775094.1728220269
753296.0762153127
684253.8162712178
592748.2050267215
618025.276969589
680188.4922497899
754597.4952634156
798264.3114374378
805579.9984945498
932977.2195599346
904026.065788432
821183.7416781005
950962.3478735965
942070.4025583713
902237.0759489995
929074.0881774158
1097860.8641256217
1117359.1073754835
1091367.9718829691
1162500.3551235606
1243638.768388405
1360778.8628025828
1447871.8001556336
