1137388.8
1070049.2227969363
1269500.8942330603
1387047.5311558188
1315831.2848135682
1363621.5072240182
1502351.5755925167
1442882.6599689473
1543814.0417791107
1652278.8382327163
1688757.737505505
1611635.1385494396
1577251.70864203
1564847.1994895933
1577408.766988722
1497741.3619871465
1477265.3175782177
1497969.7140246017
1575606.9878583325
1615855.0415354397
1559246.2140456706
1599097.3657500031
1455625.344650357
1669240.7262639513
1494245.4285966242
1520167.4823632578
1530016.0083960104
1375660.2474106473
1444137.4502549449
1473919.7034497538
1503142.4711498558
1606787.9258858575
1720930.1265524018
1670079.1197404242
1746749.6604818413
1633602.0779749556
1650178.7051828997
1620663.8127038383
1562691.7365557244
1539829.327108047
1297829.0501975422
1400056.3300523572
1424311.6151205963
1351478.4590876647
1393996.6687174998
1451990.5970908345
1429676.347006971
1354607.12200391
1519582.1032309448
1524777.9010669568
1387435.1536385543
1385938.8519083555
1447502.2184382943
1548731.7261424477
1652695.524946646
1722984.7325128196
1505400.8011770982
1438492.9746315682
1397552.4576404586
1322039.9989436863
1289805.7581076652
1275265.440446494
1222676.157172717
1197596.1333370516
1258151.158731617
1274674.7621628954
1314044.8611464687
1371044.4581971217
1515776.4141542718
1383165.8566133208
1513484.7510462648
1486613.4654367773
1333674.832968391
1401018.1180668382
1398581.35826125
1335627.433765506
1230006.5326571641
1242985.8538596095
1386099.263869753
1328433.3134292546
1221768.289633156
1183909.2038793182
1130755.1447526393
1281059.1879357905
1263847.3497439288
1408240.3374935647
1467328.643246221
1484393.6676150518
1514130.8598435018
1673269.9145282775
1893612.4877114526
1872804.0867550618
1999841.5336680592
1758994.2747286777
1649879.6710186529
1884851.1002383183
1754936.820557877
1865369.414747599
1999764.106721247
2031925.052181758
1956382.813774431
1991154.628740797
1891111.2130740362
1865705.616650302
1632845.222371963
1578930.069702931
1585374.6935503362
1548537.6427564195
1607793.0600517897
1566745.619662106
1570609.3601008016
1137388.8
1268120.1392762277
1217225.9132778873
1097478.551363951
1079327.334414178
948994.1399743526
1016243.0509754423
954805.9382141473
1070024.320209797
954236.6055218753
910748.2852453794
870204.9228898698
796536.3443344446
731694.8382228755
709424.0928256316
705146.4255322614
661562.0669937382
653996.4203112528
633894.637350245
665475.6870306601
633654.8006729614
620970.2065926811
673469.0151941371
617186.5862429137
611382.2195823092
637545.3997571254
655053.0220187401
722474.9187407085
713645.1717388253
813397.5087464708
794322.3671446809
717689.2144657244
782446.3462252785
759170.1835811584
709368.9773624068
662576.6686534175
624261.938935468
653803.8023015959
618983.6655315196
570335.551527021
569594.2968328102
556580.9022392692
589500.4465837394
586115.5858592055
642881.8497407763
633737.8014879193
616392.8585920065
590893.7375677554
530687.1478343353
489754.80100639997
459809.05772554927
472560.25858049496
434027.19725566305
394647.35210220213
399513.8188216072
469396.70693751826
462085.9590679181
459008.1701772711
515430.9009490669
480583.76508033305
484421.7649702493
431370.2914956639
421926.4714911492
393001.928009161
413929.43618700106
451457.08680440113
457118.7398604677
465071.40379591024
473158.0344347513
520064.7403529635
551083.0842843319
521206.7200502016
498736.4606644509
481292.8836035977
448540.0346316444
525324.8559881534
476371.79006854
500720.4625814969
529224.7525140408
468687.93577815336
462108.3026309012
472612.81349757797
473059.3937392674
406332.66793830774
375894.37567954586
369156.0712708004
311671.4768997343
333378.04837788857
383965.5166410976
407993.18379361706
406660.0238756183
363610.0415256904
397833.8075145651
393803.81254203524
393772.66605075344
407521.0993272881
384910.05862591986
357951.99402369524
373824.15266852843
348065.1821413532
345363.276731353
352818.3230672474
341330.11179067433
327438.51669614064
311319.93750235514
339576.6729075554
348939.4311492948
386017.11627933255
424227.63595365174
448207.14171454933
471751.67303202045
