1137388.8
1243508.5523787884
1231044.528298431
1213685.5846533761
1178181.5918569816
1275536.044850866
1421485.9864705207
1364343.313398792
1362391.4696318535
1336217.636221386
1216976.9762147095
1192823.0452840808
1257945.6083382512
1368498.4213119587
1446446.6327391195
1473783.6870925787
1440765.2745625684
1385095.3638750787
1419331.5185185834
1386341.6022847618
1329424.3885098363
1289246.4475624412
1221065.9702016576
1240885.0205969317
1291177.885150797
1329847.8200825474
1440544.43576995
1466955.3345602741
1444470.6677232771
1426263.0479355855
1428713.9886253802
1546416.9207545796
1674137.4109329681
1679948.592133844
1727105.5322783692
1749600.7370712375
1813671.9678455747
1863255.1578856886
2071688.3889302127
2150024.801878679
2473968.664933331
2492175.4063229864
2450060.6569333524
2485075.9318852117
2775622.0350117884
2471139.46111311
2410398.678995109
2655382.2230843278
2706507.504027557
2642574.2190009523
2623815.16034055
2844970.232589065
2938925.346233299
3383755.3582230476
3196886.1564012202
3269278.113580912
3268367.399752885
3062322.140201911
3131407.8390120976
3120195.016592949
2793920.8995712274
3219893.4510975936
3112534.366199629
3457761.582713088
3255801.2895962056
3003045.004217481
2827969.152650261
2907974.2179388483
2733905.3488630103
2658648.856594035
2793309.9707428254
2969930.4445944666
3345952.5819178694
3472032.716439494
3392775.652484531
3266219.7011167975
3518252.316978607
3496797.942207201
3324527.5953460634
3269453.8474130547
3410490.441568815
3767285.4594920306
3649889.6847127667
3115418.5317020426
3436063.190417964
3949189.3256142163
4134470.6737650596
3822923.001342794
3699892.7779855384
3689584.2447617785
4173194.8137397105
4141365.5480923722
4197319.457388119
4305867.70747195
4318262.220908967
4373002.75020656
4593869.410732549
3879622.3543043537
4229119.333239825
4241245.82168009
4361939.162257115
3539755.691706985
3864187.0319775734
4104839.778725112
4023315.1973897167
4114566.2841001754
4219389.498689945
4009847.56436932
4242968.660499325
4422088.338884105
4465993.615611268
1137388.8
1029891.8352968296
997652.516583859
1018748.3702134076
1007803.0354015882
937442.1133874876
1099099.367881518
953769.3316257156
1036946.6939390253
1095413.696630998
1087261.9065873038
1104180.8504068942
1068344.663163695
1072889.5393215453
1080318.7715743894
1101240.5678000348
1088642.3516555945
1061199.7364216414
1009735.6827237253
903879.9937318938
940548.9699615352
924210.6345724134
936736.2284379641
893809.3651485759
886678.2290340412
930757.0061029409
1035596.7460717363
1004944.0485233301
867170.6964693754
861689.4113121842
937854.6863299917
947384.4940810177
901606.2810084842
870234.2738903004
866601.3757251358
722538.4374177261
628792.5943059645
741856.7133711189
691887.1574917746
697442.2545174515
687622.0558921644
673902.0744490151
643299.4871229487
685569.1306010373
639652.1083810956
590868.6292684402
483071.84739065706
498727.54699430114
495835.1747884618
477920.7856216251
475993.00592404604
469889.906855538
474777.60500689695
508692.28068292775
559081.7840208674
571251.8372717265
582504.1168306081
494261.8595193799
490943.3698574319
444098.577059186
417942.0250102278
426024.77417994937
408825.3273667353
395242.40622449847
438299.16937586135
424222.33994462504
442021.47524622804
430597.019665493
381638.016320196
372848.6538127107
378539.3061951465
385300.7015436014
424462.64607308805
406151.41283829196
399377.5880086197
428622.44189417275
473271.9126895026
460509.38033536193
565403.9296175234
516585.02021790727
546932.4533756799
535070.7991680584
506187.55569692655
564764.5734794093
579067.8615104053
542943.9438397331
591161.5352010765
526535.0287144885
494458.35855172545
430787.86028204893
425308.5876851716
451722.66898386535
425666.19866523385
455857.43001881416
520824.8951019537
567992.0344500517
536940.6092340661
585825.2008308148
548314.8281452378
559661.480670293
636607.6741325496
642364.3051379559
543933.7660996288
446451.55884159636
416759.40548460593
400072.2954824082
356334.38729740656
398232.209561218
405044.73904389405
405759.2792238178
409562.1452329856
