1137388.8
1144511.5237370778
1209981.3936164924
1333620.7681235378
1265593.6917501737
1331551.1703002513
1330806.7286770677
1520010.9785473102
1569568.8424705479
1332006.2229718962
1405345.4062953163
1507993.8952769432
1541649.7375799983
1597269.0194331969
1461029.621286396
1449498.0751591388
1459336.4271462935
1579989.8160101124
1597364.589280756
1448229.4530591911
1533662.1914350619
1289152.0002885235
1120010.59145504
1245018.3112510408
1188059.629312214
1244234.0798710573
1429522.402002089
1589980.445854281
1492616.7559009145
1692344.5773323423
1621628.8901304542
1717791.257083363
1623991.8966600038
1491908.3779440194
1428244.5623199916
1489026.7793864084
1614729.3181203452
1549243.354725321
1500642.1391220698
1551216.9017932299
1544586.636352273
1490794.4328585633
1432728.393852874
1335210.219551131
1489765.7153829548
1645728.7301117661
1496900.6808932738
1467152.8794875485
1611485.9336895582
1754803.746113492
1899537.7222080622
1907078.0504106784
1876051.392624601
1902022.1606823066
1652101.0629465997
1600333.7296198357
1464224.365359082
1391714.4836774343
1397632.958216987
1298560.9827850736
1342700.6483089495
1352676.827465178
1459604.7811258433
1512258.9339003505
1400228.471381484
1436706.7348602521
1456121.645355972
1504756.7252141626
1770580.6742945616
1874156.527788023
1818361.9374884972
1980158.172658015
2048317.0295770264
2025057.685892791
2037283.8643982674
2037355.284196573
2052068.965380591
2033262.8588887963
1969315.1380896273
2125270.634585624
2266726.3745520827
2144231.1705987854
2138935.3876733
2024224.390575484
2361190.9087250605
2443379.546690952
2541440.865037651
2575192.0211354364
2354134.5207806462
2734281.4186793356
2543535.9327921043
2571628.2635163567
2422042.1805478833
2401360.4002535967
2653726.028953396
2494717.6955339434
2597660.316738459
3044747.0270977523
3041156.913201612
3359845.804604244
3772735.5003565503
3388514.644783022
3317038.813438004
3153746.829320616
3317884.074912283
3380888.9985376094
3576882.0921715293
3936935.6208366975
3724630.438442071
3489159.3330477737
3658422.3790384135
1137388.8
1047659.4178419353
998098.4209899424
1038936.7403261664
1040250.211677202
1196888.0842775262
986737.5489275625
1007078.0427961
926421.410711562
997516.6673041162
943068.1765403546
958565.6350167493
1008449.3272717367
1059504.3835732983
1033242.9827465108
986118.485368122
907615.6472932069
1047760.4067151068
977808.0621716746
945048.7007242164
1018407.5427596545
1020006.2035715613
1041653.687635556
979694.8557746095
856297.775025851
842645.3073030986
795115.0894442375
684678.4722986866
672988.7325955395
719572.8338111818
782804.9600332337
745168.1732063706
702846.2893758119
741920.4108295732
817796.9403815184
808714.7936059092
787175.6494970402
745886.418193525
685372.0515043741
678797.7535593575
652946.7075466812
597733.770790612
587478.9938161236
628688.9547030026
634309.1623412201
614749.7838931856
706630.9967253505
708795.3636105708
755230.0212163221
739152.4765382003
802485.3456229059
756454.2751567862
749673.9435838427
743084.9962595497
660699.5895358927
586872.1658892372
695364.1777682547
679016.9306452724
727657.2878200654
604941.1454317801
674018.844766442
760353.3322044439
757603.9649676272
706063.1443835105
741848.9649216906
721969.7095092752
717087.5270246603
775223.6601106116
713712.021326123
680728.5974665207
677977.1458737105
676286.940355651
753972.0353490137
776426.7434012954
882729.3333668462
927111.0185540578
1012226.8142678416
969024.6001951497
884024.583212838
923537.7076113729
927250.1734982344
958140.36890666
900208.6523249751
804621.0578475727
779600.0672158907
831525.9966942588
800034.2471332564
874861.665037331
870604.7775675694
1061015.1839049782
1030605.537716469
1010409.640436681
1055620.624853652
974745.4418132596
877827.723894706
891739.5390955809
1001723.4510156395
978278.8186749732
987063.9580188505
1007718.8172913629
989465.1814688452
882406.2106168721
872215.4497353357
941884.5935458457
915319.2970974032
1030711.9234214481
1136589.8505517803
1115057.2870476253
1299310.0876447612
1323905.8548114765
1160895.8037965128
