1137388.8
1064978.240796391
1061272.5540168332
1084993.4441110613
995625.4629976273
814450.3584387245
945567.5434025369
1027061.8757945861
1100623.9775300003
1156221.686563458
1162189.3966675648
1167229.0796313637
1125567.480792828
977569.8367004
822561.7357047354
834114.2508388087
849065.2661671119
815734.2724962612
816414.7428414788
863292.7967781373
923530.5108842178
948556.1611351025
1002187.9131742431
902916.0195337952
915719.9317693696
938215.6707353764
1019214.2088074817
957368.2090881466
859948.4304460773
952075.273931948
924199.613652736
956878.457320114
940154.9124654055
786952.1719348524
703775.492573203
669137.049798061
632588.5162393795
612638.4609961639
616189.6162458366
677928.4026397988
742837.4675315265
871191.7341733782
848776.495503654
813310.4733307319
952855.6004760112
890054.1535994025
946675.620527653
898150.071297669
928290.966087918
796916.6095965721
760150.0739397767
706604.985629831
696556.8240207453
699525.661090785
721017.9929565102
687231.3731686048
703309.5838236556
688949.5264625128
677146.9417178163
717857.652772426
734129.8013866612
671753.7719116043
636949.1394461318
645674.3537454729
712141.5303866568
688800.0772891156
686247.2353195112
685875.0121515556
715387.4188337484
759676.1639401846
690416.0678276866
705546.8521435244
650753.1774861716
580283.6317306648
596816.0896224794
555350.542336226
527760.7009060777
529932.7178037869
579522.4625719655
579821.3137696661
592637.3660931538
562660.2131107901
593200.3528898008
597429.3011313092
555529.3965481351
538232.3258638396
496614.33588904893
453186.35845603555
523177.9315410059
491191.86844202597
472332.1636231107
494559.6664401269
549718.2607878126
521493.6438442434
463271.8645718133
501120.2192875697
475683.94913426286
490934.02092541987
539944.2034799224
450370.9331945445
496235.75517005404
510515.96309190575
455686.35980516614
490924.7743887528
537810.5705844695
554708.4371058053
535518.0191088658
519532.4857315408
457640.4165108452
460980.6385302563
439999.63680391
1137388.8
1228074.4579988695
1321831.6294870197
1325972.2869840765
1342520.0300480663
1197177.7917602789
1294122.9705952434
1188804.7031424344
1091992.3448127122
1053725.8664922495
1146869.8536998876
987433.3910177284
946291.2434417165
945570.0952347022
982515.1804911233
979624.8875092102
1029206.3077575455
966592.9003551672
1002531.7866705222
1036611.9250043778
1001036.8100803996
949672.3475727374
1025455.4685632797
1055778.9735444223
1037981.7894136541
1038675.8875442109
1061492.4634041144
1051583.2352052745
935251.9379705532
933396.1593414216
934093.16893162
935813.0295928412
1033285.2858365597
1067087.2984267063
1012794.8108478627
932023.4958709934
970286.4678224719
1111617.134849582
1108878.9940521363
1036237.925960707
1099236.930789043
922246.4388433773
925834.5375551026
780028.1172896456
876588.6333693278
748950.6375148501
646278.8695085798
663671.1565892511
649579.0488711138
645609.1858656523
628637.2272684759
700809.4213370903
699845.465018569
649701.3635655388
687286.5665841177
609730.0956082091
562129.5429027465
623951.2994741197
619531.0836302058
577141.10945293
583209.6209689996
575970.1518328772
540109.1795115907
639413.2756419447
636247.534763147
656169.4429864038
681690.0436667774
642374.6449460081
564693.7810481631
567869.2353152088
559094.1442117079
546167.8117049835
453198.31834285136
482298.02062130376
467031.35003532487
470765.7428403547
488189.06593503855
528618.6077241298
576835.4736190401
612724.1237618516
673231.9224987886
741415.0307274137
717392.3585438867
657546.3363882387
651714.511600667
692807.1838105047
636722.7598086115
675410.738438512
627160.269984863
566188.7981643688
530916.1638772106
483787.70735367277
501247.4281259672
521441.941898162
479983.0514840163
475163.6210178002
474725.0603820849
494095.09295139235
502566.121602727
516620.1961996841
537397.3897155614
488403.73223499267
508993.96972857736
463924.60377895937
431699.4011157174
458688.39882299665
415163.8862661745
418650.6780940461
429545.22191129014
400219.27897750476
403018.3214630374
