1137388.8
1195852.5902226581
1257124.0949711641
1303950.530900413
1173032.9068256628
1172506.95599629
1320634.9445733686
1429289.331108622
1394837.5457491304
1257036.6347463264
1104773.617513116
1020825.2783152992
1178404.0795355139
1248816.5589743026
1222471.6149193584
1340932.38222908
1260761.131200314
1233751.3022985656
1149473.1335690687
1181096.4037213253
1403909.651641119
1550941.35040621
1525452.2966702126
1752529.5948506717
1996741.271160036
1819546.2095123406
1690917.9265892669
1934177.2590869546
2407865.654341362
2633539.3381793676
2637174.051807007
2547611.418165844
2383628.836968031
2382176.586784991
2306692.739320776
2155573.832714245
2038699.558817319
2132554.36344459
2012293.985904887
1877291.5249226666
1842099.787520249
1697168.440609154
1674049.5952461076
1743421.3470463667
1566137.4706725217
1717951.9852500225
1749498.5926135299
1753133.2925897832
1664117.1701324952
1925944.236898844
1779904.395266835
1606264.3647379698
1577699.547013776
1431763.102447012
1483248.6393391457
1397606.5440882458
1426261.7591606847
1221575.0943455934
1333400.2317562073
1348684.796207
1305140.0604188337
1314209.7587264199
1175883.0203570474
1094512.2248252656
1254180.8980728525
1463475.609656317
1324388.187528687
1263705.1716875134
1452692.0282058702
1457959.1817716733
1441534.036470232
1391229.3240678522
1713159.5076186415
1748815.9075557133
1803714.0153976046
1728175.321352845
1755959.629471844
1750144.2428645003
1759128.8756155653
1831175.0673800353
1807110.6586063365
1924452.0343922516
1875541.925269054
1892321.0542840727
2147794.9427524875
2337215.805472035
1987230.7295103746
1972266.0706371942
1932490.0110505412
1873746.5679138377
1686923.882491874
1796193.6000852531
1857048.3601720226
1972154.973601549
2037347.0508941642
2122473.598550256
2173788.470202674
2173255.221998791
1990366.7857651939
2069828.1669947081
2202700.017102945
2260882.81401106
2054572.457799842
2128468.352198649
2173228.641307853
2153337.737629889
1989201.7761063757
2048037.1090809845
1844843.6810998498
1937866.9560650466
1905548.1542778977
1137388.8
1148305.664548709
1114085.624620101
1110013.4907116499
1149275.45331984
1199287.1672481215
1221836.6419275403
1260756.880698172
1364133.4791883212
1166461.9249807908
1200788.312301282
1167868.703956076
1087532.9185762536
1074407.6657281357
1046228.665509886
958457.1674924019
927753.1370425861
945939.3702912949
1067195.5180001261
1125817.370026976
1069284.5516134433
1067011.9521747467
1116599.325792395
1114957.6330180368
1224124.4503018216
1129958.764687339
1154948.7157253306
995787.6554908871
826726.5620315155
804728.4436843855
772608.0952968892
777290.2028952652
740852.5804048543
694806.3703044467
727050.8942651766
694112.8044262354
663456.1622114518
625625.9010136239
636889.4512825016
675715.6811593369
687825.1926441906
752957.8944016678
736892.5173673409
720877.8818695529
793337.3097780973
787996.5339473482
779256.2326870568
764833.9662319489
826514.4642075129
840515.1907067704
926224.0452457882
1045269.246836846
1123132.1838970273
1092999.112216306
971367.8438523231
981251.6278043472
981220.2321810493
979313.3742887299
1165453.2583985233
1186565.263794284
1118680.7495967397
1054135.1904314272
1049510.6962355713
1039633.7164258121
1091887.6908174045
1088239.9689291897
1138247.8538710452
1131115.5767354863
1125133.0600160386
948516.9631222457
945365.075283677
1061789.0818150886
1128013.0993492072
1050243.2379047768
1108837.5444041474
1107691.7832269196
1077128.3621527317
1116283.783494286
1241082.1987783455
1326667.447707673
1198620.8438388323
1198080.8210396029
1400371.8033943835
1381563.5946224923
1234464.2004606402
1159101.0879711213
1043030.6779563528
997974.2707043616
825928.3928472078
856656.9660579391
834307.7270878463
907544.1903855838
871148.0791815639
862980.5545293597
916123.1767618088
948596.6593675124
982613.2322064812
1109141.112337294
1155960.671840362
1216950.9611374522
1252934.625030435
1246550.022278581
1041610.3827759715
1059138.7934793506
1094805.6727218868
1088456.042698801
1146064.2419401924
1054657.604784804
989021.8908501117
934164.4840085858
979731.8916469433
