1137388.8
1125707.8819572434
1132923.4911204996
1098696.8768278412
1006627.3276093283
1020960.0195527509
919779.9025051384
997597.6346580915
1130091.0357758128
1052668.2026116012
1084385.33156412
1075369.325520582
1171990.5800087063
1193002.1960801438
1106168.9272403982
1049837.765917325
928859.4576045928
912829.170453296
926465.2558152926
1079762.338449615
999408.242227599
935784.4090522435
938924.4090316856
925271.3253172766
989006.136450153
1112337.3640666313
1081274.0680778131
1217793.628185318
1173126.9420760735
1178783.8904748443
1059105.0401178144
920278.707226875
933895.4360171288
990480.2364265011
1022332.656321099
943685.3480762636
976373.094879551
972003.2826792623
988722.20358948
1015416.4752165154
1018660.4739238436
1033808.959878183
1004125.0149812686
973577.2795269331
1007647.8884393906
999008.1195336767
969819.7611675649
1065082.4046481303
984100.3083162222
982134.064618459
993733.7550789582
1052375.0957955443
1014958.7322934485
1099360.3849858511
1001270.9974531037
877888.0230854234
907989.8665727573
870527.8918359409
922316.8070913113
987877.3132683183
993814.9138258378
962406.5637703112
978931.3704971418
1122418.3780428558
1191818.263333601
1272310.5016855516
1333643.3148328606
1301520.9177056754
1235860.0412200466
1216757.6720533292
1191576.286552288
1123755.6592519016
1099244.1598476954
1217146.7794288055
1311833.6363471034
1339622.113643877
1387520.9525315189
1353785.7173640628
1341875.1741206804
1591830.3834311592
1530396.7637719878
1646615.127586815
1758394.7363437237
1871411.8503264517
1836818.3566531125
1918494.0215346825
2028874.6636937475
1865019.500946298
1867951.893546787
1890653.744801444
1868107.8393154799
1654433.654601508
1530720.982889676
1589671.2037351262
1665110.0607988476
1712207.5163227967
1901043.0175657938
1946650.2394450614
2234962.7304666643
2028960.282043304
2185438.7501174714
2366660.005263653
2469713.080256024
2670792.9969920604
2611992.1757563236
2804783.7068813792
2696204.4238395323
2858430.611053186
3097639.0865315027
3429390.492225715
3061382.407924521
1137388.8
1136790.388028673
1198071.0777730234
1130854.0273140806
1309537.493928503
1261373.0656523292
1246631.86462351
1130379.4336283156
1042994.3062748017
1049221.0645358614
1114075.7835445963
1239744.6258962618
1300126.4651454145
1372927.7693154463
1299089.5944074243
1479560.03247705
1375600.0439188967
1281600.5832399868
1182107.2803011923
1262358.2532463174
1144677.2199929515
1206045.6675838598
1249551.9166351927
1176661.0908871265
1025945.6569314509
1031702.8674155223
1082863.974686043
1098451.717216169
938258.3348589751
1043421.8405277785
1087920.5049307535
1025160.3460696863
984611.3351446158
997237.5548241888
1050830.9045604125
1031994.1962117869
1044657.534844056
1106312.7616924448
1084414.699783952
1152342.5073212516
1149353.3758419256
1126108.7899906277
1007200.4930160672
1032557.6579545488
973955.864991359
946935.3918285731
999712.1878548742
859521.456661548
744720.9024200479
697252.939250442
716910.495543057
813173.5388941091
786935.7821677577
784979.5370874465
836999.7133455772
951404.0920001139
1062591.9013850256
1005953.1981228768
1070149.4973951404
1067678.9023875715
1133812.562400875
1063013.312751887
1216966.8801236632
1269238.2082903208
1136116.710598807
1100129.1925457846
1055578.2710849994
982811.5528849587
945317.7144018123
957168.4867584156
961628.4466723753
960832.4710897574
990441.7545988987
1113870.9359227205
1122794.0643073255
1126426.2659489822
1162625.7210848527
1067512.1555430922
1011304.0071987872
970168.1087712649
959092.8097174675
1070468.005459579
966426.8277910671
1049005.8881475097
1080733.5097138265
1056173.2605505737
1023034.8057626326
1013308.6086156373
1005876.1322662076
1095269.0302117416
1047387.7751700315
1033043.7302285709
1198421.379588173
1150438.2688418673
1244162.6384435187
1157172.3723145986
1350455.7321394223
1283689.3288887017
1419046.4763926598
1452881.558192275
1441769.0858254
1541158.5019401608
1498404.256027364
1327353.1805637006
1394300.4724083764
1311416.5540136665
1288241.2579552548
1409967.1078969387
1478299.494656534
1466863.647458405
1422907.7690498217
