1137388.8
1084096.9660818242
999603.7621774554
1045496.8235246758
1090197.483836837
1149721.534324031
1145539.9427588016
1233277.9575459927
1321824.9360558446
1152419.389957566
1223789.9158889907
1161418.6942832894
1274299.4767841273
1298383.3260744275
1320201.5686395252
1315879.593647486
1434198.7296141412
1366064.4904536495
1221186.388840074
1279965.9579927595
1212339.0321072135
1281542.251443307
1342150.6672997775
1106653.9084714672
1082202.0544634692
1157129.8065253526
1181993.7515140083
1159533.4724253835
1173111.9310578995
1209457.923170851
1043744.9171216199
940105.009616021
1006976.0973948352
1084284.293022474
978606.9827699765
988861.5467250069
1048682.7227694218
938594.6763171856
984520.7508042117
969055.456557952
894655.7247799287
910021.9061384636
942338.6447911174
942519.0925233145
891763.6866226663
903868.6127805419
1006093.6167542723
886219.4998995124
899637.3431583921
961831.6663845751
896741.3226203669
820039.2154910071
900587.0046080012
975565.35896028
936914.1854830369
981765.4629647624
916034.9822892613
804558.1559155141
791180.0732940894
716186.0219489903
642023.9252371764
602136.8943935825
675375.891870881
722075.3339957076
693427.571680438
722691.9551365118
619553.2620954865
634926.2925452195
641967.2400760908
664748.922774171
663691.1393344875
548093.782183787
547026.6744652884
521088.0754876827
527526.6101659238
538361.2853610788
534661.2283717543
506906.73570898344
458391.49932978075
480867.3206110528
507971.72457805474
526826.8502945334
526740.262132091
533428.494122488
470072.0278026136
523491.3741005204
529038.0804962299
473796.62728141586
431379.06291544944
393602.51829190267
365248.6758759622
388143.56735925365
365112.4877376124
355994.65706168243
350707.6248575977
388684.53295163583
333991.662220008
350803.171584683
366401.49602329324
419192.2253769764
364261.4055696376
371835.58321110834
363145.0502182702
379788.86728247185
382654.9069475301
362645.5929707821
356226.80372987385
369138.15661048476
384116.104192655
383310.9386224836
404488.2324364251
1137388.8
1080223.2397607686
1236940.1789286125
1307645.3184777123
1201324.6923288973
1298535.1533887847
1176587.2460837818
1222396.1490223669
1182346.275423471
1254343.3546744925
1116609.7869201712
1175245.7784668023
1058091.5225369688
1046464.2774096382
1117531.9080160572
1041820.0548052158
1149849.4807481342
1186517.048995019
1247993.2286396418
1311045.3148992104
1258838.146602686
1178483.3000122055
1115048.4792835962
1021340.4056413588
1060012.3482704808
1083635.4453367577
1015440.7012860288
1053571.9762578574
1008069.7050688138
942476.4617545629
981141.9364633337
1111511.5703293683
1092883.0012568457
1062393.9570315932
1121089.036150591
1140395.3716457325
1171332.9164361395
1126395.6118281817
1032181.879530891
1015704.3670603585
1122607.1584461548
1137936.6846293819
1256629.660547186
1263231.6488663084
1284368.1180120856
1394431.9390819992
1331008.5430695328
1371190.728546613
1337660.8766512983
1352842.0369213268
1441400.3895003125
1464366.7833114772
1365659.7736387467
1310914.4054417713
1391042.1088618666
1534611.7905327016
1705067.4393418108
2042145.9721312986
1904620.3846633714
2175852.5202433015
2228185.5975115714
2218717.6636064714
1990880.3790992205
1783698.6039604398
2055028.9115089132
2115239.970251228
2209747.6801751065
2191285.2348982533
2010503.4751681413
1701710.4445122897
1648547.9591761946
1805855.6206397738
1750356.7448395523
1658178.7837415135
1502184.6983443785
1583815.4534512965
1583956.4642244666
1561351.3935502279
1504373.7982415978
1428763.1683733745
1337441.7368648709
1589780.2549032243
1745612.9652397041
1708854.7682486025
2103338.8563334863
2153401.1903664204
1824064.841959381
2096406.8910194035
1892215.667456422
1927799.3965522107
2136210.0607475233
2033787.8981747443
2143449.8483036645
2183100.063761612
1920801.103679458
1907863.7749855681
1939808.2469536576
2086279.5299268651
2201334.4933960545
2167904.507430857
2316987.916180175
2360617.126763735
2398160.3374361987
2522669.6290639746
2351655.2740644673
2688836.510923957
2772877.2325484226
2790084.0517757977
3194800.9453597483
3144074.1802608413
2807908.1168998997
