1137388.8
1201738.1611397157
1217500.218684564
1109080.942506275
944326.9607713557
1028320.8573935115
1139620.2430606792
1279035.050977287
1274252.8205581335
1433446.0832903164
1360408.3826104319
1318031.2612082053
1418552.3195180385
1393964.8593177942
1281413.0596328438
1184838.5412792016
1268661.77729509
1285167.3466216028
1472898.681915953
1611450.568370153
1516969.4513369459
1692075.0486367114
1804253.213969869
1891699.885122943
1779508.9776331335
1748663.986185982
1734106.2127592324
1628578.570388739
1666304.6969739515
1664634.4820191439
1709947.0756942197
1687478.3389568713
1763751.0455685381
1901376.2903361174
1866757.0604186342
1884616.596321904
1912792.9657834999
2120843.538713624
2048799.204515379
1941859.9939995836
1740402.1921263179
1747502.067572601
1501858.0312146
1468761.99584207
1258757.9556407954
1143427.0912154866
996550.8323669456
1079725.1577607687
1119119.2330013267
1173706.9519538875
1343563.3919761241
1559080.805505049
1558894.3871711516
1325053.5462387064
1234458.176448245
1179160.833732244
1117871.5279808284
1138198.3177912985
1039281.7985972445
1150892.2847305364
1099588.0924264188
1096278.944012192
1255565.9753815122
1232665.1432408649
1163597.0918308035
1086447.2305096167
1172859.5204551402
1277121.5343760462
1212288.2239230233
1134439.8436515322
1065285.3394392263
1144285.8438612684
1076935.9984837803
1107124.8291312237
1310889.9993822956
1444023.5737984127
1458781.6529775495
1315512.7053135096
1261284.8860744897
1326692.047915383
1331243.1945790518
1270525.1578039657
1264719.5612772657
1274063.680399595
1407862.9377567917
1433957.9031008594
1495640.737685206
1712481.0986493968
1613247.72865751
1604272.8401032453
1554071.681179553
1454558.2930995966
1525759.6409524977
1486169.1047320305
1291288.9189898132
1236137.4411950028
1292231.9063988556
1257270.9841435158
1198092.6377861213
1261147.724486321
1268658.1488938092
1167783.800332182
1055163.6369449943
1044541.613615671
1100824.762694706
1089268.2894803549
1130045.1878751055
1320336.4046576128
1175204.9918847638
1061447.3089665144
1116053.7608765392
1137388.8
1232103.1886685858
1285135.056849353
1401030.296370445
1348433.5404921267
1431594.6359506662
1462201.792541458
1520045.791980883
1376441.8728669123
1281352.7581920903
1248630.8992663166
1154081.2436804448
1178268.664633711
1238381.1004146116
1295262.1089904613
1189727.5316322034
1298238.6529406714
1236618.592125879
1131421.3620321562
1200332.7680996142
1315843.3141261025
1297170.1226895673
1283874.3735813282
1181439.5261951357
1186942.1062840077
1225355.5812408277
1154210.552044967
1183955.6193876066
1055029.319702
997240.5356144799
1100365.4820582701
1116023.2077484939
1132495.7280780224
1229781.576041323
1150237.7035575234
1151371.2581856837
1044673.5575770137
1064279.2139298117
1063613.2123283849
1113377.5034208153
1074292.7398207067
1131172.947914648
1084493.827669064
1169704.8170907067
1355390.1640911617
1281112.8482475637
1221074.527532395
1232266.7262486133
1172819.814815447
1213244.6345345066
1161423.3020476617
1229884.6025111314
1307782.0249296445
1300699.033349113
1299542.7253730902
1386792.1534912782
1325646.9968721413
1338037.222793309
1287240.6254581413
1280388.9560271392
1202198.9860214798
1299113.365472313
1258669.0594092698
1270931.819999364
1197940.2803745274
1084592.7470392785
984049.8559258715
895484.0585621251
1009594.2650116591
1013004.4473517011
1024676.1540516376
927107.2771112276
893225.0897754577
861961.0950392229
1001644.6779662335
1101763.6110902268
1150536.3038888618
1098021.5251837582
1109633.9822412159
1060649.3589821234
1103572.1423922414
1161249.2363251462
921330.6069850096
968954.8027483277
1005826.3398100858
988429.4087617089
1048831.4529057138
975136.4768521766
1016528.9857361228
1005010.0364495215
942228.111719134
841854.5210155915
789179.0074488966
678829.9842513601
677444.6183179404
663618.103143568
691243.1716121897
677746.0585076961
581863.0481408869
516509.37690516165
495611.20819846704
582052.8434299066
649698.4084579765
680117.0411994093
725778.4779403341
756014.8888294032
773587.3115939477
684466.4403608531
591081.1609580573
546815.980529808
573968.2660455073
