1137388.8
976685.0640480395
990258.6875347352
1042685.5295036276
986811.1833524548
846581.0753876456
811177.1036709062
820603.4733024994
805165.8819455358
783468.9429252291
809435.2891822571
813622.8715564789
796767.9970979337
767519.4654822724
834169.9316610799
831578.8052333626
819327.6770348988
801860.4060638912
856288.5352792782
817348.6432024963
814382.575910253
841966.5906165675
802739.7622359283
758535.8791009885
752302.4988678917
825283.7881369679
872898.3762668874
932019.753408757
930665.0740049174
938103.2332618708
1006462.2564007113
1060569.4875520924
1060484.801266682
1082647.5668788573
1189854.226920251
988879.6257486063
826049.5391609728
873768.6018882599
762637.7792371501
768302.9355119149
779325.1404197919
874532.0456228681
1059618.8455094413
944462.4656440364
946882.1719450711
1020199.2364096311
1073420.0970333393
1074007.145034746
1009168.7574348231
1101515.1363473968
1073053.7590089955
970946.0192734686
901937.7305238319
952332.3710115786
912280.5777013092
842585.2945461326
825613.4729593863
879649.4892529628
856777.0131148588
949815.3597720115
1011481.4107806926
927600.3382073551
939365.5659814656
964850.0931896298
892450.7760081798
874229.7365473985
790780.6817756927
766972.4657880862
776350.8032591724
819906.9012900288
905778.7928556188
885035.7141016437
920875.2269397442
877215.9437966143
776322.2531733817
808886.7626548351
834800.7660045193
882633.1853562187
846900.4787970752
794231.5848466477
863163.3710869388
930278.9297481505
1017286.9876891224
960602.5088515705
947282.430608483
1022577.58045327
1117384.166163967
1150760.878972881
1111940.292816411
1134197.7604413915
1217512.1806791776
1157383.3398729106
1283445.07439085
1286870.376597712
1224432.6637799263
1263264.2982643363
1299049.3199445407
1209690.6108379352
1164614.6399258377
1270038.2607444876
1331505.5385982639
1418996.7899837545
1422148.172088573
1464738.6092801706
1589643.1973734887
1710858.722587082
1745946.1001935923
1662536.0009824927
1846517.093648701
1907370.2122439432
1854804.526348847
1137388.8
1190386.1040616087
982795.8650533305
953063.2641685191
969306.4117381753
883625.8499299943
828788.6372777373
847281.2429280287
807408.5652052029
927629.3570834702
884467.0758471233
1003893.4763964885
1085033.7892703346
1071357.219363413
1029320.0542025748
1045162.156683479
983515.2526390865
1088200.0538941724
1030955.1206390406
1009747.0323231656
1027634.3475315847
1193092.07973457
1092839.1109765433
1166515.1151888177
1058807.350160151
1090371.4159314304
922554.3579268305
1008320.7661689376
953694.4251066617
979148.4923379122
987022.8296266521
1056749.762029349
938877.0803490472
926870.4687234976
908388.8019780454
861715.1757985555
945876.8708350975
883690.4973849071
867706.7539853284
832413.7420473369
891399.3454098487
864054.8196350203
848630.0572428938
843842.4089436836
800439.6737101902
884177.4948670336
831936.4517099698
941622.4970599712
853723.2463129477
888226.7250746469
820025.5312700355
768692.8596385133
837101.6429311419
881719.8198099594
818206.7976626372
962941.1862228111
968578.6348342679
978375.0075017797
915591.6547047022
879811.9468041387
818408.8838437324
798096.8566143074
777938.3007590474
729448.8604871614
648556.9207145092
621697.4619599403
630420.8172746833
616907.6865110903
609111.2269420731
573782.1367173049
525630.6558580243
526673.8550520529
466613.1376754961
440099.60777177644
461363.0275212466
427243.57790369395
448868.9920303167
447798.27479441796
437544.6370491766
389427.6221764048
365376.2030735859
349621.03579054435
316674.22269863583
312512.79108116054
312128.81564989197
289563.65964625176
318477.11915775295
300835.2665282366
309252.80871196394
274119.28835491376
271958.4457882565
282045.02994121355
252789.14773308014
284154.5218741176
310600.8449431157
312028.1290042018
336845.4865876381
345714.6409100756
324520.1724574501
305115.46091246954
329044.53552507353
315732.6004170935
284246.29609982105
249875.93557423065
224590.16661748197
227304.99702211996
234082.6474524431
223039.96016463614
222991.86454220815
240817.41969474693
247323.28883392864
