1137388.8
1035150.1857441397
970755.5536827017
1008282.8114073746
964776.1048467503
898256.2467093624
898355.8377500783
792003.4035591906
864056.8606089863
814071.3366659515
851182.1591553147
826188.8566206549
801560.9639955033
786095.0654112359
911265.9128066055
857010.1296128408
987812.5003951797
927338.6815727396
973936.8707163304
952061.6821857122
1047978.4025025672
1048941.7555684103
1055348.3295208456
1092363.4907986782
1173673.3012516934
1151116.2656571234
1168123.6703985208
1187936.8136096236
1182796.2279864366
1110150.5671190184
1053867.6709809317
1070558.6798396152
960438.782699048
926986.4893320755
938232.5890346976
951973.6070086933
1014984.4486100541
954756.0699119047
1021461.0975164456
1021108.3179543793
935765.9847243319
870593.7401668045
875343.2765918629
849270.0733698675
920751.1030406094
741297.9537351638
764967.2565731102
677050.971114865
564313.5010304508
619103.2881934269
599216.4780431258
634366.9235861773
646952.5407611307
682832.7419337329
612968.266332066
599893.4737702584
582066.169996283
668012.8416356952
670762.4658921222
653356.2710393922
612253.0819005896
584189.6550061429
555177.1484725113
480620.97639545787
486116.7541668735
443187.3083569066
407390.84666666796
456589.3700993651
417419.69212413684
380348.1794172479
427360.03546743136
423680.9849483416
469302.9013597561
532606.0957549232
484104.54659307026
494912.7973089798
490079.08227144915
504148.16946438723
485562.6371421454
497844.7925823738
492245.53301908803
487524.06892497884
532846.1266270748
543606.9857556161
529479.8932496527
539139.0261812964
533584.0330707103
535157.045707757
564617.414677579
558831.3523979774
581287.2985687486
573525.0395977367
562397.1691470734
616189.6484511431
702869.0424876212
786329.4691205568
698463.1273289226
732472.7045183567
716515.1094896295
741752.7763421619
752951.3249563935
819277.6634723349
847211.7300241268
925634.2496728714
954170.8847840219
1012965.3291209678
1046948.6815681342
984356.6261768528
1044394.5253342069
1003550.9132421595
1106302.0123498195
1137388.8
1293457.2472717848
1399187.2740168376
1671593.7663407032
1765691.617604834
1915792.116477699
1819790.2499477281
1758055.3022424262
1711951.792721028
1924079.3739873236
2006585.927006612
1947028.9314016842
1903346.2374880128
1888950.4343912883
1803980.8565999812
1780096.4504067462
1801506.138945218
1770164.4025532021
1843371.995189203
1773813.9514986887
1628890.4100437704
1821560.92540546
1759526.0287101811
1726506.008390699
1557399.7002382486
1808276.5361128713
1523700.7329351148
1521499.9231798837
1588177.7013022813
1482809.398296329
1517387.663314077
1545735.3805275138
1368636.0430578794
1311912.98239928
1220462.8122134616
1232611.837882862
1054511.9381614623
1014605.4808737198
893464.7639637952
817135.1743860706
737997.2464578722
654128.4073458075
704329.3065192451
656187.6870444055
643886.2176387626
612804.3671013906
585417.6445700818
575872.9845147922
564163.9399102007
614214.8709559682
501174.3513653548
505841.10137251765
515979.5830963485
548109.8997000089
528444.9615043519
494740.0270741498
470193.85487327864
393864.4652849392
380139.4870205594
346037.7185405853
341415.9929536319
356792.66996866645
379594.2704001771
326655.6628866434
327471.1071591639
346517.6221143735
318929.5268757373
321575.577318448
348130.32843910606
333967.94892334734
332025.761952249
356634.7914515114
332812.95810931915
304024.03728781233
283363.90008482157
290503.4469109895
259786.34305888735
284960.6165373092
270895.6229873974
308574.9872003164
310818.45657927723
298029.6820298425
281208.02353981236
280078.2781089899
329456.6678697418
298599.7242349468
271000.5776389977
267151.5987396266
272693.9712724879
234570.45829524877
235665.20469682786
216057.99387182345
231589.69471483954
258154.4574280652
264217.45273137133
320078.9553374606
353375.2380100151
353268.06725457264
345800.1170128204
324555.6184356608
350440.5508111887
398186.9359127468
395105.3733852863
393529.1135030745
362735.4102748131
389963.003555828
368172.93469983706
371788.29586640396
406567.63591762923
401630.0491196653
430892.8051053426
