1137388.8
1076569.7817875585
996037.5785019681
959746.1190428474
1040308.2110314404
912334.9096562917
1016237.5177143649
1102466.646600036
1203657.704781825
1264174.1264023173
1379135.1150181436
1337690.8095861683
1246129.3343359428
1279284.34549372
1248238.844223251
1275818.1191418152
1250412.4593257857
1175719.9082691225
1103430.1668593495
1185956.5121813747
1275687.1683256007
1106162.5297773539
1233504.658602007
1328264.5911032448
1426339.8172660274
1649588.5806408348
1764606.28470407
1910268.6961881
2064408.2270221529
2248080.5571141033
1935579.7389173054
1610952.4547223218
1531628.2108342652
1423161.065175056
1321616.5538231088
1212998.0488806763
1243380.8551701815
1181742.1859966177
1201966.2519826265
1353373.3655778382
1255686.0934508466
1271619.5666709025
1196138.0813041686
1222867.6612313492
1200270.3238541074
1061709.44561755
1162682.4702943482
1194116.5099264341
1293666.6526599098
1319426.4799075464
1228189.5302083115
1190032.4102955917
1171983.179235453
1157472.9525034477
1229677.2508250622
1155590.0090661272
1221429.5566458418
1263957.9131080445
1198530.5312568673
1408750.6054687388
1348882.992897559
1297674.8608742715
1246643.219322128
1177806.9501106148
1286371.7029267515
1417453.1352923182
1370119.271618233
1291868.6885448631
1450759.2249746278
1495785.1905566514
1498567.2999628792
1599706.9037160424
1447598.263825322
1482224.9025243071
1320405.4413154654
1437955.587762748
1519126.4373078982
1271391.4217900457
1231519.7602959613
1079680.2436670791
1188637.5744418753
1112467.3855636646
1160009.0483887736
1257079.7328196473
1149549.2017658495
1147315.372877056
1075288.0748368348
1057220.0639106496
1002389.5565113584
1007278.8427771524
987625.7881813409
899306.2905695442
910091.4182279201
886984.461192658
883533.4585500854
918218.6189457545
1011248.2193518814
1016008.5133117697
1089788.6920960553
1226321.2341408052
1132861.0954586861
1152251.7516563758
1188552.187428289
1232279.6379827224
1297340.7542305924
1413090.9245077844
1350538.547810008
1226991.4974292906
1228569.573830965
1338851.7453504729
1333527.198564214
1137388.8
1066343.2320418507
1201035.0972140545
1241311.5098958348
1209172.6179547342
1119737.3245847619
1210613.8397588986
1181933.714870251
1173313.2921597196
1260318.0177226607
1263451.4282667013
1250461.3395523292
1261367.9370400265
1208758.37053329
1192629.7053750216
1207538.3973698448
1192627.8873609009
1137303.2837000838
1136059.4394295274
1219509.123643968
1258776.6010740676
1338067.5730946274
1259168.173903323
1263431.0503343656
1275757.8924731908
1104193.7535901798
1198277.531924695
1032596.4435214988
1021373.1655689516
998345.2152782847
1086719.6607738822
1098075.5632662436
1083907.1916227348
1058522.9239365105
1049715.8849194292
1049122.5087244774
889932.8761366471
892299.5255928175
815903.5605212277
726790.5039776609
651472.2370845919
617730.4856041162
617048.3385341854
571009.6812177392
585113.8486483367
580358.1060851067
586815.0607820293
670290.8834434581
732737.5892708529
771717.1614336122
784069.4704355679
875658.591759406
841665.762500408
824140.6230883055
820422.7801669977
805161.9288522133
738281.0900826283
714602.8770571391
848979.4005533131
847963.7965769528
988125.9352699427
943319.3442184795
1103073.8840701745
1193477.608346663
1203651.4620322837
1260657.3262261131
1290225.7887043713
1232895.2312972643
1259247.4714509635
1240324.1647705298
1363855.2298364486
1344027.1266634287
1218020.1351775508
1111326.5471346702
1065642.5904271647
1184110.3928962008
1082907.0495065958
960001.4830120136
1034862.0521783209
929002.2812143374
906568.1837451622
879101.8765439877
850274.1704309848
896890.8047972434
970669.320450813
1036541.0356846716
1002000.0065072279
1025022.8257780336
1019128.2315535133
957723.0533225004
925740.6204704106
906417.754503283
856508.8080802899
832529.6697740337
830523.6196616113
863658.1083451213
749655.4480293591
687276.4061083315
688450.8577386785
682426.327167594
679695.0376835079
748551.04442562
760243.7299643542
704870.5329691013
647164.796996276
648254.7215199867
630334.1002233438
529336.5041663658
544170.0926253471
601515.6846000687
649317.8813439606
