1137388.8
1155603.36351245
1075454.340291948
1076108.7830738612
1023813.5689394572
840530.8176406336
808062.9705711304
919192.7758032476
890372.4735232067
838020.5955215393
897373.8089013426
1094738.9669614672
1187830.983730022
1199982.0282109668
1060922.7195389934
1172656.3623668598
1133232.7097586503
1099024.8170348064
1045400.9068599017
975134.6658105793
984252.7761517774
911710.4032113302
1004901.6492049374
1021555.6405582252
1079992.7453875681
1126651.8848689701
1103421.8942536733
1050411.914255946
1007319.5919538885
1106306.575035998
1027769.9257682711
1030812.7973675631
1035654.2434630615
1096639.3841538639
1067099.6833988116
1012826.40961629
1145222.6495696073
1141796.0790875012
1129428.0709233163
1118126.2124374053
1105198.5577687153
1070879.0806568097
1115645.8795894722
1116762.14678186
1106430.02023599
1116236.928257525
1087353.8793107437
1143591.9677102957
1240256.0052767568
1259287.5995605187
1148958.0400543942
1188320.3755141536
1264396.1581466093
1216066.6816722183
1263174.7310069008
1231858.7043632832
1213310.4669900127
1178026.5072039398
1170753.278006195
1042904.4775372315
1167273.7205589858
1065222.7760517073
972707.3609048021
950691.6828950389
912488.707654628
922670.821522836
812308.0190361999
808170.1827474514
782102.4890746615
888719.552460992
963891.7750427595
793075.88083168
752242.0142288936
700771.0203171631
764868.8682533483
781251.3528069762
773741.5416418607
773562.2196870781
833715.2196138048
916997.1649691908
950442.7187155655
990938.5238422584
1000059.0557499587
1018560.307000398
1086419.860604667
1288835.125482204
1311162.083248753
1312971.873428996
1223789.674183223
1234820.6640083024
1113104.3113732012
1075673.4630797363
1053218.009488178
1054586.0674939186
1079366.6414073003
1046247.1874567801
1156427.9176334243
1160080.426459247
1092614.8737443467
1032195.735808894
1186590.7080130589
1248763.4763049188
1204960.5136142718
1183325.6936212294
1213423.521644567
1274328.739907034
1361122.7520086085
1369144.6953382418
1484065.1186807815
1557819.7510900444
1481999.6899983361
1137388.8
1130270.297599292
1075705.0377108213
1025384.7221585835
1015666.8609504494
1029030.651889372
943578.6303602151
942563.3388940765
957173.5157955542
1001632.4120507475
1157579.5732020522
1143291.0415203013
1057285.357850524
1051974.8263849407
989746.3866829418
1009562.9866522336
976964.2526014412
897893.6557721639
793407.2597050868
882154.7516596116
920255.0332315074
1089187.2705873156
1045227.7399884734
966987.7566946013
972643.341820074
889966.6162493282
856789.5606173241
797556.8567835205
792410.2288800817
715291.6538087602
721709.6256621436
680330.6530326323
628383.9583740637
595906.714440289
567240.3462108418
562848.3918373579
574133.7664740095
590824.7398428785
554683.5824232042
544220.8349412895
498908.5996565745
480906.5232333456
461031.1474721717
456879.6978851531
443987.70648858335
433565.27255386574
494133.4722036555
452989.5735089605
455390.7981513425
452057.47754127305
451370.789398798
548184.405480971
529532.1792030178
541707.5925286671
561008.7963320652
511163.9189830171
530184.7766057033
610792.9960543676
686726.9472945232
630099.0521553428
703161.2154521797
745431.9329867926
745514.4128887068
663417.9596189515
619219.6271155538
572863.8992493326
572372.4177283872
536905.9204142836
529255.1783742629
520037.68864788674
604733.8676038054
619949.1161861491
545690.3910412963
591198.6560409789
603554.5846054103
554446.9538978874
502061.194230397
482149.2470041748
500768.000316412
507469.0121991889
525571.4054324251
495164.5616321973
482119.7759770143
497606.5991150555
524868.3773474875
517738.46538964106
489011.3805598086
481541.45734109887
435871.1049775753
407874.1322047144
436929.2491910732
437833.0839426405
424805.1022158684
448854.2974146457
428425.8591573956
390036.3350135307
384634.01797085314
415701.6192407664
464481.86934902216
453513.02937254816
442985.0385715879
455451.46350132354
451338.4164048265
502460.6293850271
469904.8135650632
487059.2127103514
547700.7736818937
477581.9907293912
513393.4862004743
550547.4915039396
544764.3424482
