1137388.8
1125137.6536237206
1135140.2163218628
1205888.073671975
1150013.356535336
1085374.502802654
1204155.0285557997
1120043.033737399
1124355.208275918
1058480.7970389936
890171.498250356
815778.262802934
765283.0521088424
765276.6637857106
763850.7910815548
748430.5770325987
781462.5946366332
858614.1157441873
1032930.0400444374
1079169.623481734
1052510.311786515
1104660.3084917595
1241068.4391238822
1240189.2981939856
1313871.0630793837
1335618.9986574568
1523215.91116429
1416552.7728495777
1244217.5148090464
1127788.2113827665
1123665.1465721596
1163112.905011733
1148247.6037750992
1156101.80543515
1072090.3723196308
997761.1128791238
954227.8104254403
904763.6336096748
847050.120419699
817690.9714431443
755492.3910634231
845876.4253841625
792284.41097163
833615.504479489
819763.4366391728
841026.8919134414
859265.809273528
965031.0477129155
941825.2600722266
1018796.2853003069
872534.191780324
854112.163988318
883074.0875507817
785334.4229315589
808992.7067278282
841562.7356740821
898195.7480046164
995836.6963655213
1047610.5050138539
1086999.0965426958
1124740.7225757462
1004560.3787314134
996226.0998690663
1052211.5988140202
1143515.6968169224
1203983.0771226366
1161236.0893103736
1135674.3321584235
1261157.7404031567
1392869.7688407656
1600835.7023032145
1504782.7554400745
1405396.8925785604
1412441.170119725
1328050.2803337201
1536031.2453330285
1369707.4514713604
1354112.4420050038
1270511.7162451113
1404139.6102488865
1273128.802694202
1128276.2826009123
1071667.9044132342
1209015.4348447986
1341035.7252692305
1327710.3479191088
1118456.612384993
1027197.271444344
950723.1070082046
1051816.2545132013
1218285.851271811
1203595.4536737544
1218265.8686891517
1156181.5563107652
1133030.578485548
1096957.2013350634
1082017.7261039736
1011317.1552807842
1046356.4609776316
1039035.1228644715
1111352.2552314317
1091514.3694905285
1168631.7966651337
1184706.8564405153
1093048.6684361442
1083932.4476120807
1038296.9802055084
1098190.5905083015
1097408.9717900448
1126084.5798220243
993279.524954243
1137388.8
1121256.4186302556
1371895.9420091286
1400750.121379323
1413193.6184497154
1572986.060421557
1477408.8958329037
1545341.315615207
1529913.6866730708
1462672.7012033297
1369418.423779087
1277683.238442916
1357446.6617527488
1357988.8695472714
1358242.2084268453
1299791.1117163715
1161923.7584120815
1114038.3081828535
1023296.1142279601
1034936.9584102343
990103.9112527572
906201.32993207
1164718.2504221792
984397.2912738993
926012.8229047838
869097.1019289445
919230.6113086017
929612.3261840066
976494.2944468634
969741.8738347498
958239.1869499726
955708.538093926
913854.9662562748
900367.0354215818
1020304.5889291298
1222357.6931409622
1207731.2256577013
1207882.4319599655
1244711.7897163138
1293983.7514624665
1423866.8585128211
1420046.2661277298
1336678.2890269018
1227100.7377845848
1409133.1381858839
1314377.5575243435
1228151.0318747596
1229425.955214835
1115399.102030729
1109675.4586687644
1197851.7757147127
1229421.2267668047
1131657.4704683258
1093252.2282156316
1158031.747710635
1120049.7711401829
1116644.5716981906
1218915.518335134
1267757.9204865838
1286679.294151788
1268452.5223322744
1263470.211104047
1305627.325373842
1302219.8237850592
1401179.4694201774
1716466.0260746747
1721891.597437277
1691471.591897418
1620005.062171893
1583889.5903453934
1557715.2015975798
1535669.7038654936
1648836.7939531622
1650058.3723356726
1684522.6127539924
1766717.0183850678
1800823.4091756765
2021491.6761668322
2135721.2936129034
2250981.422892206
2155023.892935324
1994435.2481971886
1839471.5478220966
1813864.6875888254
1766495.738438565
1885605.8690695928
1720384.0358963036
1591133.5684189484
1550767.0649608169
1531290.8481935451
1513193.8201558099
1440015.8348054541
1450552.1856506108
1591977.4435374418
1650867.4980733593
1538841.9086375316
1782606.0771002807
1731786.9614366917
1761609.0467106935
1559001.56396375
1638290.2317798906
1632942.2930222298
1553535.7385498555
1315880.6881305403
1400132.7407217065
1296010.8645649508
1216322.1085994802
1129841.3517150746
1077212.687540108
1035454.2561382167
1120442.2728524257
