1137388.8
1218947.705586958
1119216.0278614177
1210617.9696938728
1188420.246547709
1141652.3704043957
1170964.7078641572
1114715.3298972
1174998.6115753232
961829.8532045021
928304.6693626334
937442.4841315646
857982.8607320554
957978.1219444264
957678.5061173165
1044646.8330935588
1061034.4738424646
1097372.797202082
1261076.0432594174
1130211.8972524337
1020884.6952649348
960015.5093033994
890983.8029765524
870310.2309878534
848252.4649652761
782544.877897263
779991.2938614977
761372.0540997459
803330.9797430126
798774.4950336864
762279.742388913
778533.6209155996
876043.8024574718
936372.2946623394
934292.475683888
862941.8153069444
862809.4138498787
843608.6633532366
792924.0853386585
827133.980261469
821688.6287570946
800658.0082900397
952152.6473510496
919763.3603516859
990538.4879458874
983102.5169505579
1065954.141132873
1129165.507959257
1058918.901788376
1121437.0680397765
1204039.7202680418
1243370.4514938488
1355589.3751537956
1430588.2686333186
1555879.4036062916
1653140.1629212333
1450781.639077735
1462573.362413867
1264247.917778406
1298422.9538442292
1318701.8273788278
1308511.4499655294
1454609.117204135
1520273.221711032
1655469.6045953424
1619989.120552837
1631294.0995147591
1440804.292685235
1541957.8571845312
1724882.9090386487
1818891.200457172
2036183.405788194
1898557.4839874636
1546465.9955786087
1571896.421644647
1503495.3672154453
1235222.0797188461
1300673.5081558716
1083001.6354458083
1099580.2901237344
1105192.3969420546
1160948.6947516291
1195338.972211005
1007987.3496945034
1069234.9207939098
1112374.0705489742
1106915.4796653888
1081870.3080042063
980528.4280307231
865703.2316205195
885437.0285528051
823925.9308203532
953892.0804546683
906020.2427591921
850964.4032045614
774686.3277618033
759053.6903179829
721249.9645553756
710347.1149752031
789690.4358043937
753846.285492768
696344.3674296578
686578.0871988657
595790.5767395233
657056.1367544177
660225.1748644516
617348.187190407
593043.5427401311
590893.6657485823
637559.6651856733
640292.5815143753
1137388.8
1292374.3144367503
1305354.4260761172
1359182.1544831756
1317417.2764175741
1394126.4177811872
1499382.863405156
1554598.58772005
1423776.7704532333
1469798.1269230663
1449967.8406834416
1436326.6809162865
1711785.845812604
1762932.4664488917
1723687.2393786472
1762914.0168389648
1599081.7316450016
1550336.8466105012
1596361.112090959
1439921.6860120562
1392113.5372763297
1390246.8986322905
1421943.265276696
1409400.9938973167
1438610.3180288735
1373622.225211363
1267350.238410047
1291247.0323536857
1257228.0512631296
1277357.4698782056
1250511.6014869835
1339463.911068621
1328917.8455300252
1339669.5226000082
1356166.586295265
1276075.3641686002
1239458.8709498623
1166124.6687752467
1311808.3036717793
1276657.9375010207
1307232.586058251
1384192.3967308428
1229524.4723985346
1258063.340580918
1167186.7310024335
1272009.9829968738
1225924.041458973
1261575.2982118293
1356828.0114685243
1493178.7508679666
1451922.3099037895
1536959.9205672124
1593053.1378553528
1612315.5174105107
1390274.0656291798
1522368.5855084537
1452526.306475944
1552874.491541858
1544284.7085083371
1480523.3971869354
1402936.374331446
1370594.485276858
1348844.0523527118
1503095.0453312672
1226749.5145841066
1176807.2053897146
1232367.7671861341
1258356.8912991462
1292582.992852552
1342443.9277468573
1465263.562025922
1337881.1763660633
1306617.9217276382
1285120.4332525893
1240175.0761657457
1171315.8935744676
1049774.8307757298
1036186.0699269293
1066714.271851967
882365.5982146041
995308.6298956786
1004620.6833882931
930752.8160048688
906873.5138932897
911651.6715542994
998047.3054686777
1006472.0666178629
1155305.8831533361
1141507.1973044083
1089720.6883405321
1147344.5733927842
1096230.7610294956
1117979.7175383812
1312991.536653629
1264739.0044296803
1217422.1933102477
1314696.8425884529
1159583.393291187
1163589.718706492
1334014.4935600269
1677956.5050974758
1519430.5222551047
1569431.2987546169
1498710.3861189086
1406479.2230834316
1246965.8850298305
1297451.503090842
1260067.9783986488
1343468.2417432766
1366166.5266519152
1279132.0495087593
