1137388.8
1165012.9587261563
1377244.5980690846
1243418.9977492932
1351439.6429987077
1187754.7838458351
1083146.1691253185
1006382.8627200947
1020560.2028016148
1112047.3275800694
1139434.8124728627
1208047.0121200734
1288037.8644248776
1226705.1940371045
1213793.9177294616
1301939.9788304646
1587200.859668759
1570057.8297220229
1538352.575000185
1403936.9183398217
1514171.2285208767
1376711.8599039505
1331721.214310072
1156947.6197728037
1191366.963864842
1322037.9454286958
1278405.9397453198
1360730.3492321286
1280923.7235530673
1383181.01548429
1414650.7700541287
1394346.1458026671
1341665.4862434722
1308573.1625476396
1200680.6158558237
1184029.7375158828
1155918.622647375
1136145.158844046
1110755.0659714174
1035834.2433200488
1177129.6287708783
1293076.2360057053
1213543.5943000626
1178347.3350016654
1154285.3126637796
1076923.9657794524
991468.7565318089
1046697.4109621883
1124470.3828272284
1095386.0228959636
1093478.6234184736
1059200.693655085
1097556.086947688
1104581.2498878178
1080467.301488794
1045886.6538933878
997615.1452037031
1165003.5686356807
1272565.2481996536
1260539.5829373803
1207301.7081153304
1152453.260595924
1183601.439632888
1092539.4728864173
1233523.9234716382
1244038.0164122046
1239006.7576952248
1217332.3817789236
1300398.174088935
1221661.9177340348
1096349.695776278
1079429.0337148502
1214217.745194028
1322698.4596273573
1276512.0473045914
1273095.4618917634
1218485.893903187
1137402.3664307208
1151610.716509201
1126076.6000056553
1050170.4802316043
1209639.440270157
1386342.3831622107
1555565.7735486815
1559509.7160466888
1409021.850511289
1341293.7183519965
1276616.4166439592
1279739.711875631
1266695.217307473
1455231.2497774316
1612992.1138702382
1443825.464248822
1584285.1567423423
1750623.2238763692
1819394.6224645826
1641867.6840722018
1758525.1977632018
1708469.4707486588
1755427.6068652484
1958314.067954618
1952328.4941000792
1818486.5584534968
1917019.3972057009
1868105.2806456718
1952813.8747917057
2194861.52286151
2205627.5463759806
2393467.4080913044
2286671.1924059563
2534508.7257451504
1137388.8
1218432.9826460606
1119956.251234028
1141281.3604977343
1016581.8247401448
976112.0085115164
879796.4796954145
902434.8799176808
860489.757216403
936580.0625225159
942916.1353256901
965552.9048911976
1077190.0399881888
1251974.2128332746
1160266.5538750926
1372889.0067219036
1342501.2995679642
1323079.6597011012
1235734.7506578427
1257028.3617207967
1253091.6600535864
1320113.2107380684
1314822.0340378832
1199007.1778360882
1199892.4790264077
1375574.4804054608
1544691.264241868
1498436.300237501
1352033.5750952389
1499262.4924285715
1590648.3647146355
1809857.045898542
1819030.3570116304
1751064.7528512361
1593845.2332357138
1512949.7254443946
1526095.5497092055
1473921.6427471035
1512756.1988290558
1416806.92789359
1298697.8076956356
1230880.2030427211
1040339.6609215123
1031612.2763142304
1131141.9013474362
1036899.9480957523
1124919.3863450675
1239234.885889961
1242727.157133943
1233284.3585462717
969147.9516666557
955819.4165712129
924800.9957196139
908659.9659130612
1021691.9950033963
1080358.1516256076
1058646.8866598224
966748.7960641154
897949.0570933361
909576.947849333
953666.5291691853
965443.1197385314
1016533.8696409328
988863.2335736946
995715.7734126392
1091323.700141673
1110078.096041733
1207515.4620696777
1183384.7367913234
1161933.0757046281
1146225.8598849408
1072452.1485322055
1152756.6227085209
1095306.2236637208
1073095.234820126
947372.4000030166
998380.347399598
1049454.6681977394
1040458.2197463663
953500.8435646722
930837.1187064212
830710.6207116282
845906.2563104714
816745.3137441671
794020.4124879485
812661.3595730906
832916.9685761251
1016954.905024553
889641.2344105254
838501.5343133733
839082.0790412982
820749.5843220318
791129.2417662541
797471.2011617568
781823.6437407737
795054.9549725105
742538.4806870319
788937.645681854
758011.6595176934
771806.1494842201
784209.4103463719
732358.6527912797
706687.8077486176
702232.3066626792
664998.4616142133
720736.7074623117
630047.7887534297
595027.8627305331
585274.853163279
598549.8395426022
632061.9133448586
