1137388.8
1160640.1588105035
1236131.7661967536
1089670.6506177278
1148987.8347662112
1101943.4181853055
1100184.086973487
1135475.0748359088
1128256.8224749726
1024832.7982446221
959146.5818110526
1008666.4509891223
1054833.8037158118
1115531.5895020652
1167997.31427803
1209654.8878455108
1421929.8619291259
1558062.6502741054
1387091.6026997687
1353356.0743158993
1249006.413639841
1296768.4565931568
1288587.948337711
1514918.4735614199
1456733.4565453574
1583470.3411905037
1580524.7059841715
1533317.6669505327
1480452.5555313083
1496348.4429334246
1626749.2035221716
1609511.8559424838
2002344.0883577103
1996451.4336105103
2174157.904385523
2313290.8403531415
2510237.0382581376
2213709.443166975
2109467.6138401576
2065448.4082244227
1948369.7878423368
1887333.612462111
1869223.1126408249
1638191.533488421
1678822.2560842454
1641662.7705371934
1699943.415962242
1812327.9646517644
1983737.6882030321
2078954.6029040364
2092639.4122060607
2100393.9598657168
2087591.2093074135
1984439.7945776233
1782271.440652602
1664797.8617672618
1667206.2946218401
1632583.6779761517
1511590.5452344392
1500161.5179745897
1635921.2242649833
1529195.1674089679
1691825.3383696054
1759933.3637870383
1749155.4165057952
1644534.157783423
1751580.7874772379
1821529.356271727
2064133.5043367802
1818000.2922759838
1960878.6092880585
2056024.5933965943
1988719.9289523207
2097049.6724118888
2262942.5582664697
1921005.28077804
2188964.921173783
2180510.0639872123
2166427.903859892
2223061.573203362
2366702.5103605604
2491296.5415837434
2605469.490425445
2607600.655194668
2635708.319230877
2768448.433259707
2648773.0790287093
2494692.510994109
2513189.144335263
2340774.0018042843
2459112.4169211206
2499391.217202792
2587188.5041186535
2570521.039544449
2656826.3386935266
2846485.7812698465
2824263.541022978
2723244.0704964176
2545477.2967585786
2860169.035425831
2670232.649136843
2992911.371443699
2955955.89189956
3000461.0354457987
2854087.9964733142
2663840.148243282
2790372.283358526
2680968.078711326
2383136.430200208
2501678.482146326
2729612.077200259
1137388.8
1106786.135966601
1075196.2047919403
1045022.4810162917
991680.4784648756
1023353.4944729682
1060729.590416554
1152809.9975956057
1269881.7782224352
1254836.9444131637
1328528.335616889
1311811.9492061906
1271038.7655227918
1284893.5873925553
1145529.2664159855
1196025.7128246264
1072473.4491682055
1020047.8928311104
1099054.0122368904
1167428.3141051922
1161255.1099874286
1221330.0527298937
1405434.4282138853
1448899.3694354037
1403933.2474926293
1435100.817463298
1614539.9853438428
1744081.9948235636
1906921.1305070263
2053187.588271795
1997107.746242423
2013420.396211157
2045184.4842514412
1925069.4790862645
1976391.6333845314
2118859.959538599
2173925.398783372
2249546.038609461
2285801.1224640817
2153844.1482153926
2106491.9320983673
2079740.3435319692
2361006.959232007
2663041.6139877066
2503850.1781294155
2620172.2971003447
2597501.657492394
2636221.0745547237
2569127.7584452657
2407536.5186958993
2183256.210411432
2175736.8512781276
2363149.5313207726
2540454.205158427
2208591.17445145
2164103.76569223
1871875.8499530372
1908916.877861177
1944379.1568978685
1805700.1454850442
1828669.1801219906
1968476.4649619174
1862522.1271216844
2197493.1351909805
2071883.8006442273
1975519.8062746013
2044851.5668576816
2166199.9129089285
1933881.4533866774
2142644.0451232404
2092139.1635232454
2056906.638709846
1729674.9631268755
1810638.615215676
1709906.8351813368
1766271.008167962
1675423.0273303064
1576018.821742115
1475321.1639506812
1646085.6232722122
1529208.238490281
1483717.2744471433
1316742.3552693226
1289535.1977001552
1256244.0003337106
1270651.1067620227
1217466.7274822225
1088301.0717451358
1011608.8748933992
1085515.7770724874
1253003.1423017776
1310202.3262823734
1439004.6656620984
1375072.8986999984
1450806.9601554875
1446358.6269636068
1536639.9496396556
1701686.5957171936
1725709.0528198741
1572997.0083281158
1579743.236874021
1349062.0972164343
1248766.8830421814
1279651.8674315894
1232868.7451137083
1275355.0805796187
1267305.3507628292
1294090.7878907637
1344260.917439291
1373928.712332245
1320456.666306063
