1137388.8
1053527.4485255096
1105903.0002803856
1263487.3501263873
1279956.4642051032
1202074.0637698153
1270492.928447156
1215498.0259352108
1217827.1630038898
1282166.9604340438
1317385.2317951985
1340257.8409017923
1274434.1305960033
1216097.7415664205
1392003.3966602648
1365768.4495096887
1248116.4863730702
1319797.9210282688
1218653.2558240825
1244122.8807176207
1275338.3138100966
1306705.8189135315
1182055.0360358662
982555.4495130118
890483.6710948743
896263.8142808041
889221.5197256343
959423.5983352219
988794.7497643552
939039.3610096566
935008.588018234
834974.9194757103
782914.5928142777
728268.5661726446
717343.1246962382
713968.0288456805
689307.4163932634
838288.7836325674
799209.3566523804
840067.7473639431
867290.0988517877
862124.3384315303
750365.7167171951
702710.1594035097
763905.8484880499
688426.7311867534
666997.6613051572
713969.3311641897
697441.1658580397
653636.4425970287
565253.0194051376
557276.6983763356
487238.0606424429
472351.3263790829
437838.3824494668
446702.11044431693
508531.63412375824
439447.10472865094
457240.24285577267
431970.91713598894
423391.1909483449
422915.25717529503
436936.7766790207
440389.55600157124
445777.05974071077
412242.60128186503
421028.6647653018
444584.0256902201
398428.97192939545
397479.78838160477
377268.401581417
354625.2334501077
344286.1709751887
340698.2027772628
391682.5788785007
439652.65612219146
416646.9551617296
428374.8650453547
384415.5389763606
352132.7915412379
338655.27031998785
321177.6280835137
346945.97324933216
368132.7710115763
357130.36740178935
333976.8536392633
319106.4844650638
329708.5490438966
304678.35168674454
261229.02604682345
242643.42400504876
236735.33253634773
229052.55174819758
232740.2949935726
247053.09230987699
266844.02747057204
269615.38631821756
253766.10566481002
275063.00339344767
287264.23022845946
259404.7925733451
269032.29234689416
237401.35677701383
248663.89660407294
242338.2097566086
236448.30883603095
264375.8578316306
252650.02236182755
264084.89851954725
233852.95850489818
249180.65931094476
1137388.8
1079043.4692822085
1066533.52885434
1035003.6853728667
895285.0519335459
830442.6481236828
849775.950067319
949108.1249127346
1008015.8126161083
1084461.0226698348
1046005.1754631958
999210.4646332101
1004962.0705368316
981228.9992780184
905272.117070248
805017.154005647
738393.4162975176
721595.606326368
740862.1063760767
692176.3798339147
715220.7501070821
689582.0368265524
852199.8085108495
985532.5575946493
944515.7554268696
1020427.420920552
891910.7284595283
907160.9867443143
880914.6563284623
892125.1386907377
872369.9258470888
981497.4480399265
931829.679640446
880333.5336547754
1081672.9905722493
1130983.3252315386
1078812.3826540916
1116865.3268410857
1142781.4515088229
1113732.2290982064
1019128.3816987068
1030689.0094872628
1037519.7201088652
1038912.4030499856
1112492.3278765816
1243697.8395991349
1517854.5185606503
1513581.0647191473
1489793.8679034454
1379837.828405587
1295625.2730044546
1150906.6503481609
1198606.6208836683
1047021.8939661805
923974.0615552816
964553.4110676121
838631.5922492652
835700.4793198925
855665.7805108678
740247.1446513883
724300.0883859211
700632.6834091705
684342.4852402858
686009.9356952696
702187.0468889083
681209.477767836
739694.4942400157
715724.4701975819
651347.8700298185
712992.6201215904
671313.4028321351
759722.387398902
751539.4500606507
724037.2058561628
804025.1712095022
806770.6072074095
817280.829275298
872221.1555032129
850637.395318256
796666.1485949522
770353.5027742129
757655.6095808235
665226.6253613741
619887.0581569739
610191.383102215
614259.6288172542
629363.2524078906
618508.8495592382
583847.1026927833
533218.9590290555
616635.0143524435
620130.7077780407
614404.4593118387
584046.3786927566
560178.879263297
560204.0545114629
598151.0706623078
603831.8625634623
636609.5275856733
743592.1300150126
751665.6636366927
765067.5898088367
770431.6356441772
829227.2827829546
844434.4958633515
948627.3454707981
939155.2118571536
997338.3191065236
944498.2104614145
861665.6655171812
841471.7918018973
