1137388.8
1138643.8307680516
1224249.9058883002
1138306.4736864953
1124890.956852451
986553.7435074615
1010991.3898671108
1156161.0142208075
1225569.8062526253
1242532.4323878593
1144563.7318791149
1042630.3950757898
1180054.783230361
1193739.6886843012
1254215.3179729
1250457.6336850738
1239964.7313299482
1338878.9297180488
1528037.1376954727
1459358.1114573139
1570635.1703958134
1531638.7355560667
1784684.671760746
1897355.9460458055
2140018.5390075203
2057373.0167495217
2204674.059734987
2100036.8590014004
1813620.1256341902
1955737.512887638
1882458.011788691
1874874.058085239
1779863.2732197715
2003449.748987357
1795307.9567896035
2016008.5138607428
1918226.7793125415
2185618.5206689625
2090971.995703185
2078923.2702219093
2106368.3670550394
2076938.949943547
2257332.913652417
2115731.9156657187
2117944.051658346
2142735.963156451
1999468.6164597676
2126177.780206578
2466197.713160354
2616050.361843985
2423207.63354122
1982317.4262784747
1955721.136231884
1926421.9652953353
1991947.4730127112
1975579.7274984156
1986692.2699191484
2282680.7924405704
2270682.4679096765
2126961.7175629837
2406659.605616228
2129900.3919278984
2241531.8725203564
2535187.5684369104
2500190.5677393083
2775599.0135549507
2672652.3113705735
2439509.445158558
2197420.5320608784
2293577.682396435
2138674.837336351
2243866.3077553217
2269892.7372863796
2450645.8763455977
2567441.8035988393
2600655.9436427653
2522757.736303407
2725886.9633394238
2645787.774114507
2510288.498003793
2188091.779639223
2057736.709660436
2436693.0855749575
2191573.8520860956
2247119.1567048472
2605819.7114327475
2604267.763402646
2776318.352796768
2633797.6452496145
2226670.756877777
2374877.2322740657
2186758.1588032036
2245416.6472653113
2202217.212789989
2515732.495075626
2634681.134934595
2806322.6306183836
2673348.7712454624
2460478.0831259596
2401636.8159631924
2498976.3440923807
2608818.417566673
2411461.4199222336
2507394.1867060186
2658102.354292084
2631122.201506225
3225919.70147337
3285342.7434909064
3365344.959731492
3987846.1336076497
3797273.6819386967
1137388.8
1107097.3544492102
1111747.591653919
1147463.9127522565
1306792.8704895414
1222206.2334241748
1217087.8092248442
1203894.9902876709
1151906.9223246058
1140344.9938736628
1179822.4917309762
1184297.5867198887
1272155.412572713
1312470.9774700291
1345566.8936434058
1303827.615115086
1299667.3202357653
1558300.432598052
1506413.4503062028
1640842.61594743
1582346.2731340504
1579277.2852976518
1487869.0513957671
1461647.8052272347
1479401.6684479844
1505561.1154131119
1437895.802576048
1497148.3591437396
1647092.1433548683
1714199.975612475
1530761.9386125347
1497008.0507439186
1289154.1134217086
1427902.800019008
1467818.7980353623
1487508.6744707983
1525250.8074330362
1495963.6036706
1570243.595360064
1536307.913476883
1556694.6314616853
1464617.8232368105
1291262.985474199
1346241.791622598
1583598.5435569927
1706062.8365643497
1783020.1391537313
1836636.429828476
1953750.5209094693
2009624.5412722894
2163610.687350613
2555817.0600938597
2614438.2330553597
2497611.954716989
2519527.778126328
2646936.8634029226
2745260.1513030366
2573807.8329023225
2568991.3675134904
2617750.648294256
2685125.2302569356
2501943.4439639784
2429874.1534909923
2334829.869612446
2284610.670674442
2164063.4439614974
1897956.5482977591
1692685.4285432666
1673143.6530254614
1721354.5265473104
1832634.602892943
1647623.7494264988
1904193.8894574717
2087046.4622142306
2437228.578317504
2481072.955090858
2697881.6026734803
3400262.7452523913
3408682.541028006
3343908.8853281965
3414763.5159439957
3671671.6317469
3486963.3096369505
3656937.506942582
3833814.428305537
3523666.664965363
2888279.530641689
2642782.312261707
2804479.8238585796
2784049.3534312253
2682519.194757301
2880428.2447054544
2637444.2829916277
2642256.644577585
2996376.662700208
2626940.3683228875
2363902.702575683
2389542.700362558
2300075.900158115
2269116.311097257
2101414.547603229
2118421.5856482117
2152437.638618681
2208504.8344745315
1978853.6617023353
2195358.913277469
2088959.7594341694
1921637.4663590856
1947773.699884579
1722406.4372860498
1832764.9095412272
