1137388.8
1182490.7484209158
1176668.3977566534
1089135.4355425169
1176280.4609356944
1094042.8849457873
999911.7030779674
928951.3960240529
897323.3081827896
970220.3476757132
977731.9850378219
1042165.5742839132
1124752.6140411017
1278795.6301722308
1404810.3242299133
1390855.3769578084
1239800.0683988596
1158190.9384437276
1088214.3452947424
1015539.328375159
1076910.7640943388
1066161.2186304363
1276367.8497186583
1161023.607825006
1075049.6820528908
1312140.6755155397
1257053.282233296
1401016.3856761467
1397788.5045275309
1451590.523702481
1615127.9282718727
1692405.2989057987
1690475.199530241
1461573.1757036361
1352977.9442566196
1351286.608348518
1151697.0441465152
1088854.2967607302
1180834.1744649003
1091211.6559248313
948616.6989083058
970817.3928132725
944786.6745296015
909240.2893196639
976268.2272001703
922018.5105139578
891022.1604589919
965147.747518059
914839.6786854389
942664.662269949
814203.3579794969
743339.0168341856
765896.6982939468
755255.3216902362
812735.122757501
842149.7523519516
862001.0782086973
740979.3270259621
723955.8492581748
611201.652711435
594442.8697112255
581008.6752523028
644809.554887813
709467.0169595426
638153.9225597933
559929.1245654683
645708.3415895373
626697.159535536
653578.2603824007
611822.7748986111
643200.3154633491
659503.1835476474
691571.5124775204
707012.0476576277
765666.7373450254
856377.4409210436
795446.274910435
883593.6540604418
866014.7288625058
902557.8414942423
853183.2738343711
900222.2567760978
891398.9729592681
833946.6291790771
839074.7531201633
812427.5613082203
839498.4829603736
790445.7737458198
852752.8886733215
786742.4007163715
837840.7756318746
890699.6711607988
917590.4098205374
801795.5587376215
781530.0232225488
832860.6714496146
853468.1604884379
909238.4449173914
938276.9119935898
945590.1023821315
935633.579852897
870420.2935370733
814319.7676289392
832469.2666208282
903782.5043737816
969122.1240701098
881403.4808907908
800835.0241810719
734939.9442566953
655102.2268920286
688290.9025593833
1137388.8
1078538.8169450308
1166350.8194667401
1148259.2018285613
1070507.0791002396
1076696.9235114255
1144077.2388538243
1071324.0351018938
980059.4315093833
949124.2107193401
964162.6245854887
926290.5597303951
1014912.8855336972
1076444.229867657
1181510.9477154948
1239795.6685999914
1237882.803842932
1247764.995827075
1128284.2324672432
1088350.130647768
1256899.7656564196
1067948.116823858
1050804.538052343
1164893.4176437454
1168678.8057195714
1216760.0189771722
1179825.9248761584
1147625.3222696108
1002381.7312303226
975260.1093263697
1003127.9497007623
962830.6479900131
920477.0629888425
986246.782792634
1026908.5252673487
1025308.2927269598
971396.425447419
892744.5602052211
943613.182827062
877356.0157374166
720760.3924537644
699206.549483274
780861.8352089659
742499.0780851652
760464.7821363636
898976.0265344927
845955.5298009823
837064.0198819133
857609.5791179304
774440.2485752051
838581.7102264003
828100.062532669
754116.0939850854
700901.61269763
651683.2138414951
628123.9791539036
576404.9501869455
605676.1686143442
623920.1404215557
557523.3883249626
621745.5324681412
561443.6761739142
535710.1022273524
567041.5320540599
519414.1408210598
552178.3769617752
540248.9952008448
587369.0863468535
568127.3837728979
550720.1275436973
511754.2082075721
505245.3729074907
507624.7317240557
511425.2554441931
511000.7262128267
508012.07799918903
593563.370704888
616694.2827504106
781961.3676068442
755010.7901731234
802584.9688725566
838387.0750052045
850027.4374195387
776861.4476288832
753390.278019664
658008.1113220445
631034.8423843028
614683.1900659521
570525.3095660671
575158.1288364937
555103.848663114
528151.3456543623
503443.44921645604
474212.52422220196
407760.98377133557
399569.90417489194
385867.3273108939
378966.44412048376
393744.0349775696
386862.03652709886
428556.34471286787
500186.0110303433
462245.42172641424
440188.1727485435
463642.42202426074
421166.7042562825
407515.4281612665
430242.90314475
409148.3080030452
403888.93578832253
373840.0241706806
