1137388.8
1135837.880864332
1193895.965313397
1227540.4189158496
1273944.125104495
1225462.7584035296
1126963.708798381
1109550.468655816
1202746.0795439433
1152586.2095491292
1096572.0703879686
1103010.4069147056
1064228.7692187997
969014.4678797299
1019521.3364942803
1008438.2769781736
1092837.614807552
1119653.5048739603
1080504.8988173841
1210031.279678854
1309127.7195075394
1292835.576568989
1330677.2913231521
1320106.1122727336
1317547.7853917722
1355154.467119096
1519027.9038077858
1547644.6024435326
1745221.7149304657
1695379.3888597025
1795245.8487201845
1879165.101560031
1822888.102143653
1838709.232606708
1489772.23622271
1494422.4689264623
1523987.5540149275
1561907.7947122725
1564731.2667994697
1451948.8213445414
1420065.2220585085
1434767.4165755792
1388317.1572119943
1407238.8289694528
1375379.5335053238
1461930.1799789802
1602304.3941811444
1934023.0929178998
1918003.5098468994
1958845.0348325423
1692154.5620644141
1648340.4305848463
1675514.661612204
1631464.0239700442
1718993.1754234615
1740101.7087086455
1625173.8952068316
1672491.2893484104
1662743.5159771433
1546057.4457368667
1652948.5387889247
1799118.3246414927
1960721.036036194
1782440.743933821
1764975.2777656075
1896871.7958516718
2009142.3623436945
1729004.465933259
1575281.1177808768
1512500.6484660837
1544772.3416353893
1721319.6408651178
1663314.529493708
1697097.0701114105
1763276.3678222205
1883132.0940595325
2339652.1193306595
2369933.868814315
2022337.0149407596
2030061.9838533904
2311262.838095445
2408536.8221607017
2356340.844839088
2502288.246706148
2533769.0468947417
2740513.8902874067
2630683.3568339474
2799531.9882241925
2551841.9838321353
2682896.7887493535
3068330.7128744377
2928332.257983312
3133851.0357963825
2982693.7514756992
3167304.4733398585
3377926.007936656
3198548.908511888
2970659.6793241343
3325478.8316920716
3081669.818801369
3191482.2042509755
3197260.5091124806
3009687.9418710247
3396288.3753556088
2903660.039142963
3102897.2781152283
3125808.0025411337
2719663.2380843214
2801938.388614514
3096156.7655332135
2949403.353121463
1137388.8
1193804.1736732388
1375253.277578416
1193894.8827684368
1286541.645166287
1498164.9130843722
1603107.3064709462
1325816.2232807535
1146738.7863250987
1070886.3983945483
1031240.5035648982
1056690.910729315
1007662.4136536808
1026322.0880009873
979645.8088920651
965008.9020586817
923309.0676901697
996870.8524745632
1004609.6440536403
886223.952657069
738749.7784044573
809195.9931740764
823051.9703515118
910737.1926029236
860149.7338046738
891172.5963219649
930656.2604996802
822962.8235708431
781493.5600589109
793651.1863838872
861643.0672275353
895384.3038154533
945802.5130152147
1031874.2314329679
997733.3624166985
960803.1491929506
1007826.1012757258
932779.6132695738
943379.7732206951
1130538.847992025
1292685.530934608
1208258.0913284381
1258386.6852665232
1008717.7650090597
1023552.9773588511
1113607.4954399948
1022563.6129014876
1059739.0876150674
1246844.8091220432
1269752.0727987536
1299183.9773931352
1181926.8644744821
1169047.439825666
1066671.7119882286
1023759.9564375562
971001.5969383671
965638.5288062538
885779.9162975017
824264.6229315
925697.1918307769
1009399.7417360884
981182.3218561457
941411.5587398894
1160656.2607206749
1264178.2808283719
1343538.5559253006
1436369.5297058965
1416760.6256696973
1457702.861343998
1430770.5334477318
1353680.4509637265
1243230.646833862
1227248.6798312524
1082479.7375283637
971530.4659937712
1101246.459931897
1205395.4211685327
1229158.2251718382
1261116.8073285131
1309873.2460188232
1334575.7676821821
1293053.8087393355
1306416.4671843818
1535160.139499769
1445515.9253768285
1368163.327041529
1329729.5942623937
1473002.0990919264
1774303.960060731
1775793.8639202514
1636833.71902324
1739683.013931077
1719833.59028341
1731236.6293161374
1659740.0169204597
1724208.0655464313
1619545.0052962392
1530312.32213574
1561907.9977570055
1456190.9783150912
1488199.363044847
1620877.8933974956
1569578.0703773529
1519944.0131972881
1503890.594915284
1670852.6595344641
1574231.7852739801
1559165.5779873452
1462724.4268512381
1273278.2693339395
1381389.1428067465
