1137388.8
1121958.9090953479
987178.74355346
933725.5570062351
907996.2692335406
954540.124755422
779461.8857926655
762042.1297867441
742984.0799585009
688703.7760760016
723793.4476422378
828630.2944827965
793070.2250509844
843830.994010541
876861.2384141446
910247.2337785544
824569.1225298635
728356.1512783921
678118.7442433274
639238.7403670473
641921.6697011333
612600.1066466207
634749.4631327834
634353.8501420362
605570.749358317
567832.4635579281
647360.1688845456
636168.6099004493
654282.0952551906
625495.6946152627
671954.8632199642
645851.3325227115
762347.7815752778
809479.3394301463
869802.0967147778
906257.5059541771
1033343.1693330688
916818.7046241899
857288.7232095109
961627.5951452662
908012.8535447383
939255.8644106786
966442.0385913985
1017015.964556336
974080.3777327535
1093769.0067529369
1034460.9443015086
1113507.8512656244
992595.2981942276
998429.2944243164
962920.9956936241
968909.9502595006
1008051.3897843072
1011544.0442659449
956939.9564027094
970350.577155754
983830.8944656962
945386.2374119991
905833.3450114246
1000535.7403903431
876802.3298501186
939881.4409851037
923533.6381928232
977276.6846121311
976743.4843528868
901678.5694107789
1002664.1099507401
1090790.103996341
1058749.177950003
1115582.9291615689
1103285.071552825
1092409.1541351322
1044930.9805902108
1011937.6867945193
1085404.8460254031
927383.8702046913
865963.9372066531
909735.1010178266
975482.3958853543
1054497.0023637963
1223439.8672884814
1290385.3578440933
1452286.7568735387
1587540.807566619
1596886.5047969571
1566894.5230405862
1680241.3750807636
1859019.7721153211
1834688.1787043547
2049474.2868932409
2041191.1778148594
1861588.2058440265
2050623.3997054836
2145384.9294754453
2037833.2656712239
1802156.1543723017
1671316.5769769521
1723469.7161006173
1579132.7785509643
1597342.2451993816
1458142.7250869437
1543197.3918660474
1353280.177103164
1432080.7443260949
1300392.73957906
1258340.3710086243
1220171.3391731547
1337048.1848173954
1261053.154562774
1097796.7885674487
1118712.1596038796
1137388.8
1028540.5084557115
934039.4938362894
898682.2065897528
986719.9662070912
1011366.7081466403
935671.1497701625
898728.2165526306
1046188.5337608946
1146162.4037135064
1174209.3225198532
1133214.7863977607
1137055.7013372418
1180066.3259006324
1057451.736831505
965855.795428697
909532.9798239842
892989.5805070613
799783.5382699694
845958.4234847893
802769.7024043478
847735.3096539644
939100.7523691412
897169.0777683108
974998.63259106
1042177.5211887163
993537.384048955
870578.178984266
801599.7884951708
797538.5388304606
832074.5057411281
822035.8771051946
821817.4062615406
977458.5418783942
805855.5739946447
815918.6955491354
778497.5158010884
804011.8609723051
828766.7447663248
853853.0926464658
796594.211297937
750282.8979219395
780440.3484870654
834648.0519693544
826559.7983069643
914908.5286287474
1110386.50902547
1072240.7869595282
1065344.4834789846
1200235.851705017
1280434.270259458
1166792.7775280694
1046871.6785823522
966980.7552826433
928816.230928555
882633.7177181552
915466.5427618929
917640.2040128671
882563.854395991
912617.0736447487
792466.2069014689
748992.318648426
883734.5474858059
850368.0463354752
762573.558925466
757338.8360381337
726722.8268370085
675516.2929829719
696982.24351646
721001.2374050963
738694.0400422596
772647.6154403043
722693.8266334266
782237.2573902501
767436.3290570837
818629.8505420593
933731.9800555005
1152143.0333436546
1081413.477773642
1120526.3398585261
1180955.9115626244
1074438.109721379
1072873.5505508666
1064588.9880718808
1063334.9803354957
937169.1632390888
989277.6618202131
1034471.1909384485
1188157.8034098286
1230064.9496899575
1373089.7608879574
1361157.4518702063
1587176.2848194211
1811745.9189960442
1765769.0987446879
1710027.3787895099
1619927.517586459
1767758.7482102122
2138571.3008554513
2159148.3952043173
2385822.491801706
2231206.1369032096
2391632.225776546
2463601.965939037
2147530.592767046
2154986.634287038
2022681.699494558
2019363.7735023613
1914706.284351794
1819152.212670992
1617945.7054920024
