1137388.8
1255655.7895693975
1372540.4520856482
1472559.4028143329
1372547.616356655
1421253.133839983
1472963.4364106178
1396204.186333757
1490198.699643314
1472579.2417428405
1573519.2961202068
1475409.4527316128
1504122.7442749906
1520625.6807265636
1409050.4446609386
1678844.6313205534
1642455.972264241
1702579.377930501
1510374.3404193528
1703094.8001809346
1595916.2850051054
1700810.6011473269
1774340.3784883763
1761699.8967280977
1628087.3798338796
1627825.1813706164
1800071.9462945233
1875512.8692939777
1917888.7857161069
1828384.2708071445
1846058.805392312
1746350.8077012168
1796521.94145856
1593131.685369941
1661218.7310479085
1959403.830566916
1871593.2648519636
1701893.1469182407
1573116.9444358402
1621581.0763122332
1529006.29200136
1379181.4657899737
1268956.4102412895
1208214.4504444867
1280750.8753793598
1203355.518849319
1218186.0390422104
1107328.5313228285
993729.6567548584
961078.1113129999
1164875.43460199
1126890.941611824
1206978.711369473
1127138.0889154992
1210121.7822502756
1130193.8426761478
1073683.3290683723
1082808.356085689
1254973.9827072332
1285254.6725558033
1397361.9771145568
1398779.8071117392
1482964.1752378768
1473474.1989397092
1643701.201532954
1611946.2042238982
1847697.4623948913
1722611.7271022308
1639799.6090072168
1354195.51938608
1243656.639467657
1297432.8463664015
1265897.9333179886
1305482.628258342
1217318.171906089
1163675.0974655885
1171889.5159122883
1185334.7820957096
1134769.2373722312
1122797.9328993415
1044990.1324070909
1160784.8008034208
1163024.2329264244
1105635.4965771104
1071376.9121679033
1087174.0438201672
1037720.6857621367
1043740.882477016
1144134.7150254836
1201777.2711950806
1198467.898662944
1326348.4934404471
1276240.877306208
1483696.7756584494
1404038.6024735733
1430223.182381421
1510163.0351480334
1518665.821810734
1599685.154516076
1604596.9651372293
1742043.8158878514
1786404.3197418782
1891548.468060403
2062565.0857104934
2185389.726374983
2419820.607130274
2511240.3779000673
2388369.357305139
2247036.501754875
2382163.004130795
2514081.253178966
1137388.8
1218547.9259222397
1093463.4858779463
1033937.9555037786
1012852.7409550969
1015171.8198549475
888952.7514258311
985906.416065868
887097.7653525587
950999.2299437289
997906.2537554624
935839.569389167
893636.597165242
882886.1629019356
899477.2637838753
893862.6799368367
828166.1321544838
887708.8175849353
901827.5012773797
1050372.9613671517
924813.0191137774
917275.3717383308
740068.4970644397
715747.2482722054
760554.5120867193
770287.0998007336
740010.2998060363
755625.8753533032
900338.6360098965
934263.5622209132
877386.0549044105
886399.8149430758
878890.3966722672
889713.2246459802
938892.8769665161
961958.3027127406
1102995.7502549968
1073198.209358956
1189155.0504743052
1114115.0166215356
1049159.3528635874
976405.3049633676
887950.1151616927
923967.3170841688
811841.8184168077
738532.4269897791
717390.5373621857
745381.3511942206
721031.7539707358
633579.6652288905
638735.8749327776
659490.1242584788
670842.8588099137
702606.821188314
731849.4895994148
773190.9015577085
807228.5448274327
797184.6848277423
811067.4214643762
798406.661806883
791289.8709432784
778640.5276473244
715216.9310127075
655407.2235203716
646453.5911946174
551138.1434447601
546396.107304637
493765.5435065415
534464.6951250305
574150.4374700935
564099.0060190203
540015.9002132879
621865.0911479455
573143.2259157941
555842.4835938674
425265.6903204332
416805.63357722474
402585.60626459937
399016.0784241271
443173.0191662106
397477.42648301285
416408.4748232022
449864.9144762062
486655.83622206294
494526.94476809446
438956.53205669596
473329.8447958227
486690.4895979129
462123.8928881506
455111.4222447621
462923.3820203007
457400.6915906902
452476.7782685405
488325.579940539
499096.0764420257
515042.177972834
444826.0801102782
433782.7655733587
451342.1460524403
425477.55984238
363881.2196260194
363911.5540023919
374926.0259256624
370557.41256033414
371888.2941912836
391629.97822106635
339068.33019409893
317715.19109367183
321940.8400313409
307711.7621713555
292736.7235613978
