1137388.8
1125041.0044684072
927186.3466302473
905319.7791489348
940236.8589216768
1063229.4407948633
992379.5470026174
881364.4725742358
769315.9920656937
715142.0051648348
715725.7256526408
621088.2031227263
590098.5599806677
527914.0379296235
549258.6500435872
566151.8785835707
602475.4522252479
642772.959012004
581961.077956596
628959.3163001235
653842.5717652505
672132.5168176456
700117.1565847564
665553.8149377035
677628.7019604244
749925.9031442109
673218.9438242185
651490.8200199282
603894.5051961984
575817.1626018154
515522.0777396745
461323.29928337166
393767.45252559095
374550.80017428135
413499.0705240072
395988.12709032855
368170.2344754359
308118.33795320574
331317.70255182876
317970.39045961224
329459.5817814936
292950.16466147115
266016.0309882968
321781.80222927144
298625.55338137393
280617.5294487622
257616.30342784166
262012.2973423113
240800.10056034522
213047.0343491808
210429.82184367217
191114.7946197977
203597.46790604442
205484.2812002109
191105.46623571735
179432.53415539517
180179.3294083832
179511.23513625778
176261.69954238803
164638.32384971887
158254.88942874083
168977.1305443558
187420.85838745293
205420.8082872101
197877.02361708664
222827.52577613425
249751.27035701677
246125.10500792798
265745.9105406568
275492.9450683396
287049.1241502913
295623.3170768652
305197.68186680885
280960.59453882196
280346.7547397589
308652.1805946422
317797.57430530665
337970.41234965343
344339.3084742195
309226.65826423996
286224.23923502583
312463.57375774044
304897.0938376211
332838.64755947125
319088.3023570449
340696.2287863719
337734.56740722404
308142.3897098541
292168.1164887301
333494.5600249398
344841.38862196764
354983.09709388786
381352.7347671351
386778.1057532764
372279.3748221834
375083.7658726309
352243.8950223321
334320.92360696674
340841.93174991506
355185.1505962351
344528.27668141964
361893.0782140091
380145.7394412641
370362.69870371436
381063.485998132
386722.6344352482
363083.88444597344
382489.86592210573
408136.35990196804
425654.1438069135
445044.823895826
1137388.8
1187418.4254059873
1213176.548813495
1188424.9681381716
1485165.9558902213
1594997.125791677
1677940.1992908497
1845421.673016321
1916642.9971116276
1867585.6200209584
1890614.4168495622
1647652.2682014313
1779045.5435616933
1687192.8326792254
1644823.0167889972
1635529.8444577565
1553903.2079005109
1478438.0325931096
1526123.6322804329
1553990.0251825338
1652076.9253943749
1805255.91576436
2084060.350319909
2216952.0137026706
2367469.248128601
2466954.6603066702
2627136.165794396
2562617.081375188
2692411.6135961395
2659373.413748561
2587154.7154527125
2751055.7362187067
2926646.496336315
2991948.2760645724
3036281.8513456252
3156851.5632308335
2917840.66390022
2824058.0677902517
2753400.3804225386
2570737.2553233947
2526118.5212101885
2346597.839026117
2142985.9731549225
1863300.9671284813
1912577.0228729506
1838869.4644705378
1931054.6289518215
1919244.1100768985
1810722.2102246198
1838888.4491286194
1834425.5145184072
1947972.913184468
1867078.519471218
1906293.4563382182
1956411.849041107
2040173.8751350609
2045200.6867759428
2123992.4497882593
2161901.367563668
2145942.8356834603
2183727.4469268974
2073476.323663934
2259195.5879554055
2238095.114128885
2534690.64850433
2774461.4226790057
2629273.4092083587
3104499.031343403
2908216.0840563537
2755461.5890305215
2676372.0079273973
2547830.2239025105
2485453.521302187
2724136.508436703
2872141.685893501
3013085.681772177
3144328.8719555847
3090748.307499471
3337975.838071093
3394591.335036123
3664645.722466113
3902884.4258333636
3725641.5874809385
3941074.217249615
4187790.752177027
4651159.184552445
4949248.226296037
4319579.43848609
3774228.7095026476
3608956.026138576
3703398.5526511637
3563027.690607401
3328371.8820653213
3369144.16706786
3316233.344725472
3592110.0629202863
3480891.0604162845
3287034.5772897825
3681520.3934602207
3407877.8738147635
3499361.6655850178
3137565.7346192785
2858700.83970075
2901066.8236340457
3338197.387105344
3409497.3372264095
2786798.596547567
2672464.223609216
2983947.6898808377
3136948.192635996
3000986.5215624534
