1137388.8
1213046.512550412
1359206.831843873
1454099.0021162187
1393634.7406887878
1475660.5525251147
1491793.1157064817
1473014.3147012522
1554066.2441922585
1500433.6691027465
1471815.7671762048
1486671.547589617
1389849.4122851312
1452001.2040402573
1365275.8876010918
1418694.173323454
1454202.3934857193
1512364.4935864913
1444100.2794513337
1367055.4215589606
1334972.6225345233
1391542.554589582
1340687.0904632045
1314394.0209705548
1353256.9021528116
1378449.5429006547
1311484.4491678227
1313551.6741034756
1328682.8015728947
1373033.8532666366
1461257.8350124678
1468410.1882561797
1373309.86853009
1440754.8999243078
1496485.7758516532
1531092.738418181
1538297.8459521935
1497593.9539922199
1420605.0633457429
1544448.593693478
1770792.8203452285
1838527.4802036707
1806102.438741665
1778604.0459871856
1782893.5265616265
1702606.3192346273
1702322.305119698
1653328.1289761772
1770523.3068187044
1651475.01613737
1792885.8732070876
1800051.2270912235
1683765.5445787036
1688921.5572230201
1648456.9784017326
1640920.2211392776
1640051.3807005708
1759027.2761961706
1636870.7451864595
1795877.1211308532
1854348.2059572726
1800754.165685039
1617090.3960917273
1509002.3565384978
1487804.8688372087
1439543.9723563523
1660876.4354401333
1752932.1758500254
1589647.9917325657
1628923.8120255363
1532989.6297550688
1646389.503640755
1731913.5087317575
1795800.2334673111
1821223.2228991096
1808849.4537581461
1882627.3162442115
2240924.554811347
2229421.14856724
2280984.417868345
2209744.984460188
2323015.36885258
2399374.2934136926
2278465.2504652813
2424843.47414762
2575392.126258207
2576849.737786895
2342344.267345855
2810262.3017230295
3309293.190155558
3916229.10909087
3958124.350115339
4268086.41911254
4127440.7955887956
3822876.243617627
3565914.4133022497
3522130.507062585
3202953.207431568
2904924.3347874302
3218090.8992747567
2987568.8054598016
2723018.8694944372
2535676.826017116
2242219.389615066
2391454.571928609
1931297.3644592788
1728619.7447299825
1747780.9310200918
1934304.6681028826
1902348.4851327732
1719275.1295988793
1137388.8
1164307.6359424484
1176693.0428873408
1096642.7966264852
1052887.940060474
1084809.4974715756
1028289.415227594
945616.6013237459
926950.4354480623
953749.4843894698
903203.0117470623
988337.0152678231
861243.5252917594
955318.1986265429
897009.4482258733
999178.01076847
1025217.5532345995
1088538.6266909067
1064542.824966622
1189435.79074488
1236516.8353693737
1212768.3975344251
1111040.1978952605
1163611.0684184611
1117923.6486910938
1106208.3292331519
1163478.7756099654
1343493.9164156653
1564947.1420367286
1499365.4035310587
1585674.7735814643
1698261.1002262128
1816505.687939322
1641393.904897041
1853016.8372604616
1811524.7169987184
1767132.4107166755
1658773.3933828836
1623945.6608388482
1620584.09101673
1469861.5822748218
1303002.43130274
1320836.6424544714
1230099.4920596853
1346330.2651308763
1422533.8483644673
1323885.8538540618
1270076.8900296192
1219545.476523143
1189608.2471070774
1059710.0553753697
1027808.8330101757
1151023.5441800836
1045816.3411023085
953963.0137635341
965814.488467163
925880.4170698109
833045.7413174311
905665.1856218941
908070.3079327556
917171.7467548281
876236.6275573479
951696.9945567342
973148.3276686707
898985.44623646
889003.8301800734
805615.5805650488
776141.0924227143
776179.4972385156
778235.0151481351
774846.8547421168
820843.9125943423
856734.5435556225
939081.9317731966
1035286.021380234
1117625.9416133869
978602.293618535
903664.6882423769
979000.6472398371
917574.26943612
986095.1141878883
914725.4196177982
952792.9194102695
911221.9317088166
1069251.8151173268
1140985.6170516347
1122790.6519784664
1147537.620295611
1201695.9403630104
1236209.7364192307
1430467.9038175493
1322731.6851518177
1232754.0700319142
1285184.9340399464
1227907.184746216
1098630.4845278878
1155589.529687554
1138770.761408449
1228304.0402060053
1133456.2112669689
1136623.3044472309
1032722.4532443429
962031.0277631201
1037234.4395654114
966805.7245188303
1025827.3156479134
945176.3654770117
985944.3866134278
964338.5422052551
982778.2995809986
1036268.2925898591
