1137388.8
1059302.6967006752
1058774.8804411038
1101160.4348457088
1188080.4527417703
1259641.4309044266
1397641.7230770688
1479085.509992778
1411901.2643473418
1406888.2350018586
1289848.0821396047
1257569.1156377709
1226326.13196836
1254574.6075813505
1205617.8433679154
1083476.1540010332
1049376.2677284938
1059707.0284140334
1244031.404452948
1227487.3294843994
1237575.0352532752
1121317.3033813715
1072403.5923439756
1066733.5527578655
970314.58121689
902419.9172251535
801562.3341867146
723913.7222101623
779338.9307653931
832540.5421655246
830643.4702854272
872378.8512488264
905385.4241765398
886645.2631255443
931350.0999778392
914825.1003910503
893020.665883969
861633.300859656
921551.8639238576
927060.3938462082
952957.3575632393
958305.1626291483
943920.9721956754
928857.630505906
866587.8456389598
904034.8824119226
927128.4857371332
952891.2510543768
1005234.1130178162
951545.8093196319
1028811.361747078
1046338.8059382169
835301.367782838
789054.5144477888
802496.7366321372
794398.397029962
725255.1481003718
723941.7482254126
668101.0659878865
746266.1903587966
698160.4648990189
793184.6906814834
828950.9544637703
868923.4063280203
904543.5250955789
826727.7798538771
803702.4707836603
820052.9004716083
854618.1649398624
893275.0625301311
819512.69385461
784696.5364085358
821550.4804897425
782816.3646169967
816904.988094557
848648.0243001418
840582.1177047832
825690.2948879735
836695.2125738737
836548.9623113758
873206.1894285257
855597.2796847207
785328.785250087
810620.2258455154
745393.4496241218
682956.9889057673
704052.3004318087
647875.0336994154
642796.4292258596
629052.7780986532
683538.051280774
615554.1899371245
581056.8048526831
537641.3237530505
559870.8404390797
562908.2660146451
606914.8348361144
583233.527318861
547989.0576589009
576382.4647104336
671147.3594177696
675697.5109431997
756939.5060485642
813587.1245799628
851794.538430548
774789.8035490355
820519.9040545489
781532.5493762873
837896.5278287617
875473.4819698195
946211.9267343719
1137388.8
1180460.3256030192
1139290.1326752868
1076200.9056211105
1169738.2454914334
1041646.4378812057
1136491.5478462859
1239744.2515976345
1123885.055496695
1226259.154743781
1081086.4782661633
978053.1363179139
915002.2900610005
793159.8239712465
798737.2396371617
693930.7210888942
773990.100957258
687981.2529576507
614549.8440853371
733318.9856915104
712553.0743820688
869450.5115680783
842451.468969267
819554.0643857002
903194.1701870462
860649.9751526391
863765.0916183838
853879.2159398644
871545.8504721216
960097.3446062368
850391.1181919286
829450.3111314357
775789.5380315743
778167.2965138458
676468.1558820264
679206.2081327477
600353.0951064224
604031.5679445
578699.1598870199
544466.2051144881
543474.5304266204
553794.7089001026
571461.4271283551
523597.39553665026
600327.5632785833
629329.7677319747
593369.036374549
550251.9879979773
533078.7997999688
564437.6276963255
506874.04940448987
535245.5051760285
512648.63380187773
507795.4383443081
543353.6209077829
574408.9116209414
588986.5466004306
648761.1619865195
632220.2766145034
570537.3185503768
574791.2065410013
569190.9325422883
557716.6344567703
630012.4148656686
674274.3264705051
622639.5932644783
594789.3378195171
592957.6006281178
656207.6315689282
703517.873911156
602452.9740034312
613331.4808743946
666691.952103646
675317.6477194197
641594.0310523686
634347.2280944063
574317.5944091148
611199.767971444
600454.5106395892
574382.5016135955
618192.5448322741
672024.9837980997
659657.2574170636
631250.3964462833
651052.3409418123
672861.5011533033
698616.360533656
714373.9666378981
693184.6785446017
693631.0746444748
726636.169827117
792846.5098263492
739921.6021731897
842317.0894851575
843630.7998175473
848476.9309632048
934021.4215364475
772357.9294364026
725724.5605057125
717966.1003837474
808355.2727015163
838591.8622817826
829321.2878021876
838995.7342765153
830351.3075079815
873998.2651015191
973200.6657976111
976205.9044112122
996092.7204966624
1020948.8074546151
1000782.6131589046
