1137388.8
1073166.7112225678
1092383.47808082
1113606.811102271
1103111.7382647882
1087492.190896164
1048280.6807936222
1042054.2898898884
993203.0420598116
945640.8121702768
999395.2436553146
1127591.7990399937
1092560.6432371535
1041998.0951763099
1040053.5678448111
1008669.9552530224
1136009.58746781
1060862.478989685
1090220.6823470427
1098969.6687415317
1008077.3360523968
939982.8285443502
925802.0285699578
927795.8601997801
1059120.8197886336
952018.0850732792
1098999.3425226465
1031256.4578738557
1095459.2367818065
1212136.7082210237
1168433.7098854796
1116023.8903506864
992121.3199078082
888852.9224605947
891241.1138635615
841576.008852651
922036.5172961255
953235.3587673526
853011.0436297558
903555.6028616439
873339.2038673671
878311.7610233536
873038.7121109292
812413.1683072406
661176.8372850114
705072.5278137776
707596.0213416999
728250.8308820442
755244.4064499736
722061.7294921051
807037.1588387968
728278.8842496262
801774.5310726636
768061.0055973443
735719.8025048678
744795.0924773512
721481.0338158946
784547.3800057517
733613.7791676446
584849.1487869216
609265.159560345
541176.9616216724
539682.8483555311
482525.50747985183
461461.7203964939
440552.48036761413
407770.06423166033
404612.3488304551
402794.1081050046
394740.3245430401
362700.34751308826
382800.35612086835
410643.4810482934
460564.31656833924
494640.6969986959
536587.262675219
532930.9578952437
546490.831872236
558371.4019461652
527798.1518367731
518988.3531912678
486335.2069676339
505373.32111441466
521617.39177430316
477367.8474269031
477179.0197325827
502072.1215207925
471064.73288113053
494381.55688191485
535441.4512472815
556073.1663777999
548542.3398030974
540389.3899400504
531058.870827545
541097.7967340043
581767.3126998745
604552.3592812052
674123.4521211493
651666.338469882
691807.0752367125
778802.32324418
796563.8713552314
836229.7910680573
865703.6270032
802993.9144508557
796073.0678214754
870490.84045544
922889.7652370862
974824.6285398522
1010357.7823638764
999682.2142178292
1137388.8
1057062.6752603634
1065844.209453964
1154295.1977850955
1023931.9909716133
920854.321108441
793322.0592028127
856456.4064324744
921978.6067914383
976324.1124673843
980435.6731245209
947528.4545789912
1084268.7362119795
1088024.3509515806
1009919.7757869681
1020162.5251791185
971330.7650117469
1311979.8199118762
1325090.689724778
1092561.7681462606
1022319.2701456015
992779.5294046304
987753.6506180408
1014546.5354257032
990255.1133412061
926391.7664539757
973217.0953467966
1009921.8523872636
1129220.5719124065
1076378.8480288126
1060176.2581874523
984991.8404135258
953967.7672754677
965461.107525225
965335.707260482
916321.569347815
866333.951557585
894686.1111096945
907305.3985916725
962693.110797541
900562.7792782275
894463.7818768135
945101.2479186143
980690.4495415462
955807.8210628913
1003581.4909306113
914746.1819903958
1041366.8483534784
1108917.0569157195
1088472.4516239155
989908.069071864
971276.8312005787
854633.8691845327
820086.9902711776
810508.1743083631
770134.0052163275
785718.1895580211
864780.206515751
856412.8313822447
832689.161881127
863063.4850490569
757730.4962374937
721179.4259609175
808581.3862888868
769850.9433157943
717586.2121475405
609584.7175194506
591168.0715016277
614604.1110803096
707330.4996048514
759765.9738465417
793354.6142047578
750280.4373702527
728328.8529360193
791744.6217449284
989144.4871969426
1008104.7393392288
959223.7604746807
1105376.05727237
1122165.2854950286
1221776.701899853
1164961.6897535434
1233895.242343007
1177180.5576108373
1055748.8641814594
956010.5142066502
939213.0284881325
858102.183787386
872387.0864470855
845300.5866173689
848362.4461207318
794538.1200000417
808676.3191816192
722200.5843809191
781479.1835390177
775770.1813136564
847828.0968827304
930625.8961927698
854267.420861263
783774.7246932095
848589.4059524419
772051.3387630427
780239.0994428276
917180.5898008811
1012042.9206811108
971786.3246994992
867545.4548223279
860377.3489925304
881055.3452153124
964014.9991499278
925166.1415759093
