1137388.8
1233643.0088304537
1221306.1564363104
1108939.3798021558
1229932.0591059735
1144951.005492
1084300.7557550336
1148837.0891559282
1152374.315202926
1096464.4009489487
1076328.5802770348
1076935.9720266392
922076.4836545946
873798.5751785416
845909.31705341
868219.018869523
883575.1310772129
890065.176393098
908262.339423854
897657.9092115161
875177.4171672781
828270.4554048827
891568.622595046
879861.9290067455
855170.9205198683
981209.975781609
1090088.819211431
1254133.7237562323
1222748.7308812023
1390935.1190595822
1301922.0500495345
1293758.1915015057
1216544.682167909
1218034.818913959
1300084.9210823835
1368278.5614221285
1365592.3825546827
1313443.685788628
1553915.231445131
1557332.5912436966
1424794.1525654409
1309764.9567230188
1244248.2736310419
1263855.4385438247
1172052.3583036698
1317388.9680539852
1350375.2012410965
1253355.2862235238
1212544.4033906045
1227944.4220380057
1432970.6720858614
1231303.155925874
1170994.4990212724
1213486.9685144445
1226785.3828784577
1264651.4851543887
1519357.986550964
1645481.3620669753
1701660.3765295998
1769238.680435148
1717259.4142576389
1901461.302139589
1887126.766685571
1924548.4607793696
2153516.9587270734
2238347.9799154215
2718803.4394460283
2590323.767805025
2784278.594904675
2621271.506836968
2685261.7781539923
2431469.287189615
2402656.79437391
2412207.7954494897
2446305.8790258653
2495926.8650737223
2459770.1891658376
2140754.879130041
2221015.1721528596
2172029.985736403
2183890.628118372
2220556.6193285678
2090844.9840746361
2086527.8546955006
2108920.1291756025
2037268.7141794858
2115286.189287587
2254656.3632183294
2415417.8674438056
2563505.5429116753
2663197.158704293
2862757.303920317
2573764.7497271462
2353544.366480231
2317869.3770166547
2337104.5171026234
2424371.9737307434
2488917.2086816966
2403146.1437952677
2409745.8749631904
2438615.7568537355
2372365.82660827
2424062.0915764216
2596113.9503897266
2569963.2261944907
3173174.2476407024
2864011.134930947
2758584.376945248
2665209.0114252064
2526460.590675009
2104606.2122597215
1137388.8
1153262.9493957446
1054465.2292840215
1050131.2507479645
1007268.6976612726
1005243.8848203146
874119.7086089436
790668.3276663619
760931.2609607647
762409.9079538463
814151.6102635784
901309.800066651
1110419.2068458134
1178359.1798659381
1187059.689571938
1071995.8027402186
1050021.8473715123
956635.4838904558
957018.0869643489
1130098.8020054135
1093054.9419242628
1284494.7567593434
998952.838463404
913378.1413834962
813516.9320737971
765744.3582105011
835670.9463868585
796042.1917542318
789833.4685069143
692504.8757500163
740244.2562888996
775144.8643839832
766174.506571958
782353.619477243
737548.2793801208
773464.5414060634
864114.0664754864
843048.7388917459
1051688.6740732754
1078585.4776222145
1056488.1309787692
1126202.1474537873
1026157.8396395834
1033312.0277274933
1015394.2186650482
1036392.9349743689
1087505.7177555352
962660.6495086852
1004407.3791409237
876965.7454049725
901846.9826365702
1001720.7051021223
953545.5939150054
1004104.1103482117
1085995.9923816887
1188747.385743988
1145872.6722362803
1181637.3480717968
1173557.2090219536
1203482.1003974492
1309361.0238469415
1281773.477985456
1554338.3208343005
1427789.0277229522
1285561.4711547596
1214424.6792508254
1195041.9181467271
1165823.8349596646
1231287.8224740135
1134501.112337975
1412884.4220060771
1482148.5229568176
1698483.5681029644
1655268.484483495
1642683.9669041084
1528801.6829688274
1626319.5664245493
1513240.500969398
1392132.9060442864
1437556.8215882021
1328403.4390712734
1277370.308427057
1195612.5753373266
1151180.110468962
1033368.8592712582
968371.0086756614
1042046.3254870314
915016.7503716087
878721.9471601535
850546.0950109513
812315.6492220812
789945.1839070282
890816.4324102077
872218.4811428968
837231.4185660644
879770.5081135407
902747.4575794974
908225.0112450084
862300.2071349912
831193.1890628717
874010.6000104917
941072.5608194541
910002.5177271329
939995.1864281606
925119.082762373
911651.526850394
877560.1813834587
792167.0586102629
806613.1456788756
858119.968190076
816253.3199173537
