1137388.8
1185244.6027070445
1390816.6640213432
1306695.976156245
1342174.1407646707
1351207.1129532557
1254978.114580549
1385127.4978084478
1264921.866023067
1330381.3886223694
1475022.9803927774
1574503.6025646497
1615696.845160531
1742419.2120530298
1688319.6073721384
1790535.9000553528
1706834.709830698
1692734.3720092152
1939494.6370322912
1770443.9366248597
1643206.59986353
1674169.9052606663
1441116.274732923
1468299.2024781888
1665840.9459155987
1730937.2314871727
1674184.240505392
1535815.8137602964
1500392.4442160488
1481098.1035760008
1287021.7124158354
1218656.8916669711
1218340.216991421
1253529.7447820823
1104089.2760158216
1071767.4408356256
1080821.4754561333
854923.588112683
929800.0320447955
1036596.7163563422
1051503.7453710882
1077687.3341060006
1052175.4521530964
1064843.1161393079
972231.9492936525
983804.2909980182
1120547.5345728588
1215889.2934470517
1201687.118859487
1220040.3990928251
1371520.6964724164
1090008.8905002412
1119925.3847552252
1134902.3180493282
1216400.4301936515
1221209.3386692868
1379341.3977308872
1147645.1678239238
1220385.0580091611
1133884.3468163041
1102881.1742481214
1121890.460743892
1108484.9668367335
1130761.7316055926
1096047.7451743777
1091540.3161356768
977995.1162973978
932535.9739576686
848074.7608953858
885528.1678562503
893636.3361763143
908495.0153607421
974822.5644002913
921762.221510813
914179.9345462031
836510.6753034975
722981.6053301162
727390.6050011634
684765.9625252172
651262.9766974929
696571.5207704332
699523.0159160134
685951.7445677673
800244.7765622061
751935.1153990206
660499.6606993009
684638.8802732052
737209.0027991858
776809.6289617041
825626.4439619167
802859.1942144668
741278.0702735995
740944.4797353564
681331.5897308172
763004.8206669814
768053.568212392
838414.9623092811
797897.8041360626
736438.5511759007
710463.3841323433
648360.7104972475
620824.9151681013
647763.4156091504
675264.36205881
710421.083060798
781738.5723453584
745061.927866682
720215.5891372459
775736.2954350658
865865.2241103095
952924.4629757259
1137388.8
1247465.4141157472
1157182.8132973646
1156213.5867787874
1133948.324800193
1156981.4309890973
1032971.0515539512
1073630.7137248744
954244.1574823348
1001358.6384440721
992172.4218347642
1185051.7147977625
1089772.6992590956
1022600.9509137833
1004857.5035245438
1046289.9224046676
1050234.5564858974
946158.9761870858
966511.2547072109
816554.7850956097
826680.7401895471
835332.0950596189
845362.9110088474
871733.2078413167
792707.9265954149
791004.515781249
846270.9853439458
849385.8906242187
837879.103374773
904709.3931365749
964865.3539753321
915399.5078609504
976532.2365157064
946575.1464747664
1051208.897575517
1017838.3805158315
1009090.4363486151
911450.6630861928
918860.5645573562
942175.1125893728
987507.7344488344
977751.9674395577
1085129.7947611115
1014343.3917004735
1041786.0304464989
972130.2988348881
1017960.7836046539
1111993.7500015837
1211558.6103842042
1204834.0564162103
1213464.235659818
1164053.9193864309
1174223.3571739611
1207559.6480567679
1327517.2169034868
1412032.0529844512
1357671.9490606491
1200891.7994538974
1322522.8111748213
1363345.2652813673
1345706.4117539898
1363886.8837409075
1312432.5678664912
1229437.1916253394
1176174.9437556032
1038207.6369014297
942573.7680971727
803510.1656606032
758352.8871860417
776820.4119012944
772967.7808581794
740695.972232666
710494.2799175509
758902.7007475743
733064.7706249336
710852.1568484067
728004.7724710703
759276.0983879556
730892.1229228303
745242.532317611
792992.3344891326
805576.9541066882
785478.2735502265
727777.2498208354
733014.362571728
764696.6080744448
813674.2130332374
840569.699134943
825319.0609966732
810990.6404104122
750360.3431534452
775840.0352356358
751334.7322875066
806582.9820977534
764196.4562837951
755133.7685946682
736593.8512685408
695818.1252372342
725488.77812923
835075.8971893789
773933.9055630966
821800.1167880846
762915.4608289262
886543.1713370875
1001088.282909318
1129551.1039593169
962460.1846864189
913830.8228607662
891555.2549123637
866534.6185341675
747568.313587415
