1137388.8
1151318.63215612
1199117.9784866362
1187090.1091012787
1306160.4798347414
1216953.6723660636
1164614.025006061
1235841.741911551
1344307.9237010647
1268849.4459451037
1195768.3300400507
1242995.63057851
1175604.4145161563
1201516.3969259225
1282558.7297217147
1281084.401187633
1329363.2803056333
1162395.2060373935
1055179.8618366902
961529.9066875591
947960.2538091704
990909.2793361758
1086168.4085717774
1125744.4538299658
1240442.1466767334
1371012.5838551323
1328054.3183473186
1380077.72325906
1550199.8895980893
1596606.987406901
1672576.593398069
1784852.5282894452
1681373.0961255655
1763230.1965977529
1803329.7943780294
1955004.6881800233
2041724.05332016
2137072.1331918132
2187999.772521737
2036309.4822711828
2075468.54693667
2055157.1820332475
2225008.8825398497
2314817.7631613244
2407649.2323988248
2288523.635494368
2249115.4326848965
2064959.9546947854
2104687.081037374
2276746.156298386
2402480.3792969217
2403659.4911771407
2327604.6824899595
2305062.0280405036
2009246.1137585286
2398705.666130369
2498214.2593461126
2406705.880220212
2483007.0216212217
2181215.957098214
2560894.818420247
2617263.309260264
2511890.3278079466
2568435.161201887
2785068.699078296
2939903.6119563687
2933633.5621204847
2925140.480073503
3241351.516758092
3403042.652830708
3239368.1973757
3162524.4254904697
3058152.6916215764
3693328.6803603433
3727826.6570449513
4288125.286776978
4186524.7971291617
3695463.7687365725
3906636.525881588
3570121.8421792234
3325428.599399804
3355400.1235408415
3089122.7699543717
3303668.2738986365
3659565.5422555534
3531624.5756599195
3049006.9406558783
3093970.229717603
3111405.7028660863
3192409.634751218
3131188.086621237
2934560.923420076
2907050.726240769
2716955.2716529886
2736037.3671864555
2590416.4321544417
2555840.401563602
2523165.545010771
2056146.9054108213
2177218.3950900864
1931402.4037521465
1840627.6127219743
1827208.909735071
1757619.4445912328
1759898.0732821347
1780937.8604129588
1748525.9417611058
1812757.4505842016
1709355.314577087
1696715.169677766
1802166.6841309506
1137388.8
1035938.8142052018
1042704.3863255103
1095528.4203113895
1141397.0284925294
1122009.8272332966
1039300.1426390009
1117856.905547216
1286642.4089929701
1367523.0548595143
1223836.3965933456
1201931.9676602976
1156990.9737954207
1056171.6630654603
1050235.2759705544
1122357.9570042747
1274173.0483981369
1250613.9108840406
1258605.9382474814
1242431.481836866
1347901.5329328422
1268032.7477986207
1372311.4629071956
1395290.9770925348
1295743.4913065045
1259506.7468820552
1212324.2781811617
1145620.1172926098
1128777.221425594
1115969.8285195366
924095.2049769064
838247.7688116351
815090.1163185277
896357.7394708921
801047.3586389694
706161.1028798169
655233.9558005697
705213.8690140184
607380.0636857362
548653.5016521175
606395.0329045899
567800.5307329467
609238.7515021713
663643.3924739507
625931.679158418
587067.6623711635
619054.7060322962
618967.2344319089
742642.5653932333
813406.3703661043
779783.7966840339
711729.8788781783
856805.497673984
915078.9083003352
926210.056196745
855745.6222005112
936329.8425086956
955251.6026500687
981474.5948066207
1027264.9196217348
1074890.1765535702
1082591.30700015
1035377.3762346519
1118537.4890128903
1142798.9078701795
1136739.4297228074
1289128.1396450482
1241771.3665447722
1228804.5955127776
1424714.893161729
1461294.2725804886
1400207.199296525
1642577.7738297717
1615056.8577629451
1656462.409525518
1410620.933239246
1549804.227376549
1692189.4898324914
1980761.488205779
1856989.7946191733
1917884.582623169
1952667.7680155875
2187194.905973247
2071986.9070774752
1903144.3603357214
1860005.4166114812
1961278.1451479546
2077970.9811304803
2179024.1504476257
2212889.1359209376
2253666.765333661
2044388.9565065105
2345210.466564745
2444816.7055239873
2332015.181899251
2370945.445473363
2454420.4743765555
2347462.540111369
2494094.5185817196
2498055.5865400857
2520666.4466559063
2677036.0992232906
2454591.118719977
2241419.9831117974
2013190.2377743442
2122554.5695388173
2101582.0076743835
1730268.268373453
1634140.5204822156
1696883.6862647387
1686822.7750712377
