1137388.8
1079482.5760639708
1121255.1523312633
1076240.1364775659
1119210.625293194
1137872.3110889066
1095760.3274050138
1119938.41124014
1177666.3576351658
1223662.8766491197
1304671.8329324957
1417105.1121283902
1260422.7066612607
1322047.1380412115
1269911.2632849377
1276969.008260142
1202663.3890584074
1111280.3667456468
1153399.7317851393
1073392.0763907344
1010202.2643489756
1135385.4814199717
1058875.4837300272
1062397.4393384594
1117295.6594618273
1131146.869170578
1034864.7481160468
925427.6775296273
935632.9203166261
915457.9048763977
972159.4915596418
872776.335790801
886113.7198871605
1047255.6623317236
978546.629258831
1043791.0355774096
1042761.4103540393
1066982.827295105
995163.9954025655
1007531.6023656904
873710.5311934504
871954.4825373408
886000.2319343999
807412.3703350865
799579.3757584041
586163.6674259026
551558.2450983458
556598.2535857493
575089.7476155342
602323.6470834829
550776.1420472786
496418.57954567345
495268.4762730059
483396.82331678603
400547.3099057779
444208.33253760927
446654.050918919
406125.21494764497
401775.47925514675
441690.7718424106
425472.21016955347
457388.33432005695
503838.19267932244
414919.97784946987
411099.14519539644
385520.41944648547
398689.51137987955
438665.96535981394
439634.7830648095
437485.8362876811
438276.60978958465
469682.2145384354
467799.87274025305
460642.7700818123
518903.68456189905
582185.5813409952
541348.1966030177
558081.7838781442
594186.1535098825
579319.7915373095
622701.007008383
635431.8928641628
625212.2383128019
576298.9779857707
532764.2674631862
496564.7562100179
554292.2635667917
609300.9631740713
739986.8409816966
703391.8472390681
741598.1933153316
705126.7515111855
756493.0339077755
682530.0770336163
624674.1438495901
622459.484930665
567164.9553325806
608999.832429842
594945.4140934746
512437.47937614884
576721.0333507145
600067.3544207419
568992.9002740901
633359.0297506821
735134.5231693928
736075.7718648419
721713.6028054589
698065.5801980257
716079.1768995534
814935.7265281624
798360.1604608012
1137388.8
1156350.659693632
1123129.2001412746
1098796.4693685323
1057673.2052043155
1039633.497612554
1081265.1978732063
1193834.6740092267
1152215.4953702576
1004495.5007121445
1078089.1443458789
1078880.9298817562
1247970.9324986786
1302620.122793264
1359510.3655255078
1316530.5808876501
1246570.0825381384
1288697.876343875
1452573.6837537754
1366191.5982077033
1469981.319185056
1269088.7508869297
1281294.9314493807
1352735.5035598553
1342661.8671815412
1199485.7286086178
1277320.7500230153
1251399.277691821
1264802.2242846529
1187143.551008553
1149459.101654346
1123286.9077217132
1061494.8955693238
1072678.8799760162
1018731.2364857572
1030421.6087295176
1079129.6292809506
1119446.979315405
1097813.4035770248
1064169.0007600624
1118280.6181676502
1134870.6616680035
1303940.5442587056
1342245.1950647868
1472928.4844829647
1525331.184188271
1653895.5546024807
1731811.4932087814
1828179.3076115195
1831260.3526853228
1684240.0863200026
1690364.5890349126
1583666.5236109109
1544587.757168625
1702342.0860056318
1874627.4649427638
1980195.7793110523
2016536.1561150358
2041409.6657461997
1967418.506908598
1860864.0630734537
1982725.545538463
1853620.265179287
1762209.4836311748
1649900.8832497627
1416613.7025613338
1472898.985107326
1507882.8512201947
1688940.157324749
1812072.0425182923
1867310.1383457216
2002449.603756992
2077469.3322601572
2067530.457904962
2177754.4970677244
2235256.4250307507
2371066.5101389433
2178928.3909889297
2209596.2771262997
1825574.8043184376
1660456.801614762
1775322.6856351115
1614006.4875989687
1537932.6876356376
1506771.496922852
1643216.2972406542
1516310.4291422928
1425713.9144932735
1213928.5565878805
1206195.552676387
1001481.1870163806
1063657.5521052654
1050607.438643252
974393.7615020854
986847.7537221217
1008386.1131215798
896862.7792358289
878009.6734836308
827745.8861640354
851460.3956226074
767710.5076921006
720931.5730615306
791982.3105534186
822839.3084464546
840883.4922421663
833077.1992625438
869406.6728273297
728278.314396031
791618.6683738324
802999.7287090053
781492.4928858778
