1137388.8
1209839.6297357155
1331172.1918617105
1441663.5481028203
1394235.2796968676
1345985.9343918187
1493316.8340683135
1492658.8236573343
1339140.791259405
1222461.512897624
1270990.7387337706
1180245.9827491706
1160024.7995786776
1183185.0470815606
1165458.8123190075
1111512.4390173284
1089174.6948133372
1031714.8485713174
1064756.4337947997
1012991.7961860205
1159496.7749565484
1134989.0053915903
1120396.0157724223
1130248.8432362366
1162220.426930132
1319787.3734630418
1330830.2916421387
1189849.1542853685
1192033.096842826
1140406.6110575953
1182566.7457768617
1314072.7720208229
1466778.6938604899
1294975.4755064687
1185423.6269941498
1123575.613484701
1049885.0277350575
1190653.7548610026
1207471.842441165
1169297.7423322583
1054933.640638151
1061274.9922809077
1035275.1104586013
972901.8668962019
969391.193994505
1009659.4041195413
1167189.2848995174
1166701.9730434297
1152207.7884697644
1172451.7508878685
1159378.9408819552
1298382.321598811
1299857.6765463038
1293566.6424155058
1309201.121587564
1297851.4062642148
1237166.2492808448
1295623.5745329475
1128948.5141912752
1182244.9182397844
1185005.2761996486
1283419.8218971347
1254620.9927575465
1291917.3923121712
1323079.0695983672
1288376.1607665091
1274630.035214363
1374690.7180277836
1305474.3500051084
1263824.7702968074
1230019.6475981097
1228656.5003048528
1284286.108177944
1235141.145229927
1267244.1617161653
1305777.1222671324
1333035.3047282752
1204970.2203243806
1245699.116875239
1209940.3361029201
1286442.1397775193
1183401.7135085433
1148348.0753186857
1181456.8015391938
1223160.5341311737
1282328.0228368212
1240755.5796258422
1483723.7891110757
1614174.2192655613
1525736.3876485524
1489561.6850061896
1461893.06514788
1613744.3440603025
1806126.066976514
1464266.9919516405
1272304.8961019486
1282536.954296735
1079645.3237767685
1081580.40198602
1159119.16440915
1067731.2755734997
1057664.4331224763
1089544.640631079
1092439.8903547998
1182928.638404564
1186719.8001412377
1310385.8432571793
1401163.406145173
1449279.0340897376
1218753.6973397178
1261440.1817729736
1137388.8
1093329.0181949825
1105896.7821102976
1117054.7914865052
1129860.2258444289
1085608.0411529273
1032090.6382015212
865849.4488945629
966873.746149944
963493.2492462246
923043.441379173
1045683.8639363205
1057476.6881828043
1190953.0935439435
1252291.2943606111
1362390.3849352992
1418427.0089683863
1654181.9066287654
1814228.761999566
2034099.6296930541
1947114.8160166212
2070768.366716313
2139642.7458673655
2054750.7848226726
2002152.6134078912
1896851.6542278354
1882085.15033138
1993210.1894249986
2159739.717728799
1799544.1333543076
2104564.7405516
1860930.3279747863
1751640.8648257924
1736736.3625631295
1852518.8941105036
1587855.0407468737
1621237.282733108
1531102.5819413352
1570451.9529612786
1573858.2394281111
1617288.6232238098
1609506.8715511272
1349552.1306218174
1339305.5038780826
1115109.3608151106
1051858.6008019734
1137355.9227080534
1113507.5362326503
1019747.6931536578
1060966.5020850068
1067908.4570331972
992319.4270647409
952277.294092371
931254.3571681333
974561.7134198721
973617.845770608
949380.8132031088
1024427.8163653756
1021574.7710952715
955137.8629549429
922870.9557767815
914258.708746109
945953.6953711202
852490.7456400341
942182.4115465466
915413.5393626415
940314.5260976392
952756.8669682958
966327.1318158696
985440.494396708
974784.2615745728
992262.3222322201
1082041.3130866238
1109222.1506559958
1074009.9666286323
1158321.816625061
1095880.849031328
1126946.7773985001
1143793.3631233722
1163782.446507394
1133831.9445397658
1191311.5026942366
1223654.7849823055
1206990.5384486315
1253143.7363888575
1192834.8355735461
1274533.8809354696
1241627.051168694
1069796.6231412739
1093573.645200282
958459.4975184773
1003485.458369446
953411.8233055877
981648.2426979211
953945.8564065737
1008248.7679673184
987055.8628104352
989705.5972927123
926362.3959355679
966864.9522879106
993213.8951916164
1101215.7208288612
1201298.814929108
1257583.2576807304
1378353.3614403661
1375688.742105833
1233465.5127354746
1107320.5238697673
1193968.9661018536
1252934.0735677588
1189044.7336824713
