1137388.8
1163826.453561023
1287996.6813057142
1251332.7673368289
1228126.957572964
1154417.3186026292
1166957.6490022491
1142960.0425790148
1158792.0035397706
1285675.3600435685
1481071.6840326048
1366106.9663985397
1664264.1071960584
1629777.943112245
1589222.9857813183
1706214.9597001476
1765092.5818180721
1909011.9032609134
2109645.7347600674
2052708.0104198188
2158907.2567776605
2255567.8093174663
2465911.5652779127
2344357.0336530795
2321019.4855930703
2226075.9405942345
2266246.875176855
2218766.9152190774
2129748.7200795803
2427693.8674718044
2591013.7141657528
2494813.0405730237
2460526.98848873
2717055.6302374937
2594641.0581643432
2703373.6891815183
2558721.6630433854
2693690.6169400243
2647849.4743755134
2397430.4508464932
2554596.1211620043
2621422.2048230367
2828585.3078467
2651835.616811228
2611340.1238417546
2604769.6778134834
2511757.3133409536
2754409.2524644807
2421348.1803860874
2189635.121187502
2178996.662568782
2415559.4308914
2714342.136413886
2806571.936236257
2787515.005160288
3196951.8799553392
2721756.059119782
2854241.781377478
2721064.074561638
2707808.6927777673
2686136.7550420333
2568213.6539434246
2627241.0336955413
2957738.9859310784
2828485.240962444
2892998.2827398446
2819910.9900699765
2910703.083515377
3210113.880592923
3492160.0152012506
3374103.9477220858
3810201.88422663
3943724.8512209533
4044818.7363288756
3501148.780890941
3884047.4883369906
3699864.6124201245
3625901.9999465356
3378867.9755886286
3265363.895949516
3283322.489232021
3756964.8317138795
3844074.7574642957
4061066.451335345
4062795.565338796
4064047.0208470724
3458396.1900532
3422002.0779846166
3742742.937362917
3421226.533895082
2924631.1766490946
2955235.311569435
2611377.0685926755
2517919.810867804
2836818.809579214
2753021.649303783
2602563.0643728618
2668777.8033384983
2612473.1902822014
2723327.2031736327
2683354.120852703
2386657.7663028003
2326482.4616336557
2177605.337644528
2298717.60641716
2428218.2059079926
2370279.347960714
2654567.215183941
3081774.7075457196
3469211.095836958
3280294.154982356
1137388.8
1140986.8780178132
1057038.2852490225
1071559.9047682837
1099038.9674167577
1139382.2149459932
1198423.5880174038
1177767.0581679756
1237185.1320494204
1238440.0958875702
1279750.3923763847
1272948.146212903
1281122.5431160762
1406034.7238551464
1459548.7432417045
1379343.1812960664
1469794.8692780752
1486180.7112873218
1444841.8203579795
1599372.939653183
1629978.6819729307
1406724.2226557499
1372277.5642198042
1393116.036836752
1352924.446925724
1168989.019695356
1044107.3182267925
1080996.7019638205
978216.7363438468
885198.435361117
855107.3249549837
886197.4587703026
811509.100463155
865434.6645639978
891213.3411193924
905787.1621342166
843966.4663719197
790850.2952946144
791912.0004980864
783462.3527177037
772945.1135135331
824193.6818080135
838340.2825854644
924713.3658233914
885740.0757524357
880151.5756124853
837216.1412811002
924620.0981785227
944592.9040365736
864113.8883261157
880615.9358437288
903804.4292158782
972843.3229911937
924438.4384767637
952027.261265735
892985.8658660039
933688.2004990145
871270.6277923903
788888.0739594019
727918.1069606389
656891.8884035972
605013.328045666
593626.2532266038
509673.2807098913
504859.52816236333
510406.5704969062
572454.8171144361
522184.51126756414
606794.7141363117
583663.26591989
548889.6021694777
639402.9621647903
618256.1817898119
539923.9168033212
630995.065228267
605612.4336233783
559522.5381326359
588133.5681206321
536076.9720414281
497623.70149226557
529944.439024162
552400.1219834691
490718.20159333677
530356.7600882605
494953.03997180884
491484.60111499566
447134.6909581497
450390.76293561346
395552.46610873187
401056.90356816526
370307.1669319032
413017.6262617431
384027.7457715688
368758.3712792579
337573.95775774907
338552.8339682153
300366.9409473732
289254.48768680356
275909.28308929375
258913.20288880856
259321.0755488313
257516.34159485847
246714.61839526362
202660.0205123925
194280.33852698334
197791.2860349574
190231.47461380472
197541.70224487787
213564.64687183977
222244.46319734943
213250.71067875263
