1137388.8
1114264.4014625605
1095303.7529026489
1116626.2690046856
1152365.963191078
1132680.853635038
1205647.6176497906
1268299.4053838707
1219274.6690537035
1100223.828630495
980707.7241515181
1021273.3638005967
1010624.6173021129
986205.4290721717
907304.9147814669
860716.0939025519
920207.8501945634
936523.4518665461
925415.7507684767
907154.1614499153
850004.9081215365
862464.6875900518
823733.7215658046
887533.4962772987
836921.8729148413
927551.7643080483
894445.4834047471
941717.0118909506
992668.9328899429
1025841.9444452849
954871.5385413936
980409.388340794
993827.7037918716
959893.7375874401
1056529.6916096332
1097947.3725185047
1050062.1106199145
992649.6123498807
1020944.4596170499
1064175.1623841554
943105.5747118046
949745.1919526858
804341.1657426899
748235.6757856754
720462.9640780925
674474.8693606463
592666.60886977
585285.996111008
585016.1283106109
572753.3585778921
588087.8351419603
538802.8574305989
521642.5850073466
473909.07777626463
473251.01560056594
494075.09403550794
470952.3248912408
524626.2952327069
543736.8017018075
528630.6881812988
576798.1175626174
524448.9829432762
533155.754995753
561876.9505556726
529402.1822934448
532668.4619320185
541489.1197602566
486644.3401527097
561245.2378666016
535591.9278963663
613197.4421436604
632888.8594551845
555633.8610653124
615456.6295590709
616170.3900941302
704050.778296681
667623.3763680286
700384.5405943067
689359.5701355339
819734.8621726136
831741.7144162074
858326.1803286131
863824.810092391
912589.3895349297
898262.394423039
798666.4172674316
830774.5123780656
804370.5639354545
761997.6166078667
776468.3674497843
862759.7020273742
730169.5893605476
746844.8416123126
600618.4078439035
567074.5311869507
542410.5672617017
506737.73730685347
499399.9780078149
549795.8474803036
554439.2054378656
544887.5248999989
486194.11116498406
484575.0237945059
472065.27856539586
500675.9465333956
474197.244225402
449261.63205839373
486718.68077867304
495463.02064798493
499585.51947836304
525953.1643241036
1137388.8
1263232.7156642706
1079716.9071078438
1166075.5378365968
1218357.1593269582
1283820.4362554497
1221029.0931174892
1162816.6051321588
1144450.8211518624
1052401.9920100074
1142016.2975742205
1472432.9535999682
1465132.6234324335
1423552.9057671013
1534872.654117016
1562407.84017363
1536813.6970470627
1303763.634883354
1284690.0788344676
1287436.9518217363
1310259.662476271
1357316.3639669565
1384237.3223347059
1408371.460248488
1392205.2502294735
1394309.5911748535
1495645.4964606997
1426749.6311349538
1554961.2949745164
1768551.0087407983
1853137.795035659
1904046.8005061785
2066687.640678281
2045049.508821406
2226122.5563936722
2436695.6557396934
2258408.074182718
2077425.4029786172
2345713.240532946
2189761.8137101857
2319052.1654362716
2534337.6333258534
2511441.3420937643
2557826.2058920083
2156916.4226572234
2460952.41445696
2670728.6358046304
2774082.0895175813
3340977.0181615725
3149916.141082089
3127871.1331006037
2999336.477223387
3452901.6118557984
3254911.234971141
3319749.916786684
3071039.7223145743
3208998.0864311457
3501378.3767514843
3516749.4716160446
3357166.06534396
3254738.402341697
3099213.9893660764
3158244.3666167143
3227450.183930231
3287516.198208317
3601595.987070136
3187885.657302886
3233305.2011158494
2967254.175085317
3130676.435580342
3562522.9533827896
3115793.0504121687
3191877.149555325
2975792.7401897027
3005893.3305876823
3393322.1336119557
3534789.797571452
3908087.884003583
3797436.003533246
3374137.009215277
3613392.443370361
3531681.1799756046
3675319.2198731652
4498577.625940427
4468351.450548454
4789270.536291808
4774636.613133555
4712234.859129497
5240485.401095553
5099455.945873655
4780044.666275607
4501163.670682371
4017244.850687335
4143588.0172510026
4150204.25632359
4739817.227258692
4904252.952534289
4800799.527762564
5066890.197943081
5204810.582321876
5906033.667575391
6461092.826882058
6622180.961943766
7234158.763578567
7811702.954256136
7426815.441015441
7108177.146066522
7425177.191935473
7824414.807109841
8278284.664215817
8441699.183813207
