1137388.8
1072393.312430686
943623.879362052
979066.6005623444
1160944.2809366947
1337645.1224987986
1349690.9601195618
1370291.3153829232
1310812.8459793103
1259650.7185710226
1397691.0004306142
1540637.065189454
1475078.6415883102
1562135.7885162113
1543433.8671832096
1625338.046552624
1639127.7732038412
1635498.2218286062
1658375.2586267972
1475523.8206065884
1386708.8848917168
1334211.6474470913
1141893.1724854163
1080065.42380924
1165931.5415783322
1060748.2578949602
1164458.279054414
1293322.232990473
1286310.6425247504
1364479.3815948325
1448703.9504125186
1317872.9782541755
1501828.3751685938
1458348.1917391117
1565252.1369556831
1575554.7568000553
1513615.2433660235
1666329.4321671475
1721996.5618916783
1851791.6681971913
2195471.0637798514
2550206.384685771
2230023.5023174263
1975888.733171808
1962101.8979246477
2170586.3445300297
1982367.2228306565
2168607.719622041
2287104.038709339
2075061.7700700138
2117747.328991536
1935724.9020279865
1724152.6329116889
1589184.5242963398
1627909.7243840098
1719308.291774463
1798058.6335369016
1847706.6269482684
2064836.5759894045
2325946.869003134
2370446.197816407
2466535.3521988182
2349619.3269725526
2206823.210276037
2238119.8715447793
2043461.0740416725
1869925.953017798
1887885.476422094
1813570.2246707138
1824818.6033087806
2006466.5835581508
2019462.4153496227
2148660.4157878067
2231422.7823513597
2129158.6056892914
2443505.103089135
2313773.8409156892
2248969.471091351
2436676.8166332813
2606282.9003075473
2786940.285985558
2583629.2104094857
2478489.82958928
2501385.7650226727
2636016.167035487
2776233.49087057
2690476.5183051038
2678564.721399846
2653254.1270275596
3123811.4234510907
3216497.6374305803
3137928.258171854
3244945.168762578
3548042.6067823395
3754294.634518182
3835992.26764246
4020811.266569962
4273325.121786735
4042680.9454714083
4631765.72545829
4547254.172685809
4485837.3709098715
4522848.166261723
4623471.195112821
5398223.9906914355
5594666.984069286
6050602.161938921
6030479.865059194
5554936.602171857
5495647.779859352
5481303.899032914
1137388.8
1075132.0628638936
1058140.6151499418
981022.8785816934
888482.7394852366
980491.635062179
911335.2269724217
975101.7470017057
957374.2260625277
775521.4551514818
671119.6694297913
683744.5004821122
715770.3302852463
683251.1376897931
600327.6636505281
554163.160018462
508955.19669329433
526474.6900208857
521392.422815569
477270.30364582804
487035.28654785245
498346.99764235073
529742.8145547283
559070.8845416703
474734.0609605528
474353.07752728125
513106.12641353963
542785.2889106942
570173.5480253223
584196.1213685089
608047.3244892342
636808.1298830126
564926.8928511591
538648.8788482572
563938.897639276
568247.8048754231
574842.3680594995
551461.708500356
555238.6103115544
581740.8580706491
620396.5369099075
645225.3669397705
710846.800821407
733726.9635001989
688779.2686088558
708445.1667691661
662068.8427550549
611008.8652518358
628269.8567547692
628670.0544949713
635288.2437918843
538879.3153881638
452827.31737614184
424210.7351600598
385383.4214997201
375640.9016993026
354669.32776845054
352146.97435916704
340353.4296084957
341412.7751224647
349463.8057315189
346374.4709919272
351587.8299052009
363506.8156686613
337619.6855755837
316243.015296748
291773.70075100317
276295.8964026157
274241.3167784389
241905.82773594547
273329.8084591684
280798.7163580779
277525.8504326307
249265.51946376346
229785.7611454826
248136.65265683885
255412.7810811781
246508.06024427933
278287.84767934796
294290.8601172293
297995.8400624208
300766.87427762634
286023.0968677217
268119.03064026136
258007.94938757582
284420.5080783989
257742.8119299578
285267.0426606661
262859.5232385318
277878.67217127973
242375.45771206604
249250.880267184
282457.2739422772
264036.74503884197
269423.74764354184
243635.48800238062
208099.0798277894
213247.3612478604
190610.41952735218
193846.05308765545
187969.10941808717
187123.6696145372
161940.15448173622
145049.61238323178
125648.3273727643
122528.78371032278
128673.94516370013
129519.55428815285
136825.3766915023
155428.02897144327
153027.69400699786
