1137388.8
1158358.3501966665
1032301.384146959
1020931.2104153514
971775.2389419796
929780.233769296
872291.4322606056
874176.0436844602
845754.8099513504
833027.2425448986
859185.9248392169
819983.2788801678
777325.3223651308
811774.3844950998
777362.6628597367
732578.3180206902
734516.72933926
792440.4628553843
744348.6400266124
853476.5029341916
826633.5107959121
815093.5432313865
884817.614840268
916970.9799213395
947430.0600205266
985998.5625677719
955429.935525768
848451.8080641516
772154.4022070634
595854.6837693562
635582.4866100032
650789.8017643898
597508.6875701738
633219.6113416309
684520.9432452082
665587.3180221611
577019.3131145935
585364.2958219376
656901.7716251642
706884.1214302778
644270.4072227868
615966.0609268608
507821.23195653
506467.4399365659
539126.692354444
526730.5981089594
573011.4615753754
559170.7636079168
550789.129021146
519923.51269789995
451947.31875945977
471309.63921379
414782.61452800175
409762.82996655087
413147.9520596877
382370.9884017266
430082.1286290243
388327.5678993672
405445.8371395889
397306.15062656626
389129.5497782885
398453.21487282985
430682.7423062348
438010.6446347483
459383.33327888395
468413.4682712219
446642.96434866183
445774.5513172896
433882.174177355
409139.00510462176
461887.66744657734
464881.40782594925
495329.7263714548
518710.0320791737
525239.5747185658
539304.8196898451
507336.31778040895
522337.2949212567
626423.9793877642
601391.3254719912
629590.5985196512
619816.1015369741
675361.5011202109
668060.9545910188
668945.526749297
708299.284104173
732716.9584856102
631700.644341388
590553.1377699788
564305.282368891
597699.7419440235
530932.3205825847
509993.48895857274
493263.00288377516
499900.9944247263
476087.73072065937
505107.3943166874
519736.354934523
502885.50204746955
500242.9503871464
518753.0665337938
507929.629563331
451665.4182392098
492775.43812514126
546611.1036920868
503106.02438180463
502237.9353144034
451045.34626853885
417401.8660493943
429755.9802982747
408514.1652831943
1137388.8
1134135.4876135713
1033849.2098414476
1005275.0798880473
993797.4780644997
979737.2291292248
1047185.1286299188
1117958.7401329123
1293993.8111007232
1268812.1738538074
1423194.8415380483
1398755.734365179
1463995.38398909
1532868.891186112
1468751.2759524141
1615909.4449386033
1765660.697863312
1859439.5236039208
1704306.2255550893
1565925.3003541203
1459667.6372734671
1406803.6471217375
1499396.2529686142
1536640.0056042748
1396580.4951560996
1425013.564714784
1579545.536074827
1458228.9800413076
1501631.6605622417
1510874.4716451906
1550589.448996442
1750397.4740622123
1875079.2181130548
1730997.4749008957
1590552.6186536355
1850889.2196346263
1782905.3852221926
1798429.3368123067
1622498.7707973688
1597706.305610126
1460544.0819455932
1508021.3075032586
1683768.3360080363
1969437.4335658865
1912034.4225163532
2149130.6611420554
1960713.3792261193
1985001.9490900307
2131587.9183616554
1966345.2596259925
1996226.1838059279
1957859.3777512806
2139858.790015776
1929138.3892909775
1890580.7248459398
2001496.0703226193
2075506.658020531
2079450.7834058802
2121245.8862096635
2221001.031713147
2117494.955197519
2193963.393620707
2441567.44711911
2217453.745303588
2101555.5318319765
1954135.892511253
1901127.7452982345
1885385.75461217
1873519.3659338877
2083011.6597417358
2012417.376376369
1952269.5181000307
2129562.6758710393
2217118.5310455854
2093850.080876675
2313994.34010488
2404350.464482199
2325318.1086625746
2208839.993982451
2175440.2828978472
2068446.0994355706
1846103.7001720667
2040463.4838210617
1953644.559479955
2153157.904004461
1878292.052466891
2194225.8769871425
2037432.012074693
2247917.9872084386
2318155.7475375244
2243898.2428916967
2205078.409842243
2239344.86502125
2308815.146092268
2111119.9203375056
2020948.8005679173
1897590.94385668
1809920.074740008
1959928.6919083097
1797167.5729504523
1886289.6654611677
1935112.338849339
1884762.5563483625
1717589.5892822624
1778571.1939165965
2163947.8853777107
2049279.907170336
2012869.014421342
2009853.9813655291
1868178.713051526
1857092.1923383106
