1137388.8
1150681.0639333054
1039922.7807179764
1073428.4175581497
1013402.4946240531
904202.3234223233
892655.4530670181
982499.6047788905
1123054.1453465684
1069925.2667056716
1168657.5368048942
1193586.7010126186
1130561.7081939408
1131808.35515722
1202169.9585105535
1216812.6538227191
1264694.1636585386
1378119.4383611917
1389550.1150819424
1305429.695293381
1389547.9179760264
1261606.6635494858
1387920.4608832223
1499080.6769614106
1396857.0189875755
1430966.190199444
1610169.758403965
1649301.2093049728
1637867.558582055
1674397.3199513596
1658493.65801852
1615555.1827231727
1551784.9608932873
1696250.6284154074
1734254.4950609333
1823658.5807591467
1640816.3611440647
1597771.562346191
1828249.4740984673
1662314.9745765964
1574711.2747199568
1343511.001601131
1260794.4671025611
1265899.7713580974
1254367.7394468393
1266751.3444671272
1269926.498986065
1379873.4894504559
1338020.1607970889
1141045.896923717
1058829.118060359
954493.3426374078
900958.4113372589
865832.8120398001
819843.3503572328
838084.3821898091
767205.8249862597
710574.0353483608
760189.0281593907
800232.3820727335
726137.7136328798
797295.5749426731
799129.3984331785
742196.7853711825
716366.2570844867
691806.398287099
656277.1866150994
658917.6489502474
648126.9754726198
651348.8098314586
626177.644638548
620266.2331385944
623291.0600156435
569452.1880677677
557622.5071704453
489115.06314720475
431728.4730705705
443407.0496069137
460079.1192267844
478101.24811893486
489001.94304593105
500920.9476713994
494578.45067423006
501846.16530833655
482092.82658072934
410403.52763245016
372529.9701231591
371009.79707689665
364024.7672382192
361009.1569827599
344891.2920646037
353014.1682265665
370424.28886588855
318572.9344437991
313479.34122588823
311165.79098624975
354296.0379517499
372835.73407410865
345514.5729350073
329645.9253990311
299044.1540502434
284654.6227677831
293120.3454093409
264154.65977608855
253833.0352935489
264773.5058547091
248033.32400231613
277831.8220585541
292930.1024371663
272844.2519763129
282812.36858602485
1137388.8
1233305.3436512519
1279697.656498277
1227316.7228824354
1061199.8395761105
1194018.0412135131
1136739.3780635877
1247376.6492931845
1194104.4610204904
1235464.8989689944
1021960.6700245714
987191.7368097556
971486.2209872075
913086.9338392963
874312.2990265958
835877.6125637222
812554.249202696
806795.3784355213
875106.095384822
822683.569008721
868078.7545851048
902524.5933757832
956906.1074537053
1115305.8776266759
1077614.4364569758
1118624.1166949756
1177265.1127455323
1090488.8304874862
1149233.3999591314
1151105.7115061583
1373409.5037367607
1334812.8652396386
1237777.6990288221
1192555.2918434502
1156892.3600591153
1322449.8137327423
1305976.9904055423
1336055.4004324954
1334620.6974056335
1453810.8906481883
1401132.1951093287
1338933.5550556057
1509412.7200817997
1475512.6012257761
1423654.2154457993
1447161.1744574718
1528687.4028573963
1577376.6663167018
1477059.7202956825
1527293.8362143685
1347994.7648531161
1524936.0837465758
1448010.972360045
1604951.8543644608
1592433.5282704858
1677834.1607541088
1537569.5886198685
1584773.9073719461
1560635.8558250242
1434027.0958937637
1540610.9410639037
1776280.045646251
1792667.4946688889
1900177.7689843413
1904659.6246363441
1984595.1745360282
2045400.5314427416
1786477.31244697
1644880.9986550114
1771128.3257796175
1763895.2816600166
1849434.810704988
2148970.1534491726
2005595.777963886
2270521.60766079
2338572.4274461656
2246319.710621734
2201160.8104599523
2282013.264785993
2106078.1038446114
2105735.122201498
2011934.1829525994
2020513.368736282
2099803.531947024
1998788.7270705106
1909911.7482733096
2121071.73402412
2192413.205457389
2417759.7416254804
2449020.071894769
2374794.009041941
2297129.44032491
2477172.479356887
2667682.490519272
2553479.336732554
2822805.3544384544
2859853.6429883284
2829210.4369165483
2651008.9553007847
3070191.2017203225
2762192.6592432065
2684864.4445250733
2873603.7181629622
2920064.776131551
3047395.15478319
2672794.7459246106
2872428.20368032
2727800.3710915283
2785616.8972981065
2925579.1963771647
3292297.0508057573
