1137388.8
1105821.7440817803
1151535.5973017884
1267733.3028313916
1248871.761009238
1176996.4941374082
1181594.0950728783
1297450.6237012234
1287024.752844547
1409181.7389851578
1263253.7344060626
1087407.491297544
1135618.7262819263
983084.411056412
917610.7960231956
951679.779408559
921373.934319665
793512.516870362
789629.5896807997
837211.5982818492
867790.4249981417
758244.985871488
721426.106281063
749617.214515497
702596.7182262433
676326.191188281
735239.70633768
670628.3736205795
678353.9159034002
575385.3897775189
598613.316550291
600681.0590565114
553411.2769139728
523690.18450070854
523321.82382902317
536753.9347472795
524690.2042971505
554226.7077010154
527225.4808018487
523283.46111931757
483503.63649984956
445988.3365436568
434078.0686632261
426199.9159894245
443645.2250586077
454383.394186151
451591.2782372717
385892.03629051463
383985.58416602184
422891.7300173028
452458.4294490161
475370.45638689114
466290.79924168426
422151.5960788345
475397.302496856
490561.15205212106
507738.97634882067
564521.8648767926
627453.4208666611
637388.9642200171
631949.7427973195
626632.4303878935
534592.3220997222
533580.5626915036
469672.46724323684
459183.301302369
479149.6044113585
529256.6362645039
538385.5615584761
556926.2788642619
501868.5521040033
485262.2525608973
568192.237026588
615475.10442686
543802.1726647762
487591.2818132939
459205.51091678336
458383.93293369986
438364.1803844367
429561.67266320705
523700.2773202001
538531.2304499028
449252.9628009746
413091.46216053603
444404.7328523294
470863.0751436279
510462.5813470281
549440.8078071688
571545.2655844742
571756.3554986127
508402.1859473831
530956.073408756
555305.64103913
553006.2163730667
530805.6880982955
524828.2256363196
451259.9404372356
472067.5314979794
457535.5142233812
485242.33443482564
496072.0568236317
496086.7751707972
490882.51568128244
429544.8935404278
445331.04422899714
429082.19683328277
396429.05829166714
375677.1087803056
308863.45212152496
293632.86720386264
296777.6473920599
1137388.8
1116511.4992023367
1258280.6618467558
1229045.1828879728
1210487.1061940999
1187207.6608038319
1113781.8059985016
1237780.252654155
1325774.9242857308
1344042.7640873275
1221171.960297563
1194803.5105808424
1066035.552517144
1120898.0411340417
979722.1528694399
886658.635030857
942350.7005943808
995281.0725473184
968060.7739932119
970385.8745072519
1049118.2574699325
1006581.2917927124
1121781.2931771176
1123001.69137006
1154033.545296794
1307022.8693981704
1388429.0631475162
1547525.237159955
1554424.2241044925
1807592.5962528891
2016776.4599344016
2348495.5871125683
2465634.5589305423
2432757.1090090517
2163391.318623745
2072510.050062561
2121940.7917257417
1940789.9328871907
1908957.764541931
2085257.0810121915
1902397.4561448942
1897961.2723347556
1942397.1884966665
1799478.3012951214
1843742.8760127882
1941589.0872089704
2121065.5093657547
1821297.9495476615
1987049.120949128
2111395.2666406976
2120443.880068856
2134109.6294654403
2190895.095453584
2292039.6038409346
2018632.8717312855
1992053.1957797932
1976139.2467472148
1846879.219414018
1984251.9830996427
2017877.9964294177
2184365.1214318457
2209571.9567968994
2031357.6194387535
2041407.039409033
1830711.6951298034
1551293.7931017536
1502203.8820475186
1822337.9785615257
1594192.1705931844
1657454.3162523974
1956733.5485454346
1989373.630927831
2073849.4776980078
1865535.8093058409
1764636.8431622875
1769093.0574728278
1830137.3197174119
1796140.7037792087
1623239.0131097613
1711464.650310941
1863405.5017296947
1827899.166373708
1720351.009048339
1758370.1593814003
1964219.248829188
1952994.4184253912
1768363.0847592286
1865216.638402821
1889333.004700296
1986151.46336889
1950209.7525093642
1882768.6818562192
1753275.8450034466
1738456.3400790137
1804078.0738212708
1830666.1821340313
1650447.0787119442
1586897.0055917471
1634200.2381353797
1599075.2017491022
1327425.0799693833
1397899.7808381848
1428693.8299653046
1590411.7596811592
1597427.0543636049
1658386.2972752345
1700380.4989004652
1735939.2147249226
1748767.6088665659
1796397.2831283084
1717989.8981561058
