1137388.8
1122850.6003324434
1091680.6312268856
1049378.1342800476
1179716.8354969416
1218313.329961276
1301611.6416756455
1311329.5343606216
1299546.9960484933
1334823.060990948
1569037.1024256237
1439528.462160366
1466645.449591568
1376753.1699550436
1463875.5632508018
1476151.624328665
1395865.3861473436
1283441.0714126958
1237616.8412346726
1353188.4000323883
1372569.4666317897
1469331.3308754934
1591940.5020245945
1594816.590687585
1656618.3952052656
1636568.4034312223
1532556.7544141132
1717281.255158454
1864390.2221184
2214509.372117902
2194012.090901958
2210450.884971662
2355874.2847378175
2413624.171902545
2145848.1872543576
1915828.53225778
2046312.7184694912
1703121.7182410976
1558902.8233374355
1686587.9850222906
1703532.5142865826
1706790.2010386807
1718280.7979252448
1748973.2737109007
1718592.9528018234
1575185.8307380974
1706747.2299335666
1723554.9083965088
1922712.613616512
2022998.2706198646
2173925.7694743564
2140967.7392806215
2140322.905974256
2210015.380575118
2216823.3556714104
2224110.227930917
2118605.6694263187
2111379.3665557094
2186019.9803689085
2025756.615072887
2019903.0775652437
2087077.809113596
2116819.83733381
2210721.378059232
2158587.2368678465
2350995.287652952
2160167.6126254657
2233241.0325310696
1942605.5407097344
1900168.096404262
1878617.4906572434
1749861.2579417366
1806960.483339039
1855746.231303361
1708202.4692640675
1780637.6558715738
1706129.2441264594
1744704.2631981357
1534770.717206465
1500182.8276658414
1658858.6525376374
2139350.039660465
2240162.9441063353
2060278.1870745854
1918292.81133501
1838279.4579921274
1939614.8586378887
1987086.4189767023
1833657.4715159114
1716618.1732077606
1804096.516020293
1716722.573501168
1631501.806818446
1737309.8822186925
1929054.970506938
1881280.2532898155
2117732.0035949564
2301035.369560869
2171874.7340373555
2424009.8580736252
2570720.7684274903
3101060.424425645
3344521.1969976835
3130391.809677023
3728129.9799087974
3693163.6648149295
3416934.8239906263
3617316.906132657
3391062.6085983682
3040772.1594869937
2971924.2177622956
1137388.8
1273916.945944275
1272007.9714821493
1074957.0973031684
1027985.8864618014
1023194.750571337
1145367.7684805037
1081878.1082722044
996060.7297299401
1035707.3917698975
1001717.8842065702
1097659.2475791879
1099668.431040883
986531.9131023837
955314.0697588576
894998.7662050824
999193.6045439909
962395.0684575379
932417.8921782256
862931.2480975846
938498.2048144398
871962.7100831114
884214.0790795878
898496.3527482671
908455.3888085703
925930.7547253115
1106590.1343588538
1042560.4981337569
1093035.76387452
1275071.2182730918
1112322.284310159
1118216.2114663885
1051498.9806249363
1070089.4338065311
953642.1483011787
921215.4186528949
916300.7808541533
765649.0404703034
779249.3122417134
893609.6972853553
915169.5919180007
946127.3098714435
949280.7504743143
880666.7274402013
930081.1543897629
835872.9298452026
853855.6702501135
1016359.7396392851
1061207.4218473607
988647.6468807274
1081803.4998303256
1216046.5045329437
1117838.0852778323
985640.2293189204
808624.3468595118
877287.9411491477
1029681.8838873723
998538.7104536436
919773.4266338341
821661.5041066066
796743.6784145437
771552.8737789242
841495.932487657
689230.494879465
790159.320293941
773362.5493288812
847177.7021878009
695436.1605285398
702068.1582111423
729336.0398033232
713264.5211610809
753082.3341589428
671629.2034647565
661496.8955357935
628754.507364093
697550.7933520149
678030.4097991152
606478.6519160039
612221.6216182243
554512.68024462
591900.3212321835
645039.5936706918
611089.7224380783
619337.3257314385
576614.1347078927
554885.8100858654
578329.7893552117
649062.4366636768
632420.022737667
566947.1020376805
686028.5781164581
680138.4328632432
680924.7224886712
676959.3688262894
732272.5563767309
685061.3042748809
671853.4204401323
660686.4804078848
686557.7401086101
708478.1866906536
663324.1187820776
658454.2044815165
732166.0935226071
727971.8846838897
720581.3908232154
758389.6284360108
705982.9687559295
734264.5085707918
733841.0258479237
654563.055880357
618438.3921474221
