1137388.8
1272242.4521729893
1192843.7159192814
1159252.6850321533
1163747.3265313504
1245416.7882560384
1219408.3514735063
1168238.6994416215
1132354.9657833355
1319830.5623185483
1193489.3703892005
1102655.3493048642
1088021.6469673987
992063.6082094528
978204.5968236923
938145.8415873961
892289.7201993945
1034725.3628488368
1092265.164327771
1053623.3932015765
1040110.2344199754
998171.1353876693
935224.2242253184
1020037.8397174133
1153731.5257973848
1191629.1807682062
1183793.3265457628
1172130.3528806241
1056296.3528171252
1157001.2268231153
1220292.4522002568
1114889.0809050943
1285546.996017957
1146517.0604433082
1212778.5561962985
1244251.605952707
1337848.0856033256
1285886.9158211208
1320426.0673150714
1159368.0819245528
1108569.126453367
1174693.4205009618
1159320.754411471
1153018.726169277
1162757.7942055229
1145618.755345876
1097225.3160621389
1213244.7146044509
1322499.550301163
1304137.9489253093
1362335.5914631537
1560398.5938843864
1404321.1922360875
1471766.2859737899
1329211.5752144726
1531501.1905919677
1443811.4392464368
1473023.2005255984
1369586.278420384
1442051.9002255052
1494736.0216835903
1425148.2067510516
1363580.8549311447
1320553.9293736548
1305375.963482525
1101654.1514225148
1070504.9362451038
1151269.0340907702
1135883.2219733968
1180730.212366042
1262814.1550718588
1392430.217222526
1462802.1082437683
1488450.0996390148
1429966.6916043132
1586193.2091507555
1615367.5399233585
1737318.293623691
1698991.788178192
1709753.3275224562
1833857.7910204674
1702711.2712903784
1663140.0132258704
1712370.6407137176
1845392.8187742461
2077910.6519211868
2079218.9000909445
2179459.5212440714
2356642.7967959275
2523872.507360631
2602428.3080633567
2580235.8084198963
2388755.477773015
2458681.746826057
2347368.2847018135
2380000.5383472685
2152438.041396936
1880902.5439980444
2285362.0671581714
2087172.5188667006
2230777.0079607926
2084571.0078357765
2202013.5795150055
2068913.1367331743
1893037.8165991923
1943398.3305980633
1988982.992491391
2148530.5714966143
2079608.4067360342
2023603.8507025726
2112676.4539495036
1137388.8
1100579.4118947394
1006567.7883606085
1087795.2692178302
980851.2805369669
1114979.1888547223
1066093.034253937
1202183.315876325
969403.977591264
999019.427912053
993533.5423911457
1167671.5357309466
1160898.8837328905
1111675.6863611587
1054109.4046191748
973908.0399006366
1003943.4936445055
1096893.5416549894
1073480.9627354287
1114124.9351986817
983315.4772449932
1178615.956103281
1128152.8916995707
1024543.2166078335
1013081.3945456719
997540.2775979388
897731.1034994322
791122.0407149197
845453.2067261344
841406.3678387613
880270.1150968673
789094.2060546542
769887.3446552828
667989.9376836547
708969.1998326902
701656.9860939578
734858.6935235496
720908.3080684864
764824.3205484388
852872.3597078818
940126.6391332258
922183.966434167
900500.5484829278
783492.1221281491
696248.3345668598
725175.018116905
794619.0049821237
783850.8086397768
822822.8317062695
963441.0781677077
1011101.9978634425
914292.2671656519
944689.1564173156
1033307.398864167
932578.3678267241
841610.9101354792
862194.4423696734
862034.5075040892
877388.7412295712
822110.1790625498
894051.2792409377
971571.3306485149
1040048.7947793796
1027404.6025368312
1062019.8692024688
1097759.2504665563
1147612.510161438
1209866.032582929
1246499.3220560872
1230517.942854544
1251742.4110496195
1235050.9539656595
1232298.8488272335
1379399.899035645
1347380.180742121
1335702.4871822544
1485235.0724399046
1685096.7448520188
1729483.514017534
1824727.0153606038
2108004.27010194
2024843.0734717958
2163353.779550265
2018797.7602071518
2112837.815836602
2066132.9906003436
2000802.1087737782
2057290.50399053
2041461.7846789444
1971281.0989863249
2006482.199075965
2424189.149234024
2568591.7953611244
2614351.8404198634
2330134.19125742
2433887.516295283
2561680.0011611274
2477872.3490672344
2775886.7166612265
2672284.3472567825
2553602.7819106514
2801484.848680906
2633101.3231808366
2690263.3972263676
2493774.3864775826
2550948.389794062
2478968.288551204
2599524.4645803613
2308993.5537142563
2450186.2001582608
2410689.904447447
