1137388.8
1094056.3967970554
1165692.6274651387
1235046.555219431
1257498.3007476998
1223801.9995004437
1142183.758268699
1203730.0132567463
1369434.5443693064
1241800.0652825346
1194333.7014701138
1132176.0805033313
1236442.7921587715
1280080.3411705706
1306017.3566279893
1427204.6636919747
1419614.04737286
1455932.466607648
1519368.5209355406
1449836.6971803845
1382730.8191135451
1533195.7454545842
1525661.5932963318
1424091.569788738
1331670.4926367346
1494744.6075475265
1577266.4211687203
1536102.5156636715
1425239.4814672507
1474234.8369619888
1644777.8793053897
1735115.4760779797
1787023.0836418164
1841445.467872657
1778780.9318797684
1602654.2005060513
1477234.1077589346
1501905.9781026659
1548832.0081132173
1580843.9620161785
1702472.2235232503
1979728.5550939145
1998844.6202041556
2119967.3162679183
2211675.0931860283
2084936.4574103358
2165754.589263638
1990246.796119563
2060169.063941314
2067073.2247052896
2232958.3234557244
2279920.468864991
2214853.434839311
2022182.4473301845
1967568.1997659178
1936752.333055885
1984225.1538722145
2084655.3941209128
2221006.0464812736
1956950.5134249388
1538318.1027638204
1585449.1930418962
1567641.313115538
1636906.907444324
1727131.3155615344
1713641.2598018686
1711406.2279155871
1573679.8095216136
1458362.8067123834
1419873.8608511458
1602248.1624010145
1503867.4504737328
1666504.4614236862
1742471.3744189937
1684753.6247088672
1698498.1404954523
1632673.532278856
1682396.6683216372
1530358.4970145791
1622798.4720756873
1546737.42683471
1423789.277771722
1359571.3029513895
1273456.0660322995
1117406.2671944897
1186906.6810207877
1107739.4780685862
1057024.0350137022
1234665.4783409487
1174825.0725312978
1200121.9592969578
1359582.6505875157
1224730.6813913644
1191025.3458314636
1072231.7468146284
1117917.96662731
985975.9038674956
1007612.9025036353
1060689.5401551377
1259892.6805566328
1171419.2744953362
1187518.7729366818
1248717.017022765
1412202.617186056
1500028.6184138593
1562728.8721041065
1611444.1862387771
1608176.4645917958
1461670.6834569639
1492622.6685225733
1277080.1527976526
1137388.8
1193252.061440686
1163189.753814786
1226934.9903491004
1441791.2461700677
1493471.3034250694
1635642.3942940182
1653987.8623626123
1686830.6611158233
1640908.5767464552
1706986.404002862
1775898.7961500126
1700167.0244348028
1749041.5618740695
1687270.3796449618
1678201.628556266
1693432.6330612923
1539472.141343546
1460586.8493708116
1637186.6612562086
1564332.519114923
1655449.4836271661
1570551.2551322747
1350531.3901004025
1357554.622850523
1410233.4641307786
1516474.1269185198
1591770.508304495
1689355.925603104
1701238.0206100391
1683551.0175844715
1753480.7109595996
1663792.9600370994
1638987.4169418458
1542571.2623921891
1408013.4015979045
1511144.7641723063
1510029.8756275938
1658034.9368857495
1744470.4937379535
1724725.2010222743
1755841.2677844255
1738259.0463675924
1579906.5879851363
1746716.8095202965
1850786.6413264947
1714537.5990248271
1545096.3871082417
1665557.3667774082
1827788.5943894733
1665866.030052092
1571816.9393440369
1675885.508357936
1810961.2567300699
1634663.8799333316
1498943.433327223
1313871.5424039806
1441465.8689419413
1469278.162422849
1495274.8408171553
1672706.1929464617
1819066.9708334487
1725412.687581992
1780153.213772582
1863505.030212639
1735240.6090396026
1685478.0793828212
1863013.342953583
1837797.741053459
2111107.487484372
2262059.119203693
2322472.513357293
2307224.451072885
2152043.7116595632
2355716.0122161717
2581140.791883015
2306430.7183614257
2271689.6125764125
2543394.3948177667
3027032.927387192
3261993.30609972
3108904.702783546
3319318.480756407
3316037.1891827937
3301473.759158888
3330132.9325840706
3421569.6934775794
3300852.4074093867
3623513.995917054
3619430.1408229005
3138788.9636622737
2827836.748225261
2875642.7930375068
3107524.260974323
2759267.8657034603
2815743.02629899
2792769.605042083
2787261.784268887
2791845.5193926916
2816471.1881935927
3007696.0699705286
3109941.290941612
3191946.904007342
2878648.7863319926
3124885.5997780235
3253372.4795391713
3313468.4170427453
3239682.9917515526
3434357.4133782173
3370327.190442737
3652382.8718292234
