1137388.8
1187302.9414411196
1362472.324960956
1447652.1728349517
1366115.5751341851
1370156.9387656616
1355882.092000001
1181494.483403378
1257438.3902998925
1405103.913140798
1334161.3946399952
1445483.451867482
1482416.3792947938
1276121.7697309186
1285629.7906952775
1345324.3011213273
1506452.6936000353
1443158.217339752
1262832.4849658702
1380255.6031843817
1313492.139100191
1328002.9315620305
1405295.4281804296
1314220.1120325027
1253286.935452677
1204132.072904048
1194908.1317942936
1119389.1600251102
965010.5202062005
1017674.8126058918
1014304.9543412379
995764.9137792262
1062634.4127771924
990676.5998143237
1022385.615135816
988662.6941443796
928046.0249277995
912347.529648099
1034937.6590299238
980246.3732596553
968563.2669706119
967796.5957688137
935100.1014485187
927518.2151516536
869468.7807297815
879622.7365037816
898627.7211157517
882720.2414206162
985105.6850211876
966462.0896880431
1076220.041323145
962445.3323969684
988272.4678674233
937165.3749613459
869759.8566240943
942868.9123561975
873365.9302777982
967889.3478769609
1033339.3193939
942116.058502828
898867.4818640306
856176.186795703
772952.8660943971
798391.3925292671
767389.1177184869
877341.4978181832
785934.2806963876
733979.7171140757
721139.6575073318
746437.747269841
773992.7412436286
760840.1020889673
775800.0376774141
792830.1613246643
803485.1233488616
715970.2878777325
745984.6456016412
668062.1580065059
661245.7022147388
677479.0743963708
636767.9237216454
621349.1249096919
665461.4905331236
675015.6141540041
771788.2559255149
701292.9433547953
716228.4386881958
642317.1993615304
597438.9836677198
652782.8899157285
600060.3339328303
611474.2363459527
570465.577230412
621601.4914747472
645657.2181178945
623387.1515451542
645617.5961147818
606525.6023329878
675770.8951356548
583458.7369709372
620596.7852381069
502595.96565000835
584155.502002753
557524.5057666904
540742.9776656135
537584.8730699772
527330.7914874926
548201.4103344661
580885.4749379873
585385.3821064194
568438.534536556
1137388.8
1317568.4353806404
1191315.590645105
1148774.3138979974
1131956.0508811828
1179979.1686468315
1140517.7915359617
1160888.9555117402
1062586.259116442
955462.625124602
938646.6051675894
978225.0776705609
1087535.6459168366
1059162.7346411613
1048825.1248197623
1040141.7485790434
987712.1198354703
1013014.5833720246
1128477.1051904226
1140538.109199596
1142391.681543081
1145508.4397835836
1098782.6611025075
1110710.8447692238
1139967.25339184
1052515.223194863
1014831.0376120749
1076109.2150282962
1164855.2166462229
1030986.3522036322
1026072.9178427409
1078293.0908587151
1073624.3313594502
1041630.2071359939
1096811.7220777804
899787.3306941146
896852.2712228859
876526.9050977629
1003342.643958352
1026740.1613684291
1090352.7927301116
1149607.2821337874
1157027.252742212
1053799.456362568
987593.3842043164
883377.5118090253
808118.1490690579
811429.0148936345
773697.701314546
801107.2304368857
855010.4600593641
854663.817523823
810669.6004415279
964907.4245304341
788078.7382025456
702131.6645029754
630700.3854187576
642642.6309690325
643628.5959440232
602063.8735097152
569965.1819158915
538336.5221001118
521007.4140009005
493575.13761461305
512622.01231892273
510617.0926408717
546583.7419064268
535985.5049110994
548213.9683119958
616463.3017433028
654079.3392762973
653039.4751081653
645850.7124722069
568793.8643005656
558454.6613652442
513390.6898916213
447348.2245356025
442232.2938909474
507446.0811333912
536901.7081275015
502707.2656045587
492622.3303020639
505971.1535643831
450873.07248055324
468364.17805323214
426871.12310029066
412221.30228164035
378942.3183366531
339698.0653027717
331895.4164324661
346396.9823620544
354228.6191633453
352064.568819934
297265.6222855137
298629.3714082056
325446.3778771439
367245.4139823678
338793.55412711523
321162.2013816766
333695.3790104158
358207.37415500707
337137.0010992154
313878.67228088307
273174.3607329843
296928.2792110396
307449.81481734995
285113.4656338349
271137.3425126718
305321.4264213387
317376.88028217084
323313.71235595585
