1137388.8
964058.908445028
955748.0761367556
921865.7200320938
925385.1381935832
951884.2904615502
1069624.4030263228
1100466.7676098626
1201308.4261358492
1162097.768952509
1132117.107029465
1092476.553230363
1124226.017350559
1057485.8378055696
1127731.9629648796
1266550.7797809597
1337461.8777858969
1196111.9503177868
1085003.9177249407
1133628.9541092727
1031983.8308052117
1141449.8872754509
1062482.4756055395
1210742.7373691937
1374457.888831794
1280230.7369861784
1209113.7596032738
1218339.4672834226
1284494.2508458586
1304478.4052541917
1329656.9952900547
1285340.9330317276
1217008.0506888588
1273780.3024163893
1467274.9894255379
1317239.5330674327
1352536.2487586383
1554753.5949472182
1656764.719187707
1557413.9799542571
1614281.261211327
1327644.4337744499
1489419.22713234
1481797.039604408
1327438.819681556
1230217.127512097
1258748.227001607
1296641.936605995
1325299.505684127
1269906.1788017096
1295297.8598998832
1187380.632406134
1131207.3743791606
1066250.715192656
1190506.766751422
1209102.7288405844
1077594.5880670552
1035019.3384977499
1158318.4411371127
1273430.8670652125
1271890.0494030903
1339483.3842860966
1351559.8513874097
1396397.6277691524
1427830.0614393333
1404258.7749897637
1519305.029521973
1630762.9590576775
1746592.5492649463
1761192.3395053293
1838581.97692923
1748029.820841861
1928795.60198841
2039132.355591381
2201355.067930806
2113642.4336661696
2022577.2396311753
2054812.7770569087
1999450.0687160625
2067096.0296962035
2291778.2688343436
2425248.0162043627
2599306.056381592
2815013.5352108963
2725684.0105873444
2869481.489807193
3262320.9562836178
3548816.440722281
3724070.936836603
3505979.5354607054
3635152.963335086
3935604.0929592345
4050930.4107735544
4042990.080601667
4106753.443846255
4033062.509626435
3767058.314477437
3835229.604512762
3719856.563901588
3466840.5816604192
3844423.4606898627
4023813.013238416
4022697.8724562177
4302118.2054034555
4062996.285983361
4127974.6252040807
4434462.838055226
4060259.3525605826
4185732.2024004855
4044828.469302971
4136392.4579536933
1137388.8
1154259.3388641106
1318516.0756464764
1274787.0964358533
1352228.0098888446
1404929.6639242938
1402699.6642573655
1260920.8326298231
1365678.2276365566
1292406.49620126
1375389.7631503122
1374159.0626372881
1439457.441310533
1341039.8483256293
1302338.3754174095
1311558.2630239052
1327224.4355743648
1424623.8056454854
1342856.3875784923
1321205.7237996822
1616068.2626539108
1515640.6145787132
1341142.801017117
1562534.386009509
1678053.1398346147
1649021.1784345105
1768927.9049801396
1699470.9990037242
1894390.7402658989
2083720.006254294
2199109.062722146
2351908.3412466547
2248765.408186536
2162883.342170251
1998801.7973000533
2167141.411142026
2128129.5490099997
2025979.462171732
2237449.9175128452
2195289.7141416706
2099217.5842889217
2158085.139742544
2176768.970960823
2016955.880004513
1953330.2567108455
2045566.5853241805
1837472.4703118599
1831224.0509030079
1911309.3075523626
2013189.5392951348
1665331.9355621592
1793839.3377943714
2104366.015229434
1864105.5335724524
1715326.1289139418
1456801.8749125581
1734826.089436136
1835976.7610291226
1711869.6891669054
1777723.609436673
1673590.0534939915
1686802.877572025
1810717.843140068
1763121.8853999288
1809059.47011022
1683216.2504232998
1946975.9592382573
2195596.9132251577
2299705.6841822793
2102510.8461234635
2238223.3769660583
2369595.759309522
2347819.351985925
2286780.160798657
2321853.4496735167
2130608.4823953803
2037676.3702087689
2117214.00567468
2330289.684965552
2202726.0537220757
2429153.4592015073
2470425.2332287324
2456991.5858989055
2331853.763216038
2360131.8983670915
2187645.710828826
2167346.1932748263
2164067.081978623
2270670.266473306
2269419.3256158656
2251194.9208075847
2447073.018180264
2589887.1468398375
2559739.3269603406
2339155.079875506
2272496.8560573636
2419388.7910534167
2419414.062948279
2405608.7928186064
2128782.729163357
1937089.6893720166
2049395.6529931072
2261054.51538385
2434901.5732475123
2177629.5528122964
2318060.1302552978
2182630.7663029158
2496732.2033035285
2429276.4689841866
2377474.2111925357
2429639.9641715065
