1137388.8
1085731.1641603515
1309407.2062226578
1286585.933717995
1343332.7707137757
1378016.6749403884
1204444.2337155596
1208659.265023379
1309160.6242361348
1107296.5752870995
1134747.8083566942
1015609.934225253
1093158.5940119084
1106082.7407325404
1166380.5797355394
1188064.7919713522
1287773.0610786874
1415984.8622593847
1594664.833105302
1498146.992191815
1688425.880620616
1681923.492762733
1686306.0223475164
1792821.586499226
1902381.5389242726
1828842.829965532
1792276.2816181555
2054777.1682307504
2097859.677573291
2088596.8233056224
1906324.675461399
1762173.4787964227
1744955.60863914
1723601.1045230783
1793097.2594954395
2106858.0429754066
2212299.512470296
2165526.4115025443
2404142.7674785936
2313325.1515412517
2477029.5474505224
2835942.912157421
2649370.2188587524
2625375.0553962504
2876033.4328872054
2692667.7452623327
2599788.8600327605
2638679.8566836845
2587851.289479827
3014016.488447167
2759465.4362479667
2482185.277129837
2824763.087275241
2505787.9995259214
2526667.7700036005
2463774.6501718876
2411136.856116719
2253372.8183012344
2490623.109701849
2481672.2602173886
2188678.353613676
2494181.496874642
2381340.381165518
2323865.984632412
2293267.733850822
2378340.7236780548
2606865.9827192375
2464352.2974570845
2270907.4947839496
2137980.948171899
1963399.982576462
2015517.5511239534
1967973.050348654
1958588.8471678696
1972752.2496131056
1946933.5616896453
1716355.0948590399
1793785.9022784515
1754400.2679495357
1690612.645929878
1641360.461829908
1800768.5767290543
1719724.2741964622
1544919.486975064
1752043.027192187
1599986.7038524444
1518358.184833956
1505781.322554457
1259680.4171369935
1230654.156070809
1122084.353085371
1205005.990511082
1185230.2379055452
1309672.4890716793
1268985.867048688
1484044.1156957548
1639543.1986081507
1835309.8128992594
1775456.9702669308
1629493.667062962
1519273.5468198434
1797641.9012735162
1899705.338485637
1878132.698289595
1867449.4697406157
2086174.8319425357
2047623.502806282
2009914.1414066264
1724765.6580872368
1795478.1046118909
1924074.5016479965
1137388.8
1032590.9862754942
1046545.5402707157
1020693.8084449688
1063212.9838173715
995993.7483669771
1008923.7930086685
1068275.0275835956
1164175.764806269
1206882.9643441946
1334533.4958402617
1382205.2779755916
1369406.2709390966
1266294.890187445
1221944.8219541747
1508441.5543521529
1535623.449306798
1482296.6015584264
1474276.5096948596
1379470.1315880013
1292509.4283938424
1375515.3800565815
1270176.104661434
1308318.1047673905
1536522.6210672362
1504999.2558402182
1313888.1662102027
1348308.0312913812
1252753.6086830285
1218022.7549814628
1145795.2695303068
1010793.7036285045
917419.3202429855
817377.5151918724
861123.5141720843
815231.0529125582
776861.008509001
721367.859667086
816218.3771270912
761287.9547213805
799334.8466058294
808976.5814299156
744869.0520075449
872384.0437286546
870275.7665630145
917961.6183329212
948898.3483929558
965533.896638244
847200.7482976685
938158.172384585
974536.858219174
880314.7484618233
884081.848575283
916854.7884116861
865133.5387610224
773632.2682357742
808476.4486158108
691573.7262347068
712251.8220532378
644618.9137986291
653129.4651821346
679623.3359788398
724892.3260515319
859940.933559718
869484.5406976279
792604.9954370181
940979.1260178287
910603.9673709578
843505.8487778205
748053.8289123318
789101.7210669407
907019.3034233626
856470.4368089085
878717.2339763419
923764.0285747402
856415.9061999841
768153.4942201684
733566.9152799237
712211.1671189537
774953.079741191
829822.2325509605
858318.8917924664
913724.7351544311
854984.9929363037
809536.7402665031
771903.2811648078
794010.6413369194
877265.2267437737
884780.3373343165
775373.800821477
754789.074309654
760249.8493177452
703421.4344357058
650029.5223293469
705412.7132662307
727628.439284867
608299.0699366672
646297.8447585733
628513.8265082074
688863.6206342655
708576.6489819015
729816.0340464344
727998.4234535572
723488.145758093
720363.1075566496
735851.2101802859
747069.8152436046
813778.7139990183
870390.2770528162
1047380.3448583882
1002594.1192899477
