1137388.8
1065454.55156293
943614.9718703212
1011579.5679879971
919560.5059471386
893274.9561716644
827234.3312161783
750552.410874006
760638.7535364225
826949.2792988754
770250.2604908177
725600.8524872517
693688.1499853648
660761.6392489375
658709.9943743034
717445.1565801898
733768.2378966722
869190.0040959946
889105.6251644084
844238.6644608037
820755.4925912385
819983.1488813927
740035.9220020203
780808.7043015899
743551.273687324
750269.5360836916
703808.8569679774
702134.8736641351
708142.167545055
741159.5035233579
769407.9647706
675290.1081494344
698231.2231174392
698486.6657477632
764428.0983814682
754003.3434216218
861290.7992057884
781007.1214133125
707979.0062145847
758850.5400058687
743557.0657120041
682304.3099196343
684373.1340649906
593600.898254089
634413.0215344016
607161.2114564538
564853.6007092136
579634.8554959681
635772.4999784875
615343.188799805
633636.4442483879
625139.8855408666
643211.4100472202
663437.5984123606
622658.9507854535
573671.7897801341
603973.3841404839
534881.0325950179
581610.2190012952
567654.8178784685
544603.9329101597
439790.73302482633
357477.56354533334
331393.1928481774
315342.74608656677
287687.6777506538
278325.15692084545
295099.9851934785
308247.4007314826
311250.5324571268
320021.6625850481
315999.7365901245
336971.3788795395
331775.93123199505
326921.9061727841
325122.2566948377
341661.3145177721
404367.39169763535
418568.2159957519
427691.34101417277
389723.28871654335
393904.8892823672
370834.8372988299
356558.59132507775
374427.6094043135
375187.48347946885
364879.2687875159
352059.0666588814
336213.7025949373
330006.5514219037
331885.86261665827
344957.84237716364
325311.37950069766
282898.26548491284
250787.92500787802
251343.01956687693
235949.45585279472
234685.34847453085
255572.60108117887
273300.47296252864
293747.17003197083
335645.9081611485
300495.3780001583
315855.31806643325
344971.04620811885
351880.4489735687
382816.0872779451
415519.25495026074
397902.138396285
389938.8341701456
380076.00183716184
1137388.8
1112479.7096925424
1001512.0351049948
990696.2634902465
1042237.2922866825
889447.4906069654
822034.0842533609
790851.2804513398
857895.5899134317
820723.8127591781
836066.6179961108
916145.6822613054
838608.062490303
850843.7274974842
803239.6566369048
752040.0266677235
806914.5510575856
886210.41432171
884876.473474599
882940.4683411717
963180.4498906268
885849.1802136109
870184.2529714663
850424.9792700408
825001.1555928646
818267.3279816306
801232.9047396035
812535.1257840206
799279.9084967261
804655.7459345568
771929.2782109119
792375.9076535611
854599.637844444
854985.8974009537
820858.1615556619
724585.7431371404
650068.8000636838
608048.5967094473
582389.9468872151
564591.6018415004
523870.86319906544
419425.2591918104
456244.3024399036
398532.407618732
401135.5306108634
401723.81744471734
364927.1513955639
366612.69388823095
350606.9215155034
338466.0917041192
354828.53667843546
374513.7200526308
349180.36155822163
331729.9675180751
381894.2769628787
416923.1626616456
468123.5011509311
523821.3243196389
505224.94011660625
501803.4150570155
555491.6569455676
643722.6233624807
674360.0213520775
604508.7972777124
564758.5064106287
500794.6183574836
480897.46759163373
499956.2082261071
440347.9753562425
396655.09758698026
382048.3512318718
384541.8528216559
349209.87804644677
346386.76624247944
351560.45030000317
325658.4101549093
345651.0559802349
329978.2167128435
290501.8942795123
333806.41754358856
336204.85307110334
336730.53874874464
345176.30573597876
368398.3315268743
377634.75120028405
337082.14709505474
326404.49619199283
344644.42839437554
358382.12341317185
322323.02440501546
322273.9579587361
355433.70005361113
390377.45284017466
361038.5423414612
383400.37526046066
395265.0170375058
420683.23210581596
417387.6157785169
445543.9364794915
461256.39149231784
516131.82657853176
463306.3833574408
481912.2721274171
548058.0033377641
577753.8598821209
591138.8302444604
609424.6889816391
676551.2509495674
768891.9469377145
758282.957045282
754295.5111005657
