1137388.8
1185564.3276228409
1047392.7436578629
1124332.6572820644
999086.1625016086
947166.6555519748
882049.4796021391
855969.8257555205
920645.3822122128
881177.6801631995
1007706.3889561751
1089730.3879297148
1061090.2717026803
943986.845795204
894959.6309439251
869924.9575846208
878950.7650990171
830050.5021692566
838229.2466581719
809378.4373078955
803058.4676692163
713761.1240573018
749431.9781178299
819614.9262788031
789316.7148752899
677101.7083745133
621490.9301293577
691887.6865767252
659563.4097238696
684297.867824861
648647.4327544096
652253.51900939
647056.9503510536
658078.1203733241
652673.7421691475
659512.2926613739
645066.7960129776
646458.6601660291
735814.2115864509
716636.8632525549
649983.8632094682
700865.1123610303
668570.6284187387
652431.1189177352
754166.2219751963
763382.8904845467
775934.8180621406
712838.458996864
681411.9114494714
608150.2053996753
591851.6438007546
581139.8547276522
586564.9627525627
554461.1158004228
625078.5182586369
529181.2506816617
542886.3677610646
527064.9248128377
615473.5488479721
655580.3575536341
792767.4371795985
819078.5667521956
792200.2944562818
768189.0233357176
795283.3256387553
768908.7923932384
757129.9955979339
721955.1399597096
758329.8132467172
715477.5272784106
766222.5675867428
779670.5220757737
729774.5246810956
701775.7160666223
726764.3783616481
790151.119050363
767440.772272954
805497.9036722425
833104.5327955825
855424.3411019513
874875.3851914743
1007938.8369499404
1113340.2845442323
1123156.746537413
1080202.9557454472
1048631.9824878564
1018812.6936565398
1088061.2044632062
1097072.2417672635
1018217.779150215
1017617.1726772522
1047384.5163879169
1115752.0652432097
1129078.714508924
1112086.640860769
1080506.041905203
1181495.7744884423
1187130.4136231532
1205680.5417342766
1197750.0286100155
1247853.0861541724
1122050.892895782
1206915.8611132319
1070678.3450572682
1146859.573180893
1079395.3809856426
1193260.3945796085
1249329.4460575255
1223714.353123506
1102925.6080744856
1069316.6973367026
1137388.8
1092534.4161335055
1149224.462142294
1169500.9891445688
1269032.2367218893
1252919.7830932902
1270182.3361803563
1316344.4870588281
1495265.176925376
1520217.4505767336
1381034.7284811744
1636157.1931924038
1635149.3436171405
1599241.1770242453
1339532.3792578597
1283031.3213605832
1335359.644957613
1251629.064630585
1320227.1324880354
1132136.9172056552
1123563.7109963244
1137524.1251409606
1099372.3270876375
1071734.7814819731
1054009.0990250404
1014849.4647375469
1018451.3758566611
1042449.3262904633
1147782.927956435
1191531.1154618452
1267844.6615166056
1221353.4799454294
1312209.939869406
1260632.1403822117
1216394.7153048106
1042069.6534846716
1070246.6210071424
888864.9215784341
967759.307815956
982556.8481547916
883094.6907344916
930985.0370994942
812099.5420221792
854913.3035755699
833451.2886768782
844267.5183115903
840143.564063379
793024.4280681598
824012.1423957208
810392.4347690807
836609.1749929679
925180.9461878755
905946.1831758033
819908.7425520661
744686.1842524892
751767.5056574133
772216.7464277048
751348.3447914149
814031.5508831175
880898.1987070485
883628.1860034293
895828.1520286413
823588.3740750096
911557.2740558513
925013.6776724345
960389.102897189
927274.9897661163
1025957.2379325099
1000092.7674259491
1053847.139840205
1048859.5127797378
1104275.8721407282
1097881.5108418176
1091842.1686522155
1118436.4204583887
1250401.1890642624
1153585.6615043525
1166823.2506300772
1217930.8508325994
1223078.2989274105
1239033.0573509412
1267446.7694460466
1358296.4569717813
1663997.611485621
1591576.2269021927
1607418.941304866
1769896.9315146287
1884358.4600339157
2122102.80248613
2074743.0713939434
2127798.039334467
2133919.686729098
2405311.1254924037
2411287.165107984
2247497.9878873546
2236637.6844582916
2244228.782672138
2270761.1906072
2295474.6255553984
2269561.940577937
2047859.1447620746
2151113.403919961
2129831.3873334653
2053630.1957132772
2018756.7869031406
1720840.690669867
1408513.8600335356
1508225.8173247178
1540139.6819917709
1587319.307873066
1492001.4885265736
