1137388.8
1083430.1240542254
1242535.4787033058
1127525.9636298413
1172124.5508221234
1154759.67643668
1174704.5279060632
1227287.1925733383
1331548.5526076136
1352437.1084142802
1323912.664167541
1257690.741877392
1328443.0989041561
1307722.1168381304
1156149.9622752317
1222484.294619701
1300485.9256200194
1328301.3041685056
1424321.7391183558
1413797.0367715126
1397601.1124463489
1350983.0779174808
1411683.756521813
1369423.6274631436
1452722.6366481653
1538852.76032183
1594583.2961180927
1425702.579229111
1473908.6951640553
1488578.787746491
1360500.1809004734
1285915.1214687424
1229777.5727900807
1173879.027052298
1205290.6647768442
1252252.8767833873
1340825.0674883674
1270804.8745714605
1401156.65679616
1341894.1711030367
1427963.0628203037
1592021.7097361006
1574123.4671594063
1649694.7201346273
1472486.66575804
1295424.7081719567
1307049.804744888
1324050.3447598687
1496469.441014826
1363585.4249926496
1412863.1553031194
1447993.3028378894
1415028.7087499173
1533298.9613182798
1637188.73848795
1725648.1308753514
1849901.3722636285
1862558.922536952
1775820.3674868187
1810727.1921663038
1512930.0923137153
1427101.5992575802
1447725.3925900522
1406107.5183148466
1434021.1057436762
1457973.6750948916
1355996.3652206885
1361974.3828865055
1304593.354134643
1321716.8548904178
1186695.2970075132
1136615.0210148804
1055264.6149948577
974031.7561109372
949203.5877616248
1097872.4785532805
1071764.3474955927
1017052.2007645154
1016859.3542644539
906758.0156619088
967480.7748440491
982596.8036909568
1079529.2065753783
1165562.7146582787
1024318.2585333375
1123183.029328441
1109416.6253249557
1120888.777548653
1298777.9494206326
1290797.4958194476
1278238.0144240984
1316956.0703847148
1425879.3805063043
1494235.7399216876
1445776.0347553254
1337540.3233053568
1527437.5614629
1508849.0736506307
1561742.5287002295
1613325.248716934
1486852.295138432
1448108.2539575098
1291172.59461155
1304402.9971399587
1153631.5173540453
1200531.7670112005
1146197.9961991415
1125051.2670288265
1115038.431091582
1089500.111055371
1006481.1178623659
1137388.8
1092741.1017439808
1228228.4438698927
1265399.189532609
1198326.353245359
1225334.0805867766
1324078.930486205
1213146.172814642
1312654.4245296894
1400591.3640604275
1355877.7017717448
1303897.7779094428
1253543.2779748673
1220207.856771029
1202043.7898281722
1155740.8081894799
1014035.7431268739
923706.7258860695
915010.4003202072
890223.2165944494
959413.8480393043
1113949.8238350144
1192713.8032256311
1294280.5896071629
1513117.6650940257
1472653.8747181639
1215121.794655278
1161157.7683540084
1072602.996652172
1144382.2187465832
1109033.1514151548
1101096.915344962
1085664.5202284604
1079493.5025542774
927040.2522002696
829397.2137206781
831537.098616494
890757.9527418264
854874.1114643865
779593.6924561297
744214.7609495342
867814.5227776322
920484.7096537282
860831.9472020624
883239.7891191159
954904.7156544355
907052.2746105456
837142.3870419806
810798.9781954901
724674.2607427054
716497.3734710914
725530.7992051968
749274.2588902479
778968.5075524716
787011.434884434
805940.6350918501
850898.2130809719
862609.8752514088
1069196.9108657807
1164047.240368599
1105560.2618919825
986996.2877392157
941328.0754734954
833645.3528238899
826070.3969275459
870010.081502525
884049.2681056942
934383.8116475539
1043818.393210166
949860.54308276
895592.4418653842
912860.5477993425
965958.0104309669
1010065.2402143101
1108931.1134972484
1112884.4950916602
1184772.455133522
1069947.4433991818
1063639.3722570622
1020670.7245004467
1214208.143240201
1305179.6807062102
1301363.3153954016
1191540.619424035
1054805.1869685855
1068243.2736593322
961737.3817794757
937345.9265599817
964318.8132193531
989463.6148754823
959983.9082984657
909783.1531565181
976032.9432420998
1040754.4438855984
1013397.3003581711
1186917.4789016375
1217213.1177766141
1217547.245574311
1315898.6212304386
1148762.6553565275
1132048.52965974
1297469.9057033886
1200066.2723510396
1171739.1590428664
1191068.3478223279
1313876.1910013978
1306898.4289340023
1323945.2697274098
1265632.2293704546
1466510.904367052
1491881.0169181323
