1137388.8
1182144.1467336395
1065483.4146034017
1175511.7053350909
1175011.3956633373
1302887.3123835137
1328027.7455621746
1445183.1756764608
1487933.6695295335
1417572.0325236837
1546856.7507596146
1557004.1299322653
1623882.1605579876
1924788.8107760136
1809659.1722117239
1558565.2829052329
1585644.0586089122
1643234.171562148
1689039.542335008
1696513.8558218905
1712758.1349895007
1641368.6840157954
1519970.332534688
1409654.3304107361
1326279.4294689745
1320754.832456943
1252411.2126177882
1304969.3264958323
1248756.3014864137
1301644.9946862136
1232360.6428754032
1060845.4589719083
1243348.1907140093
1322091.3959640893
1289842.406919097
1169312.7468410674
1165610.746132052
1186849.2395072835
1148593.0624365457
1241027.776108676
1129865.1140046213
1159994.0566474686
1313202.0665998221
1293363.41822047
1372172.4108700294
1426090.7944622072
1345376.5172928898
1395132.0331371594
1274738.6839250675
1076390.6820927185
1049998.8046562849
1051718.647808702
1171228.2479301575
1135588.2279358208
1205671.134908174
1460889.804789758
1294768.3256399822
1296275.2236182187
1209902.6474994163
1259431.5538803122
1200789.947959912
1396021.372374927
1355999.7316736206
1298545.172859432
1406816.7171784006
1496923.97420521
1499732.9176490633
1393338.437443535
1417032.3179998873
1384911.0300518603
1477448.228218676
1541978.925650406
1578386.5997144359
1471794.3289797122
1436840.146399506
1503958.7196667737
1458265.4268574247
1411458.2297050783
1602255.052996679
1497125.6844702247
1564616.3908412245
1441140.50833215
1520329.7848842982
1616380.1226677657
1737418.6592516922
1740422.5632497424
1623965.4352102904
1773743.702849958
1756675.2682955854
1645811.7587508052
1523349.1914391115
1398088.0372969885
1487096.860670373
1519698.2403868418
1484726.0021267578
1552808.164705553
1662264.8734518825
1762428.7835981965
1664626.0490693748
1632500.1279247175
1670804.6938471908
1615730.2673056358
1664041.0784564272
1688386.2685352825
1733342.8468242134
1512527.1953951027
1615012.139560733
1534004.9464619416
1414040.6250362766
1350913.2971076872
1359145.1040255087
1137388.8
1206412.3877935132
1314571.327654838
1544617.3944369517
1644761.679283388
1631969.611687498
1683857.700903142
1624969.5876915893
1535747.8734229894
1708968.7645452735
1553757.096194378
1547593.867625086
1565968.879008087
1538857.87064724
1568923.4146230365
1474257.634854046
1547881.6031457023
1687052.627106148
1720070.7852249902
1879618.337841986
1843947.4548941194
1797677.1132691873
1723548.3171880234
1721038.0745295642
1766546.7790896045
1671654.4245814015
1646604.5872749796
1505998.70099923
1557228.645405671
1495203.0215817057
1511348.108860946
1609775.8446445465
1497921.5688292661
1764352.6209406126
1680891.5574575819
1746118.054377139
1786675.1615374694
1941719.157000939
2199578.4894120456
1846281.7615293139
2083190.6990076497
2198000.2699662545
2216865.172202468
2155771.0368911903
2156878.921570899
2118811.8570655547
2020750.1921291598
1716962.670460918
1612756.7863105382
1566747.9226820895
1477989.4988335033
1460701.630706819
1475316.7859463256
1572832.856051664
1819900.5685689377
1998722.587071361
1929395.2756818242
1809936.8596411021
1735609.413678251
1609959.5127241071
1707465.8647368879
1674136.9373305114
1594364.1527418573
1668513.0325393013
1879868.21605385
1664661.6598901397
1698432.571367256
1679684.330948321
1824040.2235487034
1777290.618857723
1769170.754933495
1767491.1660656638
1671342.3146760438
1644015.7037571804
1581235.184158927
1680684.679923788
1596682.7817576856
1776430.883229981
2079420.6509397696
1843842.6274707676
1648150.8183757067
1543751.1090859598
1460305.6767137318
1503699.269541484
1385331.7065130584
1358399.8912509698
1508874.8546121756
1308543.4451142186
1382575.5541035244
1358061.7273021324
1278412.709403841
1319991.1498478446
1250798.4726062478
1226097.5888758628
1226497.3250456164
1246698.9116085353
1299033.7854704403
1398570.2808084532
1517283.923303627
1526766.0448087028
1533968.8441639824
1501056.2679819863
1551722.22759846
1639954.2805485674
1802696.1972856717
1975164.6646690182
2053692.39338266
2205892.487054101
2133434.0383602115
1926177.3332104015
1913772.6239728641
