1137388.8
1177467.2159096817
1116750.1563772357
1037489.505503232
1125362.728723359
1033218.106401212
1074832.1917701333
1043050.748816737
1097936.0865119735
1131169.6385013268
1135659.4881525647
1045894.5712133159
979850.6979580031
879993.9084814898
865884.9849307708
818682.1571572288
899975.0275730249
919556.0657236659
1181680.0319971384
932968.3381080739
999049.3172746219
1013937.1487088706
931201.3924905374
1056672.694063832
1077221.3782386673
1022171.7991169397
1028912.2774741256
916582.5689834147
893868.4555626207
869598.7681364882
999036.7900287375
1029998.5958599603
989720.5467644403
1013586.2220434173
971356.717158683
1021689.8948538882
961476.727656757
1120369.072745934
1086551.4659638496
998381.97823704
1040587.5072277365
970995.3104547999
1026396.0339008992
1216800.0952778466
1148877.167764033
1179920.1376314852
1316985.7412643454
1255671.1138749926
1259214.7622563057
1174592.8192163748
1281685.8390285028
1252058.9271157912
1196176.4583273584
1033266.4894421521
1270329.3670852904
1279362.6987351652
1245169.8232337243
1328639.3844691506
1441793.5859743909
1441391.1429553558
1467198.4911539238
1625826.0641415638
1900010.9488463786
1779011.4147930723
1526561.5888667058
1403739.7166318505
1342508.2618097975
1246428.4773436561
1370794.1347943505
1371059.1288841937
1461238.6980549465
1469026.2022866453
1636711.3987048077
1810152.3301034188
1878190.2690427513
1976713.5667817844
2002171.008327438
2085889.494501131
2185873.575733545
2200022.488609935
2068193.951297622
2032767.9398682516
2020180.441141616
2026193.5603418043
2159255.749005786
2276939.123735738
2118451.6744819907
2084597.1490013977
1967139.827285522
2055592.5426565704
1866828.1671999786
1931641.6331368068
1813235.9037496273
1762377.3138869312
1705951.7133644165
1499874.4881381625
1349500.9841710608
1402922.3995539225
1294939.9985157952
1298545.9375534612
1270315.5399023034
1463351.4909835048
1459151.3852727385
1504372.491034904
1489131.188221834
1460452.9198910631
1601990.0842921743
1752757.5950944847
1763715.4759721274
1581487.3019411566
1387332.303335776
1137388.8
1240348.1127066202
1388414.49852408
1579556.0666505257
1544910.686152782
1563128.141542759
1602210.9232423631
1721850.1524132972
1743123.3533940997
1715837.5243501347
1933170.543918772
1943750.096420653
2066175.2316762374
2098554.719116395
1924734.58273704
1904698.588582577
1833226.8658611213
1839521.183415265
1768354.140801795
1688019.2002567751
1651466.2819352478
1757369.401819463
1855294.8083453928
1802022.0763085133
1879465.8695243106
2027684.6552716196
2080026.758546426
2375875.4827962127
2318978.298377262
2425482.1376190414
2228209.8196552885
2199379.1648444952
2203306.660274377
1891888.972575928
1706577.4508924335
1796777.6719173407
1657402.9243746442
1638293.9528268417
1588967.9754296888
1614017.2572253658
1627080.871215108
1768522.7171813876
1752981.7562457658
1825410.6206355095
1827677.3302142362
1933169.8622598313
1770204.1641189507
1956840.3866640085
1934491.7880934302
1946971.45777436
1949429.2280610043
2236819.438864775
2337170.4144301657
2627440.6874830103
2512455.771816891
2771447.299311757
2778387.996905551
2737813.7800645027
2662360.281741463
3018557.187933262
3211726.177972357
3596733.669037146
3330116.5783901364
3268710.2892118385
3537112.2970758975
3816430.698372188
3945200.5147756245
4028390.7351828218
3839494.7578292377
3742515.140939106
3813496.760152915
4097825.1204185425
4137159.554840282
4137425.419142736
3645898.9939922662
3763493.813900196
4044269.6684615016
4342713.611533094
3903993.5256480463
3560251.1697567403
3584791.7150613903
3572843.7871996528
3493683.877771399
3554903.906686027
3381206.7942983946
3154428.037499562
2950387.3383457833
3178759.1498944545
3108533.8484990634
3444361.219784393
3359033.00669267
3246891.449856051
3086852.1519322176
3202557.396160793
3119613.0493939035
3076642.9508185405
3115706.1494203866
3073970.6247222456
2843371.843421845
2490305.210565794
2549927.7720959117
2624813.676699473
2629508.361837311
2953667.593010764
3001010.55808513
3200888.2841776228
3134859.7022778485
2631872.4087610627
2458177.4891005326
2556866.838425391
2604402.9905710234
