1137388.8
1173652.4468765007
1315591.2808093163
1325772.001769781
1382433.375626104
1339201.1346413612
1360578.7924552632
1486684.2135652404
1199186.6425116444
1184680.7257310422
1177840.706853829
1168266.7605280115
1327569.9280401038
1263377.2240755872
1258467.5387984943
1176722.7709151027
1245815.7282647223
1232455.8026121268
1167107.001867207
1157892.381354772
1314906.5301582876
1317280.0047574686
1251730.3383428024
1268647.4152318821
1353900.0638582683
1374375.032668807
1633322.084277779
1701081.1976993182
1957413.1582241491
1902865.1242537303
2021090.1501782332
2127625.588122494
2093305.8141358406
2105345.6889423337
2104560.549959779
2287760.4769565323
2423979.1146506434
2173058.874537528
2190346.907440775
2141970.313328802
2060080.4333065792
1943673.1699595298
2242141.1170340423
1856671.6519499018
1513461.5966779343
1629987.7980428145
1523989.4469332474
1789304.693537964
1759635.9328844703
1908772.922435706
1971916.3305721045
1750596.9949098155
1697241.3950532717
1629955.214486071
1362490.0893388875
1530619.5152072203
1703551.2459502816
1649400.6982779116
1797806.7135612194
1810719.9685564393
1927409.2541873863
2156117.383037257
1841175.347459904
1875474.9934110693
1889392.7129525354
1924007.7370602076
1880488.46785918
1883257.607838428
2017684.9804206428
1766099.3488358725
1629286.3078335356
1593633.9068134837
1581870.9971122988
1468160.9909570056
1499574.6639878054
1507434.068408047
1491532.9386582335
1465037.719878843
1421139.6863863664
1494050.690876956
1531047.0834276706
1605871.9491757962
1548502.8985115911
1605298.1263618255
1489231.9631374157
1571237.5701568534
1489472.5313288341
1568303.8414262065
1682970.222597594
1614731.2970209767
1863275.4966988396
1865950.2264262908
1771959.5968042233
1750504.6982087414
1734260.0727369047
1749970.6741627092
1494130.755622813
1736700.2676663774
1812075.3735101344
1871736.353389961
1636353.7698804222
1607665.3553452033
1625142.9428373629
1601823.0229166257
1610252.3829239302
1423195.164015383
1415278.547684543
1458406.847461467
1408362.2617238653
1420125.5596484174
1264475.5213003182
1137388.8
1062737.0425128879
923766.9907893294
937688.4792064447
990106.8659397257
1012978.6751885638
1018285.5787099925
945412.3286879814
974309.9825381177
892690.2959916511
996560.7970273754
1061551.4005444802
1073957.68883578
1100830.7916712181
1013953.1238204783
919635.0371043294
1101843.8918445164
1314122.5285068084
1299946.7992980587
1297168.9513456065
1239966.1616503056
1158430.4302439482
1220619.0155397065
1181317.134457582
1219704.44388313
1260681.4521795092
1240982.4006237527
1239223.862884749
1162523.1720009279
1014971.3598835167
939291.9218421266
1084942.2606895794
1090365.7393889702
1025393.288471742
988138.2996976316
1048921.6840560688
1065976.1047841392
1109823.6900905464
1063671.085599929
964585.9724001887
910379.5933579532
983472.454118899
977340.2719431795
1122540.2016890082
971459.854700142
970815.425157405
935789.3719942592
1052121.5496699305
1047971.8702771739
1031857.4769713511
943659.3895838815
1005250.7540821305
1064629.1193729849
1249707.140081948
1215462.5884956433
1116948.0099458862
1076483.3375603876
1054580.0601220564
1099336.526872043
997171.4065362934
866975.408709436
986761.410885982
993411.1665831888
948364.942741933
959958.1717569638
1002698.6083857043
998398.4868697769
955775.5610820529
954463.3661671879
996973.7785537987
1046038.3708501548
974322.5080714028
982729.2539503291
892162.6617678293
882542.8561290045
845848.9306324709
851652.908597611
847855.8214783767
909759.6142131519
979817.9975434394
1126272.2454519523
1168591.0342986488
1151530.0585348161
1132408.7556272761
935611.3225691662
897667.909139635
895985.3848582949
1014580.2135456705
1071292.1184861672
973467.8206367419
1055186.5575298357
1128316.837678163
1055106.3574273568
1106360.3210206951
1155216.7789485462
1073300.641630814
981275.8582633185
966168.2758479428
997644.2661468287
947530.3921372878
1048007.9435698178
1136050.512261069
1082867.9453931358
1010378.6857721381
1044764.9575986096
911747.1693708191
876151.3134675225
833046.959527216
818216.5383979323
883313.7854810639
844116.7086873478
