1137388.8
1202500.483885746
1071759.3760518027
1092993.5694293415
1027709.3374124473
1209466.1485464838
1150221.7738565656
1101281.7198702407
1078796.3416285939
1091145.035235473
1035738.476027031
965958.7046414214
1013491.3511509529
768397.8911991457
768482.2160595882
718715.0169772472
653343.5104204615
679992.1432291551
687819.5658411745
706860.6638534697
710516.6620782799
773660.4697094242
775910.6113166857
846339.5317707644
892602.7562020686
847138.6222632646
823790.9668295145
761292.1373008211
792106.513136107
838855.57352198
827543.9570099259
893735.5818749176
946592.5963131852
954044.4335079446
897865.6214556023
979327.134944841
942144.7504078187
862302.1004846692
907378.0424718624
961363.8086173875
921463.7560979833
974204.7670131606
1079047.607826944
1071644.3830100854
1013234.1101118886
967197.6760073242
965749.3834342684
920076.2106981443
951522.733177951
1131837.128470945
1068541.5259840372
1101410.762641991
1126366.2045837864
1303229.1404963231
1493575.7967362297
1470699.6695935724
1365654.1597217915
1294503.5265185803
1141971.6342723155
1166665.070081617
1229794.7704730001
1124476.378772807
1093695.8238589754
1078418.4343895651
1166033.9999065867
1178016.5646526972
1254386.6949436248
1295730.9142080967
1193136.7700981046
1321475.2293711593
1247795.0010293939
1370994.5335997862
1498118.1905216002
1738315.0119028273
1665634.6025168202
1650724.5057485073
1696865.0725606165
1746289.9289919108
1773315.5684748816
1664187.4619795613
1617545.0307769026
1684046.794203013
1530369.890457006
1450446.9354806943
1653613.8795599164
1550751.4638774542
1685878.228197062
1684032.3351933924
1816470.1448607813
1874949.8282082004
1855503.9861651615
2127767.5732619246
2401036.241926018
2520691.5072092237
2591240.0838789116
2738104.2448697677
2808016.045235526
2861032.601221237
2976061.7429535794
2862310.70415135
2913950.0687738564
2985193.0834803493
2959156.695716051
2839180.260081604
2735407.01991058
2629105.4014889793
2719275.9109144756
2627460.5745398453
2929273.1229940183
2932826.784888388
3282550.3627429167
1137388.8
1238188.129663584
1134650.2578351002
1137386.8236596726
1317224.1639203697
1362968.5456318895
1296825.5554412752
1329182.619553753
1423870.795588335
1521171.216733383
1617449.6562460982
1530735.7177292847
1464584.4563975763
1565042.4144436244
1333875.747572702
1399928.919705169
1440115.272853559
1332061.062694706
1120706.8885357983
1217624.1556034887
1250798.7469255275
1222304.3987330545
1204031.6154872754
1057674.4655521924
926367.6080952453
998451.7313977585
941509.2341698068
1054041.895480157
1043922.8540972961
1076259.6548841132
1034562.5893415106
930463.9826446767
1088396.8993818092
985697.8763431944
857403.8603422815
946063.7448009792
912650.8600779342
898710.4028781113
915501.3277053853
800870.0517458094
783752.9942681411
722940.3671410416
681304.4409106597
708384.9963697396
766316.4784608649
767892.4880099508
692697.7294412758
689696.5753011733
682934.855805565
617120.7926618095
586620.8573546514
549830.5707594954
611406.154708007
582418.3511944733
590515.9026300708
466661.9613687
442340.55180900096
445259.0129819539
521903.1170303884
551427.4604555037
532533.1886053637
522835.51330709603
501635.00166737975
519851.6597395016
552753.059876578
568590.0179982312
574357.099395692
580364.6181653871
567307.9406921243
498479.92285761045
545429.0677099202
504304.7786316511
523578.51417607337
515880.54289929464
475898.766174584
483317.473772511
577998.198729366
553224.9364334408
616934.6526889574
677478.1371548878
645471.3222606662
685061.0033327104
768975.9746642688
786596.8692092091
826822.8904478706
893666.958481797
863697.3062251492
1042094.589056294
939641.6696647231
961842.4343061543
898147.281791977
924059.1487664782
1014596.343779169
1108518.0201023542
1189376.5705924032
1201450.0076104938
1248670.0427714316
1260707.6072985677
1339495.428791539
1283016.3566431995
1289575.1960255415
1111387.3305879661
1040622.2569811527
1070837.237898722
1221928.5700150651
1334346.4752262484
1544142.0251418904
1342478.306269764
1420223.6334358854
1435333.8744867388
1416089.6373571625
