1137388.8
1192486.0288511887
1178031.481457762
1116785.370019089
1211916.5092887017
1306599.5239198112
1385369.7537497175
1448401.6795002064
1459071.2415797797
1433730.3110257217
1408486.123104724
1436140.1205347872
1398398.9706306441
1390178.060870691
1444389.8861241082
1390715.418023235
1632204.0875365501
1470310.7880622912
1356194.686281896
1324615.455680134
1179557.7293121633
1319614.7798576711
1292862.5530317198
1420287.826148295
1587533.0559246812
1602988.881147657
1554039.804258078
1647842.6735243003
1478191.4872139632
1528210.3956910265
1591319.5953746864
1570703.0439009005
1479054.1764625495
1362265.4479025705
1342018.332502399
1278543.4538971896
1572939.4793225925
1469578.0112091058
1426477.8145157949
1302387.5717151074
1316213.5330755457
1337547.1875627162
1382066.3097310322
1510772.438045714
1574703.3162177822
1577760.2957774193
1614784.6863182895
1548883.8515635266
1606574.1898226019
1548730.262650985
1521470.0046100495
1587386.3278556985
1553038.4798563528
1524242.0924996736
1541124.7434479427
1447109.016740144
1464160.060361723
1542566.1812432378
1606418.562518349
1574535.7882591193
1473674.52437329
1450593.5479888832
1579268.8176122014
1792972.5887470047
1913736.0551256398
1619133.9765335964
1764220.2283050774
1860039.2639026507
1876426.8282869628
2053879.7757916832
1995785.6634964298
1778641.660937168
1809370.3052037787
1984922.003982116
1983550.6013036324
2133430.463603959
2205791.757036805
2248063.9046773706
2117522.354074918
2355718.7124580806
2086350.649700599
2109825.0085627288
1921356.930241782
2424218.9396428913
2357284.7917778078
2350042.3175971606
2358710.1181781837
2452505.894328219
2272599.3893541954
2261136.5720918686
2121762.7167588873
1865581.852896172
2117671.8993615154
2258208.6117769936
1954172.8251956266
1787879.6106311337
1984831.729603371
2078377.0191361543
1994443.0981918555
2105582.0746895145
2115983.693077186
2134151.691061088
2278005.5943744313
2373269.891561571
2404494.041777267
2464929.37454354
2482044.826845755
2286264.4480754915
1941095.0117593198
1781182.044573126
1687254.2336062484
1137388.8
1396420.364977147
1314224.2490608874
1166131.035779118
1100541.7844573082
1071598.593613525
1033434.4085373303
977449.2222223168
866659.4305076111
875884.7748571741
908559.608812003
940954.0279858804
951472.5463600483
942437.6365030246
998325.9193996657
1004241.8106690781
883281.7645638818
801497.8479422219
804748.0343318679
850404.5075232332
782030.4091806232
824981.6608949865
854310.111676654
802196.2925731877
685490.4392914785
657372.3455880779
600626.9266073186
575263.740951718
641259.3076345981
695704.4688041057
700085.1877148792
700792.0810279872
710096.6559536775
674639.5233168296
626848.9320324191
669043.3712075327
740137.0061679531
772480.9836499215
864963.8159045917
633545.1052521993
637204.9486984243
640913.9175874732
686310.3133776926
667450.7875049099
725484.5535472281
656461.8729556132
666402.5842373783
691852.549063201
661931.8647353307
639314.7324156007
692832.6760724193
699342.3541093632
651886.8967631407
647276.4578250308
685099.7093577036
651701.6937115294
665134.0574366355
712589.7157816396
701486.705716333
586644.545434925
559787.9748897986
584463.8561706196
563130.5024997384
641404.9906016105
594811.8046592856
530072.0156587941
524443.9922106065
581832.8607343775
640107.542730228
558998.839571741
588943.60660581
625416.343897456
663273.3649491275
683497.5800469301
732105.1592685216
900526.2934402499
917945.0235997449
862101.8875678426
1014320.9982951437
1061637.9848666298
1135324.8771989017
1040199.9366199202
1034730.0493466461
1107398.1769592431
1162292.1199649554
1177289.3278600506
1107538.7672006593
1120520.7228869807
1093515.683692456
1079665.8874438345
1019951.9711665757
1043259.3960330847
1036781.4676557943
988083.6384482002
917940.5802098259
945073.4927900083
1045437.9696620399
991092.6337372146
972843.7326106048
1013539.0050489425
1050660.9130498196
1084675.58506608
1016961.3477775182
988281.021797859
1139545.6182950584
1358225.770040623
1208675.4551369774
1103999.8538558944
1137642.148879426
1085535.2176510575
975572.138929797
