1137388.8
1166436.465709548
1103158.6733760603
1072495.784506709
1036711.4637674744
1017199.9582658506
1200147.3325859054
1248535.9279312668
1327947.8892479464
1364274.8534087946
1400942.7304802549
1578029.147264418
1642983.9942431168
1572938.7031540922
1624921.7011819135
1519902.1159046397
1451568.715329947
1575179.8768900046
1700795.7741602014
1629478.2383475585
1698800.9126811968
1719182.868865814
1704956.1672039158
1621205.0328844315
1565022.1823846668
1542444.5963741245
1592810.1334398058
1580299.652271247
1575331.5845174796
1553440.5209033163
1594908.817930356
1661107.979328773
1763790.926184073
1847265.013461242
1842876.0165905445
1834274.5594547065
1772356.8033151987
1816884.3347956133
1708377.8891547585
1731702.535252558
1679268.6488771585
1554825.539387392
1466481.7300871438
1561728.115284067
1541665.2463385658
1494677.177596735
1433025.078720869
1409794.746211216
1436234.257208541
1484186.9108341015
1548444.0997061313
1443367.1161284773
1573144.4649521387
1618188.8595414895
1575473.3653632805
1637162.8016437525
1819827.1222752556
1899695.0937224412
2093658.5451588603
2333003.4649218274
2073963.2724150512
2255902.5645459015
2042365.5685725024
1950514.9525313377
1946987.7081800995
2139835.7493610336
2091375.023904373
2251428.079076516
2310925.661993202
2326121.4158406337
2288380.5798175666
2283285.7894476135
2190410.2251131693
2291022.58982835
2074589.4810329257
2184202.685727003
2147891.561057221
2478381.8560503386
2580204.030841552
2509326.939245137
2491286.3708266467
2809624.6129086334
2655975.2092178124
2495551.0973333083
2365925.3960328777
2379368.8170093712
2166502.319768109
2198355.112835456
2274167.1141511016
2212906.560839039
2081251.014004005
2013553.3074499988
2024931.9201749682
2178495.795183778
1901115.1831637484
1599141.8403714162
1407434.7611950075
1468633.59400056
1431343.3457098135
1551410.320948845
1613505.2278636908
1640068.1755787313
1604868.0715818058
1818109.1341297452
1944523.9513359151
1969193.5825563513
2138533.2845163466
2132872.161248391
2110624.868609581
1915155.3091057974
1966382.9530582144
1137388.8
1016857.1312358644
972529.7386761712
841683.008867513
796393.3687822864
726753.1308312825
699306.0227431271
677251.704869121
747468.868206376
816666.5030833354
783832.2847543906
808206.4451133602
846086.5790186363
874031.1804465632
896957.9171506291
835469.6113914656
831302.4834768911
815803.3568582179
760294.7628082669
717859.7996608297
642661.4228389236
599164.5822390753
585302.5652418954
613047.3605272607
597627.9319466224
544674.9759691814
623827.0926119991
650620.7671554128
655438.1997349563
641734.6939308143
660725.613134999
588909.7888229892
549651.3351756056
584464.4739507156
556807.589271058
608435.7171166455
484400.5470789905
459259.68542818096
399107.0864980247
367970.65177846316
392514.7450288556
401444.79164711107
353921.2802308515
384177.19354663
369306.90609518066
366471.1597771978
334004.61626059
310026.6284854327
304805.65698006086
296979.1855275093
345771.97023698915
363008.7174933191
366873.3941853798
351282.82788568863
352839.6020559678
321727.2269114485
312683.16694500064
308129.3729733175
343621.92667769146
347674.1318894658
377102.2330935972
339283.26133047725
334699.9135810531
345034.2694971293
317203.7850205604
327033.51907732495
349732.58692953555
332676.86558812065
353093.1857755598
352857.6318068705
329922.24882604607
287624.90761312906
274188.3850500148
276398.29945973196
262214.5930915577
272900.6143748979
288468.97706667753
287790.43235158635
282188.4612431344
266395.7209759296
252083.65060516458
255443.71592110087
244155.4536543388
255942.01638483498
231557.73093047622
220137.77195795818
207997.98477324346
209734.26558260462
226362.5658175343
223584.24493317795
204071.6605362441
226318.01399971457
208591.8137994
211361.1691430204
225800.93348399148
212139.51212760835
248988.53444034435
257960.81129685525
274283.41232791514
276170.23800949776
250564.71810512344
261931.25246417883
246455.40676946123
248221.67050391415
263838.8396322476
250830.2313992761
251005.26518978496
224693.81172700532
224366.90282840273
226375.80080951736
193160.97576218614
