1137388.8
1225654.57009011
1177995.9877979485
1171916.6969078386
1191920.874492644
1172030.4340658488
1033731.8900999707
927323.4078716794
984808.143125501
1048455.7652750323
1117710.2273052358
1028520.9477971311
990828.0557208024
1031678.4429390202
1046811.7842868273
1192364.221470506
1287661.3280566665
1504313.1407886066
1493519.0510861184
1279961.7409223763
1118223.1748584954
960355.9125006933
971375.3485682242
1055528.783573131
952946.8954186311
987133.2016059565
934411.5144487805
963746.2306496013
1094790.2095457492
1100851.6994038904
1209648.2786401296
1211304.24621345
1114248.594057357
1163531.5260585728
979146.8631439799
1004795.800719966
964880.4644719396
898208.82609134
869636.2635890708
870379.9601685868
788984.7966474455
821175.8875481249
729557.0429144241
680760.1365523466
670995.9626223865
651826.1197153444
671934.796787108
708762.1290639982
648486.0743712471
648088.2764040272
689311.8090578793
700478.352738259
636458.7378669184
601021.540339121
711321.7348272817
685824.8476226019
598692.0789377346
551830.1875348038
560717.1490851147
495346.7389419502
483096.0014620218
507834.46442611126
475595.48984036274
534600.7831676861
588478.6671988369
612537.5431243662
605252.0106110936
654724.340604413
711205.4386804126
658054.0019813676
657280.3250616814
681462.4767989829
674153.6269043093
730561.9923367823
719705.1481104706
656776.1085475174
635698.9770132644
662002.8572596501
693285.536892876
670380.9155660655
594808.1718467628
554292.9503179695
539688.1523078525
519148.803506742
517928.33611045574
472641.55942182505
522653.6912673629
444626.83927037567
427176.6979406
376630.70003538503
374222.0351629404
389220.16738655744
389896.60220082203
411583.7525085857
485264.6228240022
590253.7627079306
658087.8344034323
683275.4242370441
755460.3692572109
719550.8909666295
802693.065505795
933017.1281636748
1047791.8064230613
1061612.425417563
994128.6256132054
1065241.842795407
1145883.837178124
1177661.852243602
1042524.4391279143
1110504.7582293083
1275541.726565816
1137388.8
1158141.3284093179
1186199.800902578
1034110.5241967743
1017659.4970220827
860398.3036632922
867005.8831095846
840571.281817067
839674.7755540115
722017.9546862295
683202.6628431164
649060.3613230793
563662.7634830989
602896.6259673965
635961.7186474449
824660.1980481587
865302.9429453202
843644.4853406906
889722.2411543888
833853.6674927324
916589.9965120892
834172.8623927134
949514.7526917297
936573.4130904031
939958.236267018
979759.8192444191
1010623.2038436763
939326.4866760445
892131.8340332154
782817.4780252555
838369.175459451
879514.9926464694
913019.5183586808
851556.6423676554
778270.9970383947
722699.8931155017
713689.8408019921
668060.8799843169
657818.8491570916
648486.7730590258
575161.114284289
633084.297619249
644884.5325485908
645246.0560185284
639303.1245818943
624490.4296769882
671294.9795412575
713075.6450147574
657358.8721575534
677501.046668014
689806.6047152048
665315.6588003548
640770.2114849949
675912.6274015657
644879.8491662891
662472.0904318765
608698.461844146
529202.3292987361
511480.3207472883
499908.49729935965
494806.0914855497
565971.2815088963
520118.28690115496
514870.2037563949
523561.1623395773
557308.5730634392
585162.322809899
581045.9557261466
501421.77628129785
480972.3078464259
533824.9280563802
478451.5585017221
486166.59217943676
452007.19811549585
468064.86702648463
441939.11516151566
455155.4431090308
443563.914783626
401951.3583651357
423885.4066139133
441629.60990603594
397915.06450861186
384642.7895280999
361733.3152499458
379261.8350506727
371551.0383968626
340690.3179587909
381348.937697612
417459.548046926
414797.33355168055
372612.2978858738
310829.47730653215
313859.02560012025
332187.5236463806
342102.9970208043
312940.89744031854
290291.15428107785
315915.5841503608
331382.10228270595
306884.88776628894
317049.0601296114
319937.80089208856
291725.30509966833
295537.3106659064
307225.6910772323
343252.3991256663
352812.1649927333
367420.21809384093
407875.9375005884
419062.0728418597
367741.4105928995
