1137388.8
1160675.5117263463
1158015.9564999104
1044985.9309250806
1004772.8722602294
964882.4868957178
1040374.4581800152
889178.2966361769
911578.7056941477
956913.7862261191
1004924.515381085
1032815.8070288763
951225.9764415756
1006948.4800797129
1046089.8918813845
995358.905139811
945990.3603379279
906279.2927362139
1096185.3227606216
1094156.9977795181
1100070.8444382085
1063838.892515515
997026.9975790575
1031032.1246425333
1052019.680593946
1284044.5811575332
1207618.4178405507
1307354.34558218
1224574.1175680794
1287194.3123308357
1352187.0795661665
1411020.1299130516
1397414.782077116
1354802.2918715135
1369296.2002624965
1460935.855783217
1377193.2747267296
1394726.4307555975
1425013.162130929
1318993.24716521
1281280.4830112825
1124534.827086161
1108561.1607392905
1012754.4811395976
1015439.0440806095
1149677.4818238523
1055591.0135516615
1147021.6360728138
1166178.0290513472
1147362.8403188684
1211810.2857836217
1137145.5806007888
1151395.5809521396
1278380.4625822364
1385276.099173807
1262148.758414662
1193812.7757505237
1167846.2056328256
1239295.2030003397
1139878.1868878368
1094561.5431161283
1033720.3952487948
948976.6326311803
828607.8265691004
892212.3920793778
934942.9752932412
984932.2964996734
1042610.719097659
1057505.0112284536
1037171.675134006
1048347.1457254267
940364.5885092531
990689.4072162868
873251.2354303377
847557.4788169775
814150.0344770675
781435.9767192608
795355.669904537
740178.1668849506
645716.1430181717
751389.7447137546
731026.8474246766
727887.4727389263
684574.1234928771
694688.2992671859
744588.1128771999
796045.6735781119
847602.4734084372
788321.0770599695
801652.3877426822
841519.5303065638
792916.6015717116
821249.7110668024
733625.7393289835
746989.8976956089
763628.3430722832
663382.0909811846
654149.3454904519
626892.7980238762
624327.4866987842
663724.047320834
729536.8267572849
714320.5829448898
755802.3988487484
791916.9773989604
873119.4320006198
801689.823659397
649319.8265501756
597880.8428249124
618950.2211463713
577589.1938673898
1137388.8
1145899.4849448963
1202661.979636001
1123088.648169776
1035200.6808716041
876195.7591766822
902147.6421789551
946867.8947011243
942606.1701973103
924091.8044764729
1094842.714682021
1185736.4398150404
1097371.6537894807
1117101.577989659
1184755.2509467541
1194507.3400076707
1257371.1019582322
1278047.0014114869
1144707.6044878536
993175.0392392358
914517.9352264173
815517.4773296986
777860.8586994236
748032.7475013004
685475.2814030054
634133.0718886864
640746.599137983
659765.1761970532
606366.688823043
625550.7619520607
500698.80670985224
480390.98529896187
503167.84055037267
479536.5723066349
514560.0272186043
526534.2218644314
579659.6253254776
602146.3299577789
581846.6119721386
541647.7064673575
594198.4365976051
573732.4029334574
539835.1700660873
530296.4743830746
607135.9319159382
574754.5005626834
576589.7134428646
611303.7075777968
577959.7572599816
529091.1561353246
461358.50227214606
479159.9488150536
465839.31750703015
475240.81941467937
451607.02698989166
442159.47393245675
432289.28589006804
439287.7959882904
440605.1160870434
374873.7124153559
363374.29399251536
311297.75910066394
302965.0722295773
326650.36839005665
321754.11612351047
324516.3388870599
306364.90403831616
316194.57855362626
318620.4091131399
307299.0069692637
313040.9056129408
319151.4406485337
325171.8503711727
302118.06124513934
308926.88122916874
287218.09893832455
308995.71841296775
350162.2884516706
336767.6595647695
303784.99370578007
293987.9890594476
329951.2262761267
313484.4937967206
300233.397309067
262966.7841995536
269409.77617170144
257596.55384174205
259683.63959479707
261573.42121841817
252219.83214883404
267618.29241869895
294589.3886522375
297879.93026889634
309740.99457726965
335263.3117118295
349507.22541046015
414025.31043883244
403985.72386125464
373111.22665759496
355034.53711096937
355708.95857027074
344839.19632360846
365704.2794424211
386581.11711754027
374194.9526117476
380167.8562298738
385369.083509237
410805.459070415
379925.5350800071
356203.12666968006
346021.12017782696
