1137388.8
1126212.4351838327
1305317.820036568
1144207.9210295985
1328906.07734393
1415842.4595817418
1291342.097194016
1504743.4713520657
1610173.162969081
1560454.4075601255
1388113.6919747589
1413518.994031419
1390656.095237794
1542341.8495232533
1613907.4131320976
1710576.6766974889
1588163.856950489
1680878.8061808264
1631458.8831550262
1572150.1050914915
1763535.0283309591
1733299.7090762502
1684485.340284921
2037137.9933329662
1915372.2422100594
1969535.1294673549
1753725.5441532133
1776802.0832503487
2048702.2858129567
2075826.6777914595
1873888.330287367
1611275.3239219603
1706637.3001725632
1591800.6493436978
1673501.507585607
1752288.5076097723
2015032.49208644
1865067.1683371703
1871060.3408014071
1866787.2048268372
1665642.370587464
1646170.815559851
1560315.4816286687
1626501.3014150225
1585894.4007662046
1366608.516582693
1323727.4124506444
1293440.217045726
1168911.9893253974
1092701.6958194913
1158799.3997501775
1192975.594200718
1228093.9652269045
1149678.2970634596
1059391.4275482502
1003230.9407061833
1052589.037170248
932469.498192805
1025169.5049522488
1107731.7282578608
1112946.911091569
1105848.679283955
884237.7845111965
877649.2727872896
934753.7465265219
957142.1719643665
897845.1575345722
836748.7787392368
719185.2494183014
812036.9910097328
786871.9943432977
807981.1230577374
795155.9431205695
729356.7688962232
741287.1984820607
719581.9471834532
765185.2653968524
708841.858225057
716063.7532863811
806374.8478085027
726838.032184373
727761.284024307
717123.3925597221
693855.222598318
721258.1101683266
765235.7943926039
830043.0994417932
934164.2869781668
1010749.4451418287
932316.6890300984
980641.8859691691
920466.0596420134
942460.8647171982
1041731.5773776768
1105719.8932121017
1225274.284379399
1116281.6091469836
1115083.4647514897
1152862.3508691115
1089413.7835781905
1233282.0730602774
1259748.6858262266
1093885.9180772072
1160840.3193637263
1185120.149642774
1279330.1738560766
1312431.1157785843
1408159.920331148
1461492.060111426
1537755.850467127
1511679.5974277281
1137388.8
1135311.686902528
1135778.5621808968
1118971.9891992824
1195543.256703786
996547.0533946179
1006885.5246400614
1124846.8193433045
1095125.2819844764
1080425.5278210382
1075468.7234047712
1028503.4103998626
883812.3516275251
815850.0917197224
697150.9935851595
659229.0768262469
678257.6875615405
649616.4619119312
692415.0108034819
629872.0771734718
686716.8361895131
722649.1186483968
758463.1588255655
866603.3728352264
823823.8561848303
833601.1021219172
831371.4287322157
944217.6245884725
955551.0997744268
896186.3895105341
928514.6978826326
1000676.6555686549
1071608.7952050404
1174231.0088793884
1180437.8591327253
1213502.9262906963
1053681.1298821932
1043816.381210583
855734.0068410925
888766.275842411
924609.5479321002
864947.5229878346
855987.6300904945
866058.1044573681
817511.2028142387
785926.3308519408
694691.8974405165
698920.7405751972
678757.6966560811
662832.6692965061
667908.9471963182
789426.064244759
695259.7915277875
582669.9986634196
578264.197084503
553762.8404734434
525166.7990488955
544516.3358740669
552484.7587958366
580632.5689320656
602072.5617186046
591096.782731628
619193.5131641441
605466.041926316
673290.7826305244
665913.5168601414
660785.2598237409
582547.1983311508
630041.7784529569
591246.0275330107
674703.2796787303
753791.4969412737
755210.8366673543
813851.19774628
813805.1143161979
761309.7089883575
730808.1988900232
720086.382772753
843588.205748931
774331.2577401694
766391.9560169799
792585.4816238501
707102.5448778601
770489.3912743026
788592.7934918309
731098.8480420329
770306.2906211669
772973.5719273556
745475.1032739775
775763.7686331647
703706.1170590465
704951.1352229896
758991.0643157115
724872.2745860668
774400.2526176001
795302.5262788553
766506.8395577514
787342.2552355591
723517.38037659
681268.6303633173
732074.4702332133
792666.8378141898
782118.5534650637
757221.403022231
740449.6901186316
726065.3418709675
704247.5570444486
749608.7120683724
736472.1560117301
697766.4457474558
591367.4510668094
