1137388.8
1294697.6429496526
1281908.6009146196
1450433.422300238
1379959.774139135
1422213.8001533363
1585319.412477055
1663358.6381022772
1665019.4237840124
1521518.102815466
1496937.075694419
1278790.0395380603
1138722.932152945
1273070.0449291044
1158158.3612759635
1018291.289455979
887357.7870669938
770141.9101140623
703980.5952935051
747425.6269148114
776583.3344779025
747387.4151388297
696924.3794744895
730264.3911526272
646321.8027263716
626026.8840411329
622884.7014278992
626201.8061908138
672759.3892453118
639404.5882617704
607506.135708564
550600.7979726183
567141.2283381963
525508.9622714735
499596.55265644495
489453.66148606344
413851.84546338837
401809.4189408717
330221.6647337979
343389.8399997043
319630.14805743203
336085.4853467
354386.5406115348
362810.17983801407
338759.8638750138
407099.0379290725
376946.23519756965
399878.70063176926
435298.79329882
438955.9379250228
447067.5840459973
428821.09052348166
499249.491817516
533425.9046404061
587074.26038612
540142.2992625965
487325.8023672379
519507.84365524765
493903.0733807496
487358.824149523
471032.45436206245
524805.5661432876
578468.8583784689
550492.81752881
510060.7033027882
556360.3451711882
588198.6665082957
535480.2263058648
541682.6361585722
631660.6173924666
620261.3657429072
672681.4277280093
659237.3314654297
636274.7839538429
667318.0824944257
629828.9646748828
570390.9041808076
567231.390320527
552265.030855897
690606.1840930472
759683.043613131
839298.5389698537
829714.7859141375
914693.9634180948
946968.675362091
1080945.1151200319
1100402.3044456698
964038.6865903245
911272.7027558294
841667.6950151005
867406.3256154592
852485.1869520602
917447.9394077223
885220.0177165365
866302.3288408736
972404.8552239221
1092850.9416507145
1117293.212244074
1348630.1878539878
1359154.8281507771
1417562.0730140395
1343989.5797631766
1452963.5703194614
1479712.7368059086
1488225.2905969676
1514564.1825291319
1524965.1413554503
1427677.5328736177
1340516.894431162
1268880.9767615185
1367635.1320437593
1137388.8
1205731.5609951576
1210897.1616218998
1281730.6568869553
1319824.6355154382
1276667.8555986735
1403728.3855338742
1342466.8003040708
1405025.3994377276
1508708.0198669941
1501442.6696481563
1450125.4300262362
1448107.265625519
1535190.969287857
1676810.3135825517
1706053.390324831
2064660.7920552988
2098019.1016716836
1894438.3311846952
2000130.9184208193
1644179.7225082836
1667459.1846752076
1788841.0555544198
1927714.7888532754
2238899.568560682
2321582.360550154
2132623.793913647
2183034.892956062
1957705.7986643086
1789670.8201198974
1740166.1201464706
1883212.8180138925
1772834.3419859933
2066686.7096105898
2285629.4712478886
2334536.5751484227
2626330.6961412607
2490681.468857059
2971409.978176249
3082623.083968107
2917053.515496032
3164528.0064744106
3102905.522666527
3329442.2652956457
2831103.8871240364
2344354.649384417
2303901.242386049
2165524.1608850113
1957779.556073601
1868367.0140731153
1843623.6942105186
1894961.402752213
2078326.7735736098
1769568.3663062195
1858312.4030912272
1898881.5225960594
2010139.0611596035
2065232.7945672593
2135368.5025793053
1964518.1702828566
2027664.1629557244
1983357.5577883923
1730522.2678103205
1607377.9368244295
1467536.7877528365
1267573.8989752147
1323660.8920638214
1332187.8648311351
1478682.0956898255
1563185.2188114722
1450890.9119440482
1527586.0755126127
1533868.2545972795
1618724.8895242938
1558121.6256889328
1518436.7604361868
1423122.6943528084
1330986.8501750152
1201018.4809914727
1209533.5386840461
1214665.98100716
1258792.721261298
1204433.612823225
1259076.1250957004
1350760.4723396546
1131179.0399970708
1160642.6242984622
1255256.9384537218
1132683.1157013604
1111251.851808724
1200540.2769474431
1176625.5155318487
1081767.4574696033
1075279.6743143403
1227643.4377906525
1292016.6653971174
1263659.5693802433
1311459.5000683567
1187912.0175500114
1150410.260467791
1163454.0184644337
1180687.8713604405
1071133.0353813968
1044664.2209467613
983660.993535439
893702.2943143045
902795.0956094414
876789.689674195
896869.8749811584
854343.1813775224
842698.7889099973
