1137388.8
1143978.3840658825
1133762.4956237446
1101198.7543314549
1129834.1287614987
1152056.630091583
1254994.5837126733
1178365.748898378
1257484.4282380478
1072793.4531050432
1167323.525640482
1142878.1805928913
1014325.3613272357
1029023.924130239
1050121.246860541
1144837.1369737976
1208237.228865155
1190040.9487302182
1224437.6656705772
1366544.6539813129
1414199.65234374
1431099.740384145
1424052.780949354
1422532.8809184837
1430456.7216181096
1344606.4492296455
1295400.541598174
1292249.6660751656
1149684.237815293
1105143.244559361
1145581.8817533478
1085045.9743444116
995294.3363157645
974602.5815879873
1014899.3389387877
1020379.3738212151
1047451.921529976
1123308.8074636469
1052983.88175086
999433.5878483736
1089170.9001754213
1103229.441530034
1314195.2477765244
1310020.5628411234
1164446.0061926923
1139847.1350009653
1046450.8616976925
1071534.2484382254
1036069.7400555717
1093220.7461805851
1066634.5967111199
994535.3320390263
1060115.3768881569
1204048.1468981174
1419093.7964365084
1445204.370608219
1431588.7604174623
1504434.4149400373
1452029.230576903
1289358.735604614
1195296.2622258891
1159742.0025522076
1178179.9828832767
1165839.5356377421
1055234.3015542442
1192641.8620635802
1219153.8700841398
1213500.1039817494
1215251.134443625
1136154.068222785
1123758.6126394547
1202800.4794628986
1265871.2369070917
1257616.6776334508
1302366.6410115145
1265114.2233680915
1243201.9662155502
1243835.487449956
1209587.4264880277
1151093.835972512
1177626.9612154916
1103311.7612201609
1241467.138947383
1112420.9055733264
1208300.3029032883
1222745.7247480236
1329414.5409690654
1318460.9805408872
1301023.701751921
1407932.059652749
1523748.99082583
1568640.6874748222
1524110.68488405
1404465.9734519082
1613709.436750066
1641159.6504152203
1506821.8344366548
1615364.52450814
1612172.4899885077
1596196.1494001811
1532751.6464591345
1620876.4628673857
1551749.7502864304
1610750.145637029
1582907.8010303879
1530172.4846790025
1541117.7321020158
1718555.0182784814
1832569.0977414413
1765544.9217001535
1764189.6745124368
1137388.8
1030055.5992845524
1009971.9244435962
1008162.4342140064
998841.914060743
837465.791997602
838606.7609702628
825818.5112600484
805117.3742037119
869489.6560268222
1007039.1381344326
1059692.0250171688
1100324.7243566916
1151793.5137360494
1105930.188526554
1238095.5082883555
1370920.1391683095
1305224.9066058365
1292150.946482899
1399982.8277060906
1269371.031484289
1180336.3277943071
1251986.3415971932
1254694.3533358949
1299386.5809028137
1471389.402161479
1348025.913116176
1318549.4757237774
1128358.487140826
960500.957870169
956061.0133090507
850968.1276022353
988101.3001839205
1018284.781512058
927969.7279536336
877114.9617141453
881108.6125342818
874163.7950518265
834534.5365633182
917436.072415715
831066.5092309961
837423.6520019756
780413.1709917766
741749.2723929442
773461.26701478
764993.1014403271
725887.5312364384
755547.5982497266
761458.5255309372
816026.1105475909
793592.6165926406
777934.9271950728
743651.5059454875
762241.2558396134
756706.9598190181
808548.6157294149
730084.8589401428
725378.4125613185
705367.7237711623
673772.8010784783
635951.4271475611
662041.6560576294
628382.674264519
710751.2654856846
831613.7556147182
768102.1217975643
763620.4504304301
625598.0019918983
584273.4842872045
581533.053975686
535444.687064604
635264.7290536795
613112.7417532167
577137.7544158305
561107.1367963783
533302.2457380545
517877.5397800254
553756.8507997523
565222.7169779553
525153.822407668
525284.8135736828
568548.3262357675
521064.21272745467
516482.87160737807
531476.7347331839
528836.5269035206
531300.2353329168
529860.1818182151
515795.34207588044
509892.32956590113
488610.97784124356
524383.9459725681
535071.7407141187
571850.7251541483
603954.7363416628
628722.4934678151
654242.8965149181
606864.2727510835
638407.816967783
683448.6770207706
672852.9089514487
709820.7015365417
549242.3781743303
533918.8945305361
646679.035928043
536895.2213621157
659279.2853219851
741347.5822096603
689973.8476925681
604789.4296608047
636173.6899898803
