1137388.8
1144535.8394117074
1172676.8793537656
1120400.6271018668
1195972.7647707441
1116632.194457285
1268134.0585495082
1371136.4032801676
1274315.5272106759
1225654.3289783567
1217631.1525690104
1207347.3390505149
1078862.497731136
1092030.8742020235
1187148.4961613137
1176545.2508356376
1349014.8036641772
1328467.2542135383
1370300.1799292113
1316968.7512743948
1458296.278698212
1467587.410175993
1600028.8062567888
1447688.3483465656
1447088.3365394622
1401851.9570001238
1566408.483406163
1573882.5701543172
1443444.7466883976
1564763.6861279807
1602776.5486422207
1772684.88583342
1794892.9079982305
1732190.5020631743
1979096.6926008032
2005424.7607476802
1960946.2612441366
1733504.3212079643
1716727.2297041225
1587349.1063527921
1533529.943847569
1644777.586041824
1707077.7522850074
1798370.7559583364
1876598.5655527413
1807825.6736870836
1933432.749741974
2155233.7871993626
1964241.1759652253
2022419.1475473708
2004124.7363276784
2382981.592733796
2447781.962940141
2164060.9517695443
1776696.2255759495
1814356.9982452118
1522677.7563379784
1616886.3107786938
1723285.2094655803
1636788.181157854
1635592.1586214553
1538526.9672511024
1494993.5626865996
1605382.454692141
1656729.5725792653
1829155.3683666228
1857243.9432310087
1983300.9465843658
2158407.6542966585
2266098.0433596405
2086758.440183075
2228172.9218634856
2431740.8434988433
2272039.1407517632
2448629.486019363
2321047.086258688
2141125.333899217
2046654.3787186302
1943950.0672448354
1826317.5918755385
2033373.4114209749
2020856.3735464346
2313724.037952436
2484448.045268267
2281195.5398096316
2439172.411846259
2608869.1173351663
2493649.3902745517
2164386.5820135474
2132569.6170944027
2133794.863164299
2080963.1579083789
1989914.2930234862
1889757.7528796443
2231877.1544783325
2245506.464963421
2155326.6771571445
2330427.76202897
2237781.9270855053
2250218.3227489144
2061384.1487114492
2044776.8527847794
1977919.8374401159
1995497.8526336357
2061170.3612778874
2365494.7325432585
2314449.7106295917
2361846.0218815855
2478136.3584521892
2612351.7430152865
2585938.8731336943
1137388.8
1182112.3815613643
1270592.7950093453
1312104.13492819
1223231.219896505
1247399.0320832357
1185096.7618023092
1169245.6259751522
1231364.380779468
1225125.3419849882
1178089.2594373587
1327913.9202135548
1289753.700885797
1196656.9325244073
1136379.1351091308
1195017.4430538795
1388396.7256107049
1411905.373551191
1309289.883429517
1325426.9048111748
1230405.0554402908
1274799.3156302467
1195516.5742171418
1036195.704168964
1108076.7860295551
1168787.110207333
1186462.290397082
1273858.5388829035
1452385.046570438
1328870.2327985407
1504650.7663156327
1474903.731928723
1342241.94846266
1446394.6192727268
1186367.1589248958
1166175.0493906692
1183107.6682025741
1050747.7975014173
972843.2529251807
972880.9128250924
1075783.1117359202
959899.9433992498
951354.4789934398
1012705.7346807227
966438.8410662481
924284.0849428644
1010368.5926365884
865241.5015396851
827353.2226271591
842764.7204422454
849594.2826674172
810208.3777704793
821769.5548301431
779811.4628792354
746141.8724617834
639784.7371737622
637728.0430435303
613367.6608297698
643227.5792576895
668654.3443998161
769614.7224952087
784145.3866607463
732868.2293845343
747773.019718555
743017.9689236523
660831.9774923115
601926.8032371163
605436.0672305874
652730.897390308
718870.2719864188
674240.0924727137
715092.7174211802
746633.7569288824
601546.5253077395
550297.1376726066
638970.4402121481
666603.5116446741
625127.1500778423
537046.6428759863
479244.82582788554
436168.929399049
420531.1890064938
385908.2822579312
378192.32651486207
361475.5711252414
359188.8209528755
392365.8867448074
346715.89066436887
377735.00557696517
344203.3325986805
365774.32937425934
410996.0940904399
341597.3952286417
326570.908455323
313297.0376017355
340485.88273112464
325763.41012868803
327251.8454379016
344914.72234672686
338711.6830089857
340346.1232817928
361906.63841421274
370526.62048714753
361115.9046102994
385190.11390605255
324555.073825431
305672.45943406684
302458.8496158419
315987.533632744
316117.51953363104
309767.2875628959
