1137388.8
1128937.3299289877
1060610.6031297655
1103990.8420500932
1151745.906537188
1123500.4744421844
1238216.4585982414
1313244.5938690002
1305264.4931196705
1369404.527286243
1450446.3439750639
1683529.5668184347
1962570.2419504928
1951390.6753170488
2194282.438560063
2127936.2127287914
1994725.759172259
1949622.9506347112
1861313.0562844195
1827341.858766993
1916271.0310391658
1953246.3411658925
1938789.3677152744
1819029.3638645094
1696477.464440809
1657516.3193612236
1734696.5188908144
1567790.91933364
1548959.2289053102
1376890.930105075
1399552.3317482593
1542912.4904514905
1487748.7172289167
1343581.0217882947
1348204.6490510383
1278298.6330052386
1312621.6830868502
1268746.7933120262
1403832.7352736588
1366752.546715986
1357406.0406805917
1437891.6773265935
1483916.4794484556
1547003.6139525482
1436646.0761901983
1488991.830180383
1600795.7277851605
1474684.0813340477
1511720.052799591
1565224.9857289814
1459903.5524728517
1473010.61731633
1477126.385445919
1363284.6232315178
1308612.928831027
1240669.4204393413
1176389.836207971
1189157.5620735243
1154015.4469769904
1043857.7256272498
1034390.6778099254
1054511.6522330937
1166677.4985424774
1294672.069243584
1301974.309907306
1202369.106652216
1143102.0070241462
1135752.1737461518
1144053.855102872
1171453.6706514705
1059415.2689404741
923734.805001461
1059821.531191948
1008980.6431686342
1017705.7917671953
847608.1203917543
791805.5282378957
881337.5463307169
796961.6566203418
736586.6021944035
769014.7779148774
689577.5572185863
685031.455859836
698849.9471472413
723956.0679780523
690479.7492505502
653893.0092677166
633436.62547582
564468.8513367058
577017.620448001
565798.9594501525
580525.375722857
643544.7582369462
626491.6121876354
626439.5625951362
629151.551716201
643690.3602652308
729136.9328908108
685299.772528669
675178.1352074016
667961.3709792932
681498.0454796104
742950.8748039979
738543.2279538278
728688.3055759525
741172.5804820274
667044.1465651903
633484.5358039543
541572.13278349
539526.5969930211
557418.1359059552
1137388.8
1210608.2918438308
1147105.4819833564
936838.0578097769
938175.7918925962
904975.7551497992
1110238.713443046
1144601.2479839935
1200203.2263928016
1201149.6938172504
1019828.8349023917
959326.2468983569
930480.5585589167
951400.3168005523
992483.2216934161
985728.5460873484
988948.3233550314
975857.0641484301
813887.349173676
809914.8649865933
654408.5339585947
604237.9523569488
598289.1453842792
521241.80876661494
532497.2587679772
562804.9346113229
603065.6730646593
642464.4377743384
593795.270416359
582629.1447852848
612371.8150847803
611726.2702672661
608323.1339762138
627029.371133529
608103.1975098655
674463.8995101316
682589.5803891135
675914.1866185622
665749.8781511671
655955.9428575436
581864.1487405788
651804.2559101442
666690.7614573151
698033.7156353389
688234.3157472621
807395.6221054838
735308.812810888
786837.561547717
839925.2925400655
748787.2275388282
716748.391593336
791160.4505107952
870380.150107903
824125.4896737133
838030.8205695475
843872.3760575978
840725.0530449799
788092.6803094542
774733.1793833311
768068.6367662849
786692.604508877
735415.2608383559
674746.4926658741
748483.841412744
720744.725920114
718963.7617009801
748754.9305874713
878304.0908176586
953917.6762824086
978354.1197468592
880225.2969120486
774301.9255720344
786745.0006592252
720517.5036812564
643841.9244581423
623400.4091374874
604514.2835140507
572487.3088738829
654651.1285750435
636790.3655586885
656533.5280890737
656415.986282253
587809.3241037991
639564.459106226
575270.4556044982
580972.7367566376
574710.8988296771
541970.7797313147
613284.2063829191
611014.6698852959
559495.2940511537
549150.8992385031
499765.3307750027
514151.14454476896
482878.6436757821
491951.74008762813
468478.8653619631
483336.7634153617
496065.7728079392
550480.1154834743
485650.71090639307
576452.3720330943
497899.88253368024
507649.27092037647
497955.3328611394
483275.78898348013
524824.0080408447
508974.8364311827
537175.2034626234
535531.7275852776
498822.35219768604
