1137388.8
1048424.4249467864
977034.0504668279
913984.3364134091
921348.8049900782
956276.0467672537
928021.7693699448
957904.3291390776
956995.3888361555
1021134.3199539862
962568.78466607
946721.5755645622
995038.2899416531
926692.7584707942
884599.6524563169
934760.3600280695
989686.2850382108
1005967.2149737127
1050789.1859074277
1067978.3508610476
1118821.5403329595
1064615.6869919575
1054479.1137602043
1018493.7932843467
913191.7345227842
1136153.0814053796
1284734.5238955119
1380785.1358454004
1694617.0574127687
1598424.3799050513
1644965.1218195667
1644442.5944421638
1620515.6358993875
1366718.879506629
1456618.835091006
1529524.4394002133
1501251.4478865252
1436228.3782362724
1341936.9806620528
1199771.936481798
1237880.1958049466
1231509.8673767603
1232473.6391700557
1108018.7476250036
1222662.0445068125
1248867.3599608194
1055503.918304833
1261030.1465585213
1240349.286124373
1109479.1864158672
1242700.0889024038
1386913.7685656091
1432968.108859099
1504672.9231425554
1277105.8679557326
1226380.6235634575
1318582.2900051707
1399534.9144490296
1370357.9021869241
1488771.5919635408
1474002.7278098564
1372811.2377327073
1295630.3410081337
1291100.2243208825
1324655.5401719783
1317462.4050632876
1284203.4843591359
1197043.6260589166
1143496.339862439
1156197.7118771942
1217872.8144690322
1176608.0578400542
1109961.1582641436
1120996.0180491244
1185312.4064643928
1118076.8367766966
973508.7952426086
1083039.448921518
1063215.027179175
1146181.2451327296
1197872.8232882316
1130403.80725497
1152918.3149361005
1229574.597619509
1184571.591937854
1103940.4819939903
1153932.1862972938
1145810.77009277
1112574.063959655
1135745.445170648
1224987.666288541
1453534.3704689674
1431175.936572269
1318468.691029534
1329916.7193135084
1356416.7861519572
1385509.515374395
1189054.5238711883
1091325.2332315827
1163090.5531954956
1287422.4181227193
1328946.9562211838
1198215.0900076986
1095037.6597816735
979402.4794713075
1099406.5973639044
1108634.4233201682
1104065.2751271997
964914.5713801343
979626.8129490357
929408.4182965661
1137388.8
1116220.9554317289
976867.6267400451
1109307.1440378942
1004645.4584209248
1033542.2594996762
966303.2874906254
908065.7013789224
979668.7543973381
1060412.9000594232
1015253.1835872405
986230.8602915456
985526.8644661574
885600.8820815335
932263.409273926
915011.5073458811
927742.0497967651
951548.4237628487
929448.0459863165
957545.5438056593
961397.3552256182
940050.7487767986
976611.1140648044
974835.0480626093
1170381.2762068466
1076579.1872944164
981817.9290292278
962983.5632118166
804986.92582418
754215.4129351332
781751.989082158
684065.0475426137
653804.9022967449
735730.2453003315
699347.1295368355
732843.8182584892
800895.4708485262
746375.5364455535
739915.2011194363
805070.6461966366
796811.3477109735
804190.8950473964
806019.5960148055
805942.6594954134
832164.0718437184
715994.904451577
745346.7533804922
830109.6138153496
863480.7766878483
928215.9214323263
1026311.7048200094
1073113.5422002345
1113228.210390894
1226803.9646144055
1168020.1097938174
1199358.7783169216
1093926.404753563
1094256.8720941665
1026150.0163815614
1096866.3164287827
926110.6097293856
873988.6022009562
970784.7489019589
936060.0970347279
962397.2285394041
945114.2237386438
1176939.6025990245
1090666.9833625916
1125848.8760509933
1047412.2072171515
1144104.4717316045
1274218.3475352316
1281057.8797570926
1403661.2148762967
1513661.29491554
1444369.3431326635
1482150.5537599176
1548304.9226928132
1406098.7572748112
1375424.2693862661
1453020.7646578792
1244579.7545972737
1246901.53559121
1252941.2434073912
1388440.4102648087
1334758.5061377299
1400134.8913028599
1329890.977168421
1458712.4783248238
1417503.4663322237
1368921.7289853108
1387698.8668506402
1364824.7303248283
1238048.9770551343
1227236.052944035
1146911.73578624
1063566.2347847288
1048637.5541873763
1033201.0573368525
1051137.5433612312
1063078.736119617
1010849.7882904789
929993.780100753
1031688.9610058907
1076945.5300502533
1017633.8945471734
966108.2855977423
1173316.056260131
1292234.4867303714
1284263.7892469908
1278703.3548249728
