1137388.8
1087420.4705394907
1129832.3788648222
1054010.982648776
1077583.7618509796
1224442.4237354374
1295600.4007817616
1409300.2337353823
1410690.9301228873
1461896.2593904869
1402444.615168802
1375852.6894208244
1537131.7325562194
1620876.7795482718
1487645.349350187
1619056.9008734147
1532045.1829743
1593299.7431517309
1344408.597534542
1312053.2549143676
1367157.5800394623
1235763.105403858
1129028.2404663695
1167434.4011286746
1160593.1148087743
1176864.8444290203
1153751.5904864422
1282074.2539535577
1296618.8243133004
1436666.545308265
1437895.4908640727
1552490.8846621301
1446219.2088435597
1537806.6696713732
1622422.1653082347
1600225.1271979257
1617781.5406312163
1817243.5963398989
1898642.3320154126
1687755.0822758689
1569068.100802517
1514461.8613525871
1514079.6211755406
1476116.4107898006
1555181.8506272587
1572899.1163979813
1485049.550847458
1710885.8113380983
1577593.671093018
1553758.2465072498
1804495.1953014277
1773397.3407240645
1858112.8616120599
1981921.6365511862
2150956.8831322975
2153582.0247780806
2302584.8968119733
2305966.123991754
2420482.5072261957
2548078.1969387615
2555118.493396236
2520312.8078317097
2667002.099030692
2774828.402802832
3073281.7342942595
2878477.7454599463
2846695.5639334144
2862745.620247137
2499182.0332687665
2562004.36739828
2576907.7469394803
2473811.6745826337
2742329.5166680445
2779073.6926101795
3206597.842614332
3192026.6441125697
3342476.334790152
3259400.955628857
3450537.1906661475
3263590.0280542
3163389.3740088893
2943855.784870834
3144254.3233660883
3004285.5010616374
3051130.6215451336
3096901.939004041
3329374.9879141734
3608991.1551924683
3205561.3932395168
3154439.3072137465
3011974.5443084915
2914903.502054096
2573530.2690912015
2724233.7817943436
2473013.042988071
2446771.3811175856
2263462.323105807
2697226.6773711713
2626168.0059560398
2795677.642238703
2556562.857102921
2700608.964661537
2656822.8869043025
2624870.5100981714
2186225.7618470066
2035987.5229039872
1910446.4760782348
1899258.4198775042
1995540.788155801
2010737.7540266595
2109872.903415021
1137388.8
1303125.162875929
1850666.3160265784
1838765.6551233488
1837872.5432649704
1935060.0165410517
2043986.204780501
2175965.465250409
2549265.1718174205
2794425.7471647523
2670771.164360928
3115043.182859373
3214747.9282278
3156039.5830367957
2849542.7220386644
2921356.0431036055
3172852.2244612244
3564630.1727645583
3438893.6366778845
3544036.232323882
3738300.6841331786
3763375.7235152414
3662230.5888338042
3833145.2406898285
3574243.066754623
3815524.241035283
3943103.005544172
3923423.8147201035
3983186.3676903327
3881905.491887722
3345034.3805951127
3537547.795279219
3430703.399028159
3395415.2368162842
3031778.586706643
3267663.0278536445
3694675.3999436027
3350036.492216588
3252838.215145099
3435434.1507113236
3431234.4139097943
3481806.6270858315
3521548.0066166054
3383567.018348585
3047906.4444538546
2837268.5329385344
3191038.638149361
3343652.589193376
3500968.7709233146
3417564.1120023024
3501779.355383665
3716659.0117018935
3410832.1339168507
3171942.1301658424
3343750.114749219
3404006.3020056942
3375015.0337937633
3140968.1666577943
3001325.189640273
2942580.4240114777
2757393.020265797
2604704.1641142624
2726372.675304542
2426930.210457502
2543940.226245131
2516002.0972776893
2859765.080140765
2728149.733933538
2447943.082346818
2018839.3106437763
2082414.1612144513
2160261.4157257634
2190807.911253651
2048985.1016850488
1986849.3337848166
2009225.091455622
1623352.3491472455
1719366.0525571837
1737852.2322723514
1716229.1649108306
1608033.6214279034
1626053.6334343378
1560894.1973802915
1687457.9613698218
1645467.7968153886
1685112.3657554751
1438298.3386332933
1265302.8058115572
1356555.499404346
1345719.0443211629
1353539.089808074
1358400.5784088385
1378853.5866525227
1485541.5055880996
1422967.9997631297
1611707.04778051
1504996.8718970432
1638428.2842822354
1560709.9400204464
1571266.2711467955
1462769.5753610313
1285592.8561247345
1397148.751155881
1286461.9989065845
1296111.3494572905
1259424.7716739418
1302578.1912453456
1278885.5772692526
1204698.8271596525
1331889.6958740342
1308457.909172417
