1137388.8
1106018.0342046074
1105563.7700138958
1358493.5629470348
1339201.063871083
1203124.19570177
1137280.277600569
1297558.81412298
1208516.5463306722
1240929.6366104726
1263266.5038295616
1422751.6000734298
1469143.0230175506
1420470.495636361
1572092.631773784
1664140.9440217689
1709521.7281008577
1867105.3286291123
1789835.7906831554
1749027.785290255
1897382.0673591918
1748669.7045349116
1558998.9166675461
1564107.7200631984
1526383.3936578757
1473601.8926258562
1306592.1458652124
1251348.4787329738
1246799.5019647304
1211359.0967061084
1193715.7801289596
1127139.8105371434
1063511.3273237946
907728.2337894868
966127.3000957306
1015800.4177461561
930526.8601961158
960823.4918481793
886187.5352426957
1069632.5773638678
1156532.881365877
1248319.7139028378
1147329.1909377885
1216807.2689996623
1177327.299361162
1186822.701126754
1324765.7833045481
1553203.8813298314
1657127.1917990048
1783368.2895776038
1772812.4183872933
1857070.480205965
2050085.9140162051
2200400.0004121913
2441056.018991735
2291803.152367434
2376101.826629513
2393044.7247307184
2140707.956995043
1971628.4703934244
2209188.955643377
2085120.0084685227
2114959.0390374665
2025254.024847545
2108948.1314385748
2310343.5546404603
2271656.807375828
2245461.1436223546
2114104.539412047
1826470.4394521618
1900010.4892793235
1797012.822935849
1726528.8262954731
1964480.9478802583
2175080.3938856577
2080413.1627723223
2207248.690013748
2503428.3963677343
2547732.208679167
3134715.619827928
2993289.4882481555
3041182.305939636
3175468.983607347
2926732.999125593
3042063.390429109
3688646.378114405
3715990.003218302
3624405.4938253188
3717178.1177527714
3523365.462739244
3493495.2069813134
3764089.157109107
3945336.9682971346
3839594.093512064
3461755.0506225764
2929668.3300644075
2745244.8575740033
2980822.683049469
3183494.239003372
3258537.265468155
3495681.9944882626
3438751.8247360825
3167950.509881486
2962112.950757066
2734382.2126890505
2744261.7344839633
2848436.849094721
3069612.373988819
3133895.215805543
3494895.225329796
3327927.6204058034
1137388.8
1156210.8195103966
1096934.8272305152
1118903.468240744
1048456.7178985946
1192037.171214522
1138974.8777194847
1153197.6773075464
1043778.4000738887
1020820.6268580037
954811.3684491115
955401.9904456459
1000927.2557123491
998461.76368597
1061403.670539395
923479.8305144827
973324.196610948
908049.2662210673
1047537.8196048009
1220785.5866943328
1235385.8176109355
1291022.9572508128
1195600.4164003693
1278082.7658985553
1362947.8466981326
1437682.3475726596
1410559.6140024136
1354286.9850509109
1249024.4496881028
1261772.0804270995
1219570.1504263089
1190464.464834534
1174407.9759724017
1142809.8149962113
1269356.861140605
1115593.5719662244
1049348.9056152124
1064012.3342807777
1210577.651807321
1213495.479383295
1187631.9979391682
1256027.7559716622
1175998.2939656405
1302469.7903412748
1337347.2489239527
1270215.587193936
1169126.367966322
1281990.1442750457
1252292.7743810632
1311807.5089518072
1320817.6288835248
1149996.279057354
1143221.3716075744
1056090.070358703
917341.2903409475
871759.5897528656
895145.3093223532
953781.4528021542
916225.9836441042
898387.7232458631
918177.8554779256
952098.3797999085
955272.2238129315
912585.7146411986
939783.3941181343
957786.4020918293
1014220.9831524792
1045050.0133479813
1035516.3097057474
1056024.7571675826
1064067.7170843177
1142729.4414729422
1144615.0597698041
1116834.4348795014
1199118.0339800243
1188804.3678531004
1158348.0911922022
1214599.715214763
1082594.3063188866
1253018.8851702735
1019607.2692435624
1006311.4009345942
939856.1680618935
902044.2934000309
794384.4801489954
775211.8000365215
708332.1988560326
678031.3363784634
675475.245241774
664931.1121649191
708043.4918214892
750601.4477508886
729088.1927420368
671374.9449795843
726781.0343629654
807968.8572753605
784623.2156189331
840784.7504808644
774487.4386978601
868401.6769909222
726820.784221593
761636.4165319419
708255.309408321
680145.5548400569
653047.805376356
638371.7535800106
682956.3835140369
581563.2913113545
650065.8710183782
621587.8590373927
674455.0572382788
