1137388.8
1183291.7085215328
1153605.0943453268
1040790.108410747
1014252.2619303601
1157278.430262894
1041309.2915122249
1146515.536196569
1126308.1780934462
1004376.6492362403
978135.9034606401
984560.629716909
1045151.0310972487
1008668.8005101859
968589.1207696176
912229.9962619874
936241.1955051499
970822.1040478707
961046.2803711479
902796.8984886719
1044334.0138364198
1005494.2829291836
999157.7244612542
1046339.0742900223
857345.7474387205
831579.6914993504
798878.969014664
772570.4230228311
774277.1595860606
899368.7738469112
882679.4602373664
868603.3406955556
845364.6325650634
786696.2908564494
820805.2778497246
861315.964238498
846736.9479000317
827713.5786988391
898026.1400370665
996586.8138985418
1076784.9029809306
1099768.8001610443
1248119.4871876833
1135085.8658426923
830829.9422170435
876817.4431367755
940415.5717018358
929779.3258566363
978717.5437900559
1036026.5643359781
1064706.5257314707
1069294.0372533486
1066817.4375514847
1000193.2209983543
935507.5379288204
911812.8060535878
878886.2210807316
961938.106915847
921208.9880745893
929693.5882776198
992606.7196531718
1002958.8500582793
851381.8303280431
891527.540055607
902322.0150950511
948452.1716028008
952437.9673616238
783193.4257866928
873344.3492790118
791553.9672088643
684681.5722148854
689390.7986046486
700722.4545443322
779305.7574013331
943071.7840096081
834872.9528391581
821645.9713185865
853884.3747959195
780890.8009694391
760960.2986657214
758049.3968161646
802076.0112260667
795940.2759676368
862563.7245941398
813105.9567523064
944234.8302757192
858633.1442443598
862663.5577510401
855106.8770791634
890877.3961073987
879622.4658252203
908503.9604495603
919062.4705422746
992340.8839920255
1003657.0252494876
1019934.3519461409
1162226.7964644358
955527.1423390629
819230.7623117875
787337.7356470517
759782.5034279871
703696.5132920191
708166.5928116855
763158.7941560576
688660.9207298848
619806.9496244052
676772.5118090165
640748.091402676
618423.2280146193
695829.1773785166
679383.5250038271
1137388.8
1050062.698530463
1261483.5299672268
1405686.5103828593
1288515.5303557059
1303288.1583553895
1342420.7300204888
1326455.288019511
1299888.4511293552
1362361.5041978483
1276213.4868310469
1319380.2349519972
1275334.139558131
1268886.0357523703
1244124.3120106491
1177533.5798453677
1085583.742690221
988310.2249053668
1010434.8032566968
934754.0468515102
920021.2837977583
890375.9003176171
864799.3533163923
877669.0975989669
849270.5510492272
1069276.7226151454
950691.6392386985
951939.4761476748
1022565.1522251605
993497.5128937344
1042849.0088094788
1019508.649400921
1043544.9867454403
1144133.6484023642
1078350.1675340736
1080377.5762703083
1093852.2525601294
1098968.3353498944
1096177.2316101037
976996.8983944302
1134857.9453581069
1052464.453542604
1107425.5898360126
997793.8345885832
931234.2790321297
904891.240815667
1017192.7807432478
1187141.351721395
1184548.481947063
1162434.1748121125
1109174.232252482
1113254.7904762155
1253705.3215518831
1186934.5806252668
1212572.596374469
1261359.6502395726
1160243.210639073
1258470.078818649
1360309.7551154408
1408793.2705155804
1333583.3976876035
1325051.3768183042
1358712.5871839633
1347621.7011286328
1334440.2153083866
1495609.6797230586
1580847.8803188938
1560330.5765131197
1621701.8795513038
1758278.9166804755
1636537.7866312503
2229069.958666173
2130698.01217019
2046882.8543025476
1739972.1570524147
1624609.0548723016
1793730.4535970362
1818826.175698259
1867418.901679987
2171609.0137815895
2155606.1429963433
1920184.8488640578
1708556.354162748
1693016.571510923
1813093.4443911945
1840467.567628436
1883399.7909436557
1751451.1341527402
1994612.6407461136
1897670.9089162042
1860093.0376430675
2017784.9046011167
1890767.1082391837
1882772.2812192945
1809323.5975669834
1592473.4148300576
1680973.1486747644
1523598.1102102033
1563733.9256748597
1519200.4844920202
1444509.547995786
1357385.9566221186
1347337.827833578
1374932.575330376
1523387.8103833497
1454604.59341637
1565486.2957542052
1497688.9683590757
1565216.3174507231
1562405.439625119
1586344.1450938187
