1137388.8
1094630.2401823003
1297077.1566976027
1195213.3902682262
1230937.7210554867
1180195.8877525176
1318098.626952838
1406480.292750593
1353160.9859754262
1352475.5829664895
1258685.513025845
1264700.4977463195
1326252.1430199286
1260263.7947244695
1302457.1081462454
1088620.8912852497
917429.492037721
844172.8920144668
775549.5720510134
672489.868801659
782014.0159692583
895944.7757363714
985589.9294852423
1004923.6677131847
911153.9145257599
840390.9382943125
736892.8437479949
681245.0028172438
666184.9473831215
707065.2390236249
698325.8998565354
694980.0509906246
700750.1391987057
721207.9075700626
737793.4659836128
769315.5443717656
794112.415269112
806938.0541442976
769980.5996610734
749086.8389198135
832598.2249637683
893787.9339916585
831839.9206572174
797153.6626559998
844194.7042156722
867008.0178801725
864051.6218671097
921982.3610818948
1002521.5174938778
1007584.8347946382
1031924.8972841183
996021.7544201176
934183.8467989846
859976.0635402269
918196.7564437477
858236.7176807965
858200.7591684085
800924.6040384013
778944.7940669192
810860.9127300103
788727.7083056071
800411.2358433863
762204.7790565586
682514.5925964476
678352.5382760696
710595.6476298067
729904.3859188419
713783.5555365079
683057.0509962235
725977.4058708622
781193.3295485855
786955.197786837
783149.124163385
765900.6857408856
735698.4711751925
691755.7444486972
707278.2407395733
670464.6271200738
732248.9091890702
753499.7524318532
670243.5339960034
654651.5801813229
711230.6335334126
780667.0620189816
855251.6028842281
863043.2040919708
910146.0074216907
803460.022612771
877132.6358059025
859807.3295608609
830469.4732016063
809037.0577210437
807220.264988831
865755.6563984669
849738.4067745946
909448.3063616509
960554.482998561
798000.326950704
800017.985141838
725627.650838677
724709.4834742739
813749.3765461326
845480.1845065149
801097.3530191069
767219.2131105401
715255.8904556885
787989.0787571874
687474.424214081
806596.2726079647
830108.5389509009
771290.6248921283
1137388.8
1112163.3189788924
1118153.1812282582
1243984.3903317158
1307793.108637058
1278854.801980069
1316043.3359282792
1382269.6431841631
1371011.509114216
1376421.9364007579
1423630.068535465
1326835.55784584
1351154.2608846799
1567075.534260983
1706263.3732767107
1548035.0740033498
1674925.2056173088
1589776.64539583
1614748.155604427
1751179.4702934758
1801342.686437563
1916065.474284675
1893684.2169391352
2031372.3725664704
2315483.5795061146
2255434.588944748
2566557.0530702244
2374591.0704866913
2149843.208618611
2137031.7723852443
2027666.4028982343
2000864.35741445
1937924.899567002
1884621.343013336
1843138.793973727
1872145.7723306
1925696.3830770566
1741612.9654212804
1554167.3074909938
1490244.9266545437
1350707.643418807
1218601.4273310588
1256898.4508227261
1322466.1266062872
1158333.1467426692
1166529.3185023998
1148109.1968214535
1083652.596988812
949738.4136524855
942078.6555432235
881403.1676037457
838854.0227368844
759987.6234086091
839882.5435668955
750619.4141627013
724560.7790743379
728708.9910691596
663826.2441425701
727650.9832052686
786277.0448459556
787650.3840174857
844731.3995471419
793917.6658768887
883405.4962509552
821895.8641760848
953179.0648118636
933173.3347776032
1060190.0233744148
1113620.2805706789
1018158.6977568627
952231.3131096874
898423.299928167
889887.5509075775
947748.6962362402
1001162.610192061
1084860.4036997566
1050391.7467149175
1004586.5645175072
1060603.1064859487
952691.2581911881
973559.4154813872
986959.3260026079
953031.2487106478
1038366.8734808402
1110244.6727204293
1168103.0626414649
1482382.9911109216
1557438.0126206963
1524694.2921826674
1608491.3431070102
1637271.3694128795
1679092.327146592
1610933.61786646
1656532.6234898674
1769201.4905333412
1630989.61205612
1569479.829016027
1538179.3004760623
1535995.2787731108
1573252.480653816
1413199.905811966
1477403.4317297367
1400094.1369530854
1149018.645716024
1145192.5289157312
1059749.541988169
1020435.4880528527
1063082.304799559
1077239.0315884557
1033070.365092096
1069333.794968534
