1137388.8
1135956.3694158928
1091802.0666647044
1070662.5928376294
1051503.6199816442
1107135.1323528048
1032177.9259408558
1062155.7331676453
1076072.3246362684
1125569.7209273423
1318604.6293347902
1210289.5442811844
1328795.9293514828
1382448.4995236534
1525901.1758067603
1528597.9939234941
1685868.7888787054
1668813.7000024754
1645322.318778839
1518201.1860818414
1537231.1974453395
1498173.7578028017
1412951.1305812069
1521072.8410511382
1655773.0332310155
1694425.58546928
1764355.8463597167
1904115.551722421
1769882.866657687
1513901.6424595343
1435430.3761990156
1319867.3638398915
1324517.3670797474
1461392.5774316571
1630533.8452410116
1578222.2573934183
1573160.582336663
1616080.6920003218
1424474.4754723893
1330024.8600879358
1266917.459410163
1296570.0801355834
1162211.0439810334
995686.0990040249
1070492.4843263566
1028989.3106816533
1040747.9357799286
1087333.3568201216
975160.0303605881
914033.9229468871
1025015.6408498236
957444.0854235475
1094349.6478957636
1088436.2712481776
966735.9747264624
913049.3347871484
859436.7249033882
930514.6183706911
1042467.6590181674
1085345.1746066245
1005573.1309038417
958971.3745092867
958332.327978413
988920.906610148
1083805.4109750134
988694.2147090572
944183.0803747557
972371.0408393733
992477.1128997967
1169684.5557561538
1081981.017601316
1001561.5819053547
942500.5556132386
913104.5402655441
969837.5457719322
924960.3396793271
916972.911409416
969130.2660622667
913899.3962317804
922263.9834316049
832413.822496128
875123.4825277777
913699.1817663431
823146.6400363019
768022.1603005477
812926.8364917764
757338.878183709
826946.7093268309
848607.8892724775
870811.8935845344
1089901.2279835595
1134472.2649941514
1135474.5791545801
1200576.3293911214
1178692.3907158216
1211728.0297373827
1143709.8738625543
1218182.5916645867
1156591.5004967873
1309580.146458739
1502504.8543769724
1545825.531200775
1642494.651898109
1667738.642149351
1622362.6442503575
1657402.1880048898
1662433.6313986029
1736522.924205179
1863708.1625288434
1647106.7235593766
1823259.102001871
1137388.8
1112926.4221206536
1059909.9560353814
1070820.7856718246
961405.3885216651
1049099.4340245344
1135860.2306469018
1184118.6519080093
1170873.1725800803
1112904.3838208998
1038191.0722331067
1145962.581792031
1100922.4752423046
1231293.0418431545
1209621.218917078
1307476.9411505566
1420428.494861955
1249361.8544438935
1226460.2922800158
1328416.6977601873
1328580.0641946727
1252401.7266972756
1210283.4331237548
1246512.2527967978
1409241.11196117
1525587.1625944762
1466985.9219675213
1505549.2015294598
1588102.3259605905
1594006.7985989412
1670712.0666363866
1784351.9826037483
1656614.723160977
1836447.117203409
1738081.488159081
1684667.993441558
1665063.298507683
1824366.5900795031
1987341.1297629
2233192.7629982745
2276732.7370114205
2243734.727641068
2406742.389913657
2463267.694825309
2482670.3158428357
2528016.29640887
2679272.9697234295
2734645.148609777
2723964.2310823924
2709194.4433811824
2625414.5739071895
2566554.615852638
2271467.077495939
2240159.0637241947
2545980.625152902
2562143.214924469
2644130.0280315992
2629230.9948819308
2754258.922782757
3024871.640700249
2986904.068308765
3039526.019497627
3221474.6098878724
3108573.9472952043
2946764.7634115783
2729306.356130161
2755885.7442690283
2905164.3861211124
3037367.980340622
2561015.6010369337
2785616.1256386414
2955341.5955632813
3097347.063627241
3302211.7442335966
3327970.3901807526
3633684.8883655537
3541662.0513623245
3938294.1910620453
3636965.5705159153
3545740.8741558646
3857237.7889137683
4049595.5136596044
3700671.8719937745
3697237.5007773084
3420142.3082029046
3198778.500937916
3069348.6177815082
3074124.7908699284
3383276.4534934885
3267622.8037787387
3022100.787915034
2752838.1807012456
2655688.604846649
2834707.2898946316
2958199.5912869214
3011188.5978399157
2883095.9737582398
2792621.2613057536
2413749.2340067914
2717564.9787035137
2586461.650374996
2552070.6727188122
2897906.278670234
2840594.059345417
3076584.9840012826
2969337.8926896565
2824939.801651045
2749660.154081136
2835468.9816530924
2885265.5190233886
2403983.1173177552
