1137388.8
1098112.6740127732
1075810.6356229265
1054928.5979224807
1071628.964811566
1049144.1366228007
993426.5258802752
928522.8341084662
1189825.4469183185
1116506.1984458037
1144701.9672066695
1248284.0229346335
1315703.556419857
1370857.5065530718
1590545.7172597917
1650507.9303626518
1598026.0580178841
1489356.7655734108
1718831.0607969267
1938978.253942028
1990436.1283499922
1777281.8867247435
1718024.3626650847
1631577.9786627623
1519092.7348338624
1506454.2780661006
1745400.7267634363
1743107.9734272538
1751338.8078008383
1828368.3316973238
1638589.231167835
1752563.4470324393
1832874.8109638556
1996628.9318498175
1953190.9159457877
1821656.5134664893
1889856.0781249234
1916255.5272576984
2085549.3274616199
2128807.1568774884
1970584.7084479933
1857953.898018615
1646861.137634191
1724249.2250895954
1724609.8862070257
1758825.9903764923
1872253.8400129657
1766355.7790210897
1916381.7791503058
1887501.151965231
1553795.205173417
1489185.2251473367
1476507.0122844838
1546296.3784471697
1472610.9461615514
1483647.3990229235
1480326.575345785
1527924.9810174622
1380154.853969286
1416613.8104606254
1217082.6348745031
1195228.455313697
1150334.7468489197
1075880.1444938595
1049101.2262440918
993175.5485841982
1029646.6741429046
1043760.5550479664
1004253.8604460427
923645.0536620964
1021659.7798152721
970737.8872646117
940294.1896660365
1021818.6304885112
1084373.1938708536
1003435.7970215679
1108514.194371387
1044473.4332448171
974607.7183937699
1006246.0152424145
1027849.3568254738
1041482.2421845848
1068102.60408917
1182186.4147317833
1106500.620566479
1032910.4660193755
1048631.7455197254
1037014.8106545733
1080534.6627693702
1154881.166561064
1155629.7117131306
1189624.8703556282
1154231.4530136168
1153182.039485119
1100155.6793947974
1246650.7905174938
1420059.31015719
1438285.498791842
1580602.2921456369
1647379.1658934809
1714329.6297283042
1884886.4396017632
1936853.6479645392
2136192.001587214
2136227.1605198504
2169510.9391445257
2210566.996718622
2238123.5231645177
2263156.600436919
2418476.4884804604
2651002.0901925443
1137388.8
1169569.1541706028
1234717.3163491564
1231522.938218583
1289188.0784090934
1153912.3976454537
1147978.2363421356
1155888.733960755
1046700.2323550624
1024859.3835220744
1084345.4679217748
1304998.0234352187
1197732.0857889
1164765.1623783824
1064028.8347436455
1088458.4863049875
1170539.2073786329
1118685.4865341813
1138235.4661315135
1319892.1689173956
1158792.1352720743
1192446.0082181492
1111816.734505695
1028453.6228867151
1081662.7070404673
1170022.727514212
1232445.4209875662
1097777.2279635635
1092072.2948660075
904214.5214598709
921339.6502530234
1140022.488490118
1152890.1154547688
1133054.2294615083
1186914.5911365505
1203459.4374123747
1252097.7541318308
1190125.8016121816
1163395.1316917266
1174440.9559627883
1070357.4145372894
1091266.7518334398
1144288.2154202824
1005653.0022079613
1079501.7371198332
1029902.5890896026
987502.0993637036
832206.0980914586
830684.0193450584
832886.4165556228
803170.7067166126
786501.1553921485
844362.9984742075
816929.6847869327
883653.6535526653
877024.4221197541
912828.7778310889
895475.7678430306
842141.7344962765
840094.499721523
940736.4692547921
823649.3458744169
807053.325136287
823989.5545726747
853799.0919131422
887057.9685697171
924549.6335380231
936739.3443804408
1015279.0108225546
966201.8995845733
915612.3896743273
947544.0648974177
1025660.7784780824
1092498.3163909346
1173969.823392903
1129467.7692353462
1115682.0282450018
1319995.7415734685
1271796.270323325
1201222.5184411046
1259039.0457501423
1287816.9230725884
1274754.3290392533
1189247.8948301212
1230489.3643094106
1144118.5208630795
1182925.8308982179
1162910.5356496617
1247970.727490599
1194185.7311678524
1141796.0078213867
1109228.9887982428
1047614.2989972491
1039880.9546759565
982954.5290113956
959620.0611469855
931228.4072457436
891055.7934039399
928384.5458737396
799970.2574268989
844006.4153435612
829091.1261061145
847137.7165544186
807077.9051337524
865133.4116874541
794133.0174142277
811385.2677024021
896795.8854739612
886971.4276858744
924626.0460891257
819146.9543872912
