1137388.8
1408334.5711710174
1636071.8160299289
1621401.1577119934
1598790.8796543034
1474503.4511526881
1539587.6251502456
1566837.016898997
1547015.9601730637
1425664.436976974
1456379.004792458
1237604.1273815283
1310488.1837535722
1275173.0894376843
1334055.0744175399
1166480.6040244284
1136373.5232760967
1075592.3031353808
1055739.937118449
1051582.4555474236
952938.3402791356
950359.1268251551
971979.0287264691
1111122.869135864
1068253.7605519095
1030526.1117882318
996610.2162638556
1018183.2511691083
1007150.0023528315
1085757.3458434292
1235066.1477830408
1198412.2779431008
1300923.5910406914
1273368.0937719573
1370407.23847825
1231776.895507285
1274472.2926559686
1290425.7857402612
1233345.4311217517
1330434.884508772
1354667.3444782486
1302397.6866772997
1248225.9586274612
1267668.5183497455
1259170.990459124
1241332.6392769169
1260486.8099718266
1367154.0767713906
1545316.0674064683
1488805.709193936
1607238.0926319745
1645006.9114182258
1496033.1930215152
1509055.2444378904
1563152.0587347676
1590235.130203693
1433166.5891668077
1480299.9223398126
1738107.8939338855
1819453.306325989
1939157.2331108032
1874994.7498742554
1587167.9594325575
1636972.9058195942
1747449.8353327587
1643157.3279365755
1832512.1921290874
1743564.8273759282
1885203.569093039
1830465.7104405228
1867884.572803422
1805591.0154748631
1786650.4662941836
1849947.9235389095
1941548.9108840728
2031872.0651403307
1911472.8941135516
1646136.3459822263
1793129.2229232837
1886582.201418784
1954122.4714776997
2052143.679012719
2054681.8147946743
2041683.9178759388
2014187.153734215
1964620.3211844375
1989978.187853228
2130386.549841725
2160329.0382587914
1862275.481333497
1623148.268124615
1621571.8987334585
1429402.2927364123
1585808.2909276471
1366946.7877379726
1253557.0477835592
1097649.0988486626
1033777.7746332121
1250635.502869119
1226016.4842403906
1112327.8297226748
1132151.6577113967
1069336.404584511
1057202.803898586
1115561.3431931294
1295023.082984008
1269000.0540119456
1219702.8647440106
1294388.1461519818
1251077.7927760568
1284307.792507224
1137388.8
1009482.0717236883
1021086.5239844423
1036219.1024976178
948994.454461032
990380.8638687095
1019636.4889918932
1090020.3790593238
1160819.3998841003
1272191.1432320075
1222720.9872395599
1194483.8804237326
1142381.090675844
1113019.2732863754
1300212.040162834
1214446.0751991917
961240.5752093772
1065707.6463133306
1050872.901420535
1080193.9565873235
982874.0558397631
1054643.9533053685
1030328.3102709953
950531.2469397865
918053.0877519313
810902.2168202393
878461.4454885751
849670.2119123389
853830.2933406818
926927.9047615775
939719.9385342658
1067112.2375630266
1162713.2052312938
1184713.151064758
1100616.6395363142
1164876.7356850603
1209069.8830699453
1301735.1000914825
1484396.7336817586
1567704.564160654
1614338.6908081204
1701712.737455268
1428477.5617317744
1366002.6667158094
1441191.1869301344
1612643.55538143
1474945.801423977
1601064.051090706
1480065.4263345748
1358400.5098537968
1380782.4413807364
1380433.688497255
1414535.9519864887
1385980.996102913
1346835.1891384926
1320392.2532005138
1273398.2646970302
1275260.155890093
1203137.6921457148
1231421.5720312688
1191722.7486969053
1169539.055357866
1369131.788069951
1323575.133417702
1312602.486142353
1353279.0243062712
1413479.340525628
1475496.6581425713
1288330.3883382068
1338693.9098138397
1272062.8738032854
1373929.9521455336
1321109.5821363202
1298232.5346039035
1438542.0140504374
1430401.2071078504
1553602.0829158626
1661646.0719622944
1689022.7842764272
1909361.824028482
1905314.3253316828
1807988.6036620284
1987719.038981359
2303922.357504342
2420634.3798638047
2222945.2845413703
2292271.977304313
2332116.9910726715
2203478.206790388
2362826.43969902
2465189.668263534
2720789.146307224
2790934.270541333
2841796.3415824766
2710004.779339746
2523840.4649209827
2301748.1564999376
2230645.3989427877
2116747.8758878857
2173811.4923736756
2490094.9472812866
2874387.570827965
3099574.1697467617
2786351.779250397
2829452.181508202
2875314.043368161
3039785.17968397
2845282.260712142
2563499.875789908
2854467.9180785674
2703231.0497386917
