1137388.8
1142153.0878600685
1112040.508675
1055572.4067114005
1040043.474207278
916116.0087866021
920409.554083899
957637.604963825
925691.4646856941
884844.137040305
970087.2814673431
884078.4152700799
826788.5674777834
718811.9143680489
789022.5101952524
647814.6365922304
657693.5453991868
646240.8172349754
672331.029562269
744882.788251464
958182.7547804186
1086527.123802135
996802.5760364495
985056.0886811056
967202.0382833601
943969.6229112812
940356.0730511064
1044824.9644692661
1075759.739517729
1201634.4945484234
1258483.169695127
1066513.9923192293
1027856.0476899152
919491.6096341921
1008304.957651155
1067283.7548912833
1089263.3010810544
1121161.1261847473
1031221.2052404777
1146887.8517399349
1276145.6497700533
1193287.501082252
1218100.899629197
1273291.4198471184
1338294.1451035496
1402381.4756803303
1478549.9509018469
1424293.9185148906
1446347.7401603593
1569392.9506604688
1523209.7519161445
1688960.3150191829
1635694.8735036827
1647812.974672641
1675938.96589136
1666104.8450910181
1524337.7315968159
1509198.2581175608
1720328.9983005095
1794013.959783719
1721061.470189238
1604788.1093282537
1806749.6061472944
1589251.2619007418
1503957.2884009357
1581734.9633701188
1455303.8891343889
1470430.2334838028
1456480.7169652972
1496726.2394566124
1327916.7521494394
1294204.8401030095
1198669.8867218047
1146775.6492309445
1194394.3281069538
1232520.980915853
1217678.9901641556
1299668.4632009089
1395092.6558886555
1353622.801867721
1348027.7508354133
1712364.4935810382
1717312.3970766442
1740214.5220620492
1852341.2068120956
1780382.2171783766
1621341.1529734149
1740461.101016744
1832875.275653908
1814053.2045052734
1748407.785551615
1945154.8283532532
1833136.8391175424
2037217.0938429234
2194852.5384912225
2369764.75306111
2599322.1099318624
2856793.832870079
3223919.5708470787
3239516.3355125845
3576220.518531557
3529420.518310257
3489157.1552520962
3800176.3639904414
3928337.2106143134
3630215.481243367
3532364.913017914
3857555.675119449
3821605.5538640637
4839685.633301487
4869324.728317603
1137388.8
1136582.9668189902
1220427.2303306423
1237975.1729946642
1188727.0875024216
1132889.5113288648
1241541.4906438086
1229491.566026938
1108013.773846252
1119104.2717464564
1142876.8522575288
1202444.8435846546
1058403.6067915827
1002962.699706082
1030396.2137418465
1104144.198586348
1269229.7101846845
1317983.9929763037
1120049.0729790581
1211289.2353628005
1292470.0287464357
1272590.6396383988
1616046.2405361005
1629780.1209525352
1503335.2947230386
1703213.4296254967
1685033.7206579684
1831378.9081442936
1748804.2188024304
1650107.408846079
1543052.676845183
1657164.308532339
1635170.3215376236
1782314.3167013726
1842956.8792317717
1953108.6778601157
2016823.5921272656
1925102.154200188
2077681.8528578838
2287095.2616518093
2187417.144266478
2070933.9912962462
2243619.368920146
2359189.4369276688
2664026.216916901
2618706.737378211
2714642.90823823
2835888.464479675
2671566.4885044326
3194261.1106089265
3355311.6644019997
3304756.196315079
3196018.002054342
2756839.1151263095
2521251.803100219
2435001.6856511454
2501198.521496526
2557766.932754518
2439582.454411324
2107320.4563035974
2180693.4602509583
2438497.200210412
2560121.127279355
2490144.5883156066
2549194.3894217303
2440437.8823706824
2287411.2047145753
2244124.34143685
2431249.1920779278
2343365.779395726
2403103.0239211842
2525158.2437431044
2248172.4320803103
2174772.1103717387
1980975.3269799962
1963507.8889595347
1899232.3023704905
1851312.7233800772
1582081.959449693
1557829.3752730475
1687718.496721867
2020299.743309566
2292539.8108760845
2360611.3881579163
2633210.5211308994
2998862.1589135565
2894636.6225108793
3009409.573953002
3218299.4948327844
3256885.952230387
3306523.517000183
3229080.5458130203
3544433.318670752
3651083.897722186
3519664.9783289586
3931692.261078836
3705893.0501763863
3817132.198863961
4170701.5330829704
4114602.4601051467
5237514.52442
4817935.03224321
4865615.088739794
4622336.796413404
4579243.326549314
4574288.521479718
4672052.371180212
5202814.719612612
4449199.162450578
4117638.5453896984
3784929.733438788
