1137388.8
1182036.9542900797
1153158.408443755
1214264.2264399265
1236855.0348230244
1108919.7940323318
991316.7317525127
942198.3685164992
983474.1961078563
1023528.4219178921
968925.9878626763
987339.4115679965
959484.2943810528
984010.4937628028
994207.6889166104
983747.0396091889
989906.9293367838
1020083.5712424837
945592.7093647587
931472.1970616719
957592.7842692456
1047232.3371983299
922080.9064025201
956476.2678914398
1022024.3826720532
1048464.6655028817
1123431.03795096
1051466.5931727388
1133196.6758211337
1085261.0232340696
1113130.36625488
996893.1513448234
1082502.0945586278
1182379.1972539898
1244057.6218827418
1358797.445755947
1503630.4939571428
1534966.8266168993
1471147.0571029345
1538727.3548947629
1604714.7881509801
1542406.4304383856
1657497.003200442
1656698.1537014379
1473179.09405517
1422629.6060128724
1441870.2096822546
1630886.2334545196
1639984.415340692
1850704.889970107
1766468.262439016
1616986.135630681
1709215.283229418
1645059.00193136
1775430.3494101742
2038538.1710783697
2092161.1256418654
2131150.358302266
2110016.7809308115
1999834.1172754369
1989501.9701933889
2072544.4528189434
2132415.550662401
2407340.8227760964
2231793.860788722
2382747.090997336
2644418.421828821
3240823.124022227
3438369.2178969905
3787395.450628385
4442962.889737121
4740081.663891319
4350163.830769942
4524340.748910642
3817032.3288247255
3678070.9187467666
3227956.036919809
2976481.5991413435
2832562.676650851
2695895.0185135165
2681323.3261044025
2774948.1251333165
3059747.7199642314
2910260.680349198
2976895.137270543
3146638.13885007
3194377.976349937
3127765.850877906
3027769.225845077
3544672.3020854206
3639935.4577691294
3587406.8652553204
3595720.406918345
3594590.726043095
3690399.9076127885
3597337.34595695
3228695.408117152
2987099.947054741
2947292.5230690343
2823453.924250002
2712746.1976530524
2695056.85344308
2664735.9378457908
3075106.726217488
3074472.0228969133
3462110.7436349243
3911411.752059197
3854482.654865734
3826288.1926626964
4048108.570792202
4135807.1833336647
1137388.8
1164120.0031780973
1255181.7077888343
1325209.0804743147
1335558.9776157995
1357716.1170377804
1469677.9102318953
1434652.3751831467
1304927.2870804016
1486277.6557414902
1605030.31276355
1568226.1561048192
1613234.5102419006
1546660.0640035926
1566479.4415505927
1549265.3368389378
1653587.2234877795
1613647.1963458145
1743770.8186963927
1728905.9804763661
1685828.2317689518
1462193.207764429
1561578.364602614
1583721.792544323
1523263.9026860578
1388338.9154750993
1197172.4763659018
1300133.8333414241
1147199.6797741065
1283081.1015232785
1276271.1233956178
1282348.5089101824
1207491.9918642982
1333948.7388058952
1282913.9980841095
1292143.2435074428
1273116.8641608222
1269720.3217888577
1303428.0044293029
1279407.8548724547
1326890.9924477958
1146506.937297082
1021110.0222684063
977249.9602053555
947306.312869106
961855.6169720787
974639.7131574644
908975.627320689
968135.3129484134
977778.6565805168
1040013.7067185476
1080743.4353036853
1028086.7877573179
982215.9846264961
875198.2492244559
836269.1690859895
841448.409265742
947519.9421052072
967933.0374597833
960931.2811486827
985454.3456391782
1028828.7469735241
907317.6584807578
934539.8044274121
824198.5467991802
1003476.0584105317
881365.7254096479
917368.0455578467
803286.5716517566
743657.4032985028
749582.5621748776
774122.8057225383
770793.655469953
878203.9247072004
910749.1101734907
919078.3113828362
736741.3075491035
688176.7340824788
697213.7894130624
724603.6518265918
752435.7297564199
824659.349851783
723890.1785680765
673285.6776641485
645114.9816832228
595400.7603723521
495583.7987860132
567623.0304533916
611524.0132365327
636049.9064540686
640778.9013156284
671000.6344299448
669673.3407342224
689692.286551459
646683.8736110508
676885.2073576672
627275.7963807088
653835.5905367361
649168.8260963885
610974.02913038
725939.8779476541
663872.9060990718
607084.6293263444
582698.911745906
516795.33311759675
615241.2973979365
598473.1455476597
648079.7737275105
657541.1033119805
588392.5655869807
556741.9703418401
