1137388.8
1115664.3517998734
1177116.736571297
1238867.7046526163
1221040.1647289402
1412643.0246415494
1353836.1542487508
1269501.4229613713
1237943.4452358233
1063477.1326050765
1049519.5615118432
1194821.540000272
1177317.571561023
1133109.5627998873
1271148.214113371
1337215.1002013837
1232930.5515897684
1130116.1659897242
1103409.1952559666
1205465.292662482
1143983.6649935874
1059386.9785727968
971358.1172280869
1022163.1902563627
1055077.1083064547
1074912.822533465
1106983.8282404284
1020887.3087516945
994234.9816391545
997741.3617953612
1040256.4455876783
1014522.5477854109
1121853.4071468564
1060925.1608929697
1091885.6945631108
1100446.012017545
1056102.38265796
1186472.5903451135
1171648.8831788227
1224975.5949879773
1308049.3385411524
1483461.3180424867
1317112.0239061613
1392571.2499335015
1489661.3650978967
1299855.5311445347
1199091.6537989199
1100175.437065651
1039153.6007131521
1021158.968100117
1099216.5943259164
1097536.660694873
924955.6846789019
905898.0668868936
937274.0645783622
830577.6012329891
885459.3786436829
839654.0139683861
750945.6233575519
889340.8022863803
946658.8976204641
902158.9349353998
984758.1836905894
999705.8916257431
1025630.3758754969
1100677.0567137788
1122240.665987183
1076894.5237401736
1058316.6347217467
1085802.450757115
1241148.6823841778
1228623.273444667
1222307.4541410026
1285220.336302979
1295755.6480723014
1218799.4517623868
1170790.6258823352
1158880.2287838932
1377959.6868780218
1444294.069874166
2004972.630807124
2128233.337103943
2065767.2900171988
1851097.767583066
1682487.5714539003
1553448.1933848567
1473642.0531431874
1468394.4060427235
1278374.5189833995
1408085.7061295263
1381396.8949990387
1505405.4699756973
1470987.435628188
1406603.5307252393
1350321.003205127
1334172.5194278436
1273247.7501149834
1267493.7508939558
1240444.0591188534
1119121.379824475
1214515.9071716499
1302148.5895893213
1370445.9198010447
1303317.7742608294
1104780.7008760825
1192719.8846933984
1097534.9625612402
1111027.1209379206
1220106.61211617
1176274.0460412637
1185513.5186235844
1137388.8
1128315.6905602263
1138886.6847896737
1145960.5249321512
1154690.4755466883
1207729.117954443
1198440.3075571603
1153029.089022495
1092321.1589744175
1037871.1124098654
1159826.2107346712
1165845.3742010016
1241177.7666563424
1193973.0938860434
1247944.3828794209
1322911.5771177106
1420987.7287743262
1233263.6098966599
1187866.0495666885
1148693.6730649213
1115417.6012420442
1046727.0078677189
985367.7983586072
1043207.2889883727
878292.3244941549
827868.3292733268
807169.9197274047
795181.2312210674
825668.8928904961
827422.4451971127
806167.9462670949
817488.7053355068
833722.0115350387
843833.8319569496
837885.0881191806
842135.5239599135
863985.705324145
942640.9895260558
1011155.1735181294
1139983.6875173799
1199658.9552440003
1341125.1206440388
1344392.031841401
1369686.2348849545
1450627.5500339156
1573153.3179841675
1610397.0171943614
1848729.9041071208
1828619.388329546
1896881.1197144582
2220711.4039519164
2184250.724865208
2219841.8326187865
2074167.2665255326
1981117.5579817137
1912198.7939593208
1995562.060946067
1835734.5063450714
1875477.6628126388
1972798.5209227975
2093457.7979942127
2353391.6558664623
2482475.672412358
2339107.1904070606
2251412.2570238733
2133771.529419021
2147805.912021138
2290411.96107232
2363212.113422204
2644035.5427516443
2914630.371196875
2794286.980226487
2923324.992723773
2814549.4981530723
2948805.1613385947
2990191.2126269136
3062307.068685971
3435182.364796425
3579844.784876095
3053059.504774677
3391787.415375357
3448953.185486199
3309768.4391510286
3573786.067804799
3749416.3195353383
3986132.840655975
3885850.377525574
3804247.7317914884
3944896.541153872
4274708.779752438
4266943.98761938
4292157.183120779
4223310.594876988
4305374.567911606
4353368.203133294
3926588.9432623275
3827552.2508800635
4020335.308279682
4442957.32866881
4269798.759809241
4417736.522259328
4329640.764063957
4520400.649483162
4719692.637445925
4794437.225144831
4672684.712703166
4383397.868055121
4708641.889257482
4464978.550553252
4880096.198644845
4098205.1674054256
