1137388.8
1222880.847607961
1207814.566298361
1187453.1294637283
1230128.508591457
1221268.310410941
1309130.9138017308
1198739.439926787
1298683.794961986
1265168.4516598713
1376603.9131813978
1377485.670351802
1428159.6387324699
1538802.6344508426
1524030.6628938382
1484632.299590475
1609777.2037414287
1676408.449092247
1709933.764247579
1606469.2544382003
1654681.0211471503
1492503.2965189053
1555936.193678651
1563242.047928273
1591684.7557272494
1568529.4914016025
1612819.2880738566
1604089.2108437018
1739881.287071447
1564967.429885768
1503282.8653131782
1323961.4480144181
1210647.3058336168
1268834.8853623692
1380490.6844433537
1324467.6625273298
1393413.8378152421
1415040.5040034784
1489823.1365893595
1455319.9874166036
1286149.9947942356
1344074.4241592663
1542970.5289237213
1437410.2855012137
1667066.970851001
1841021.0733178216
1631211.215891112
1699800.1278625024
1574276.3305395413
1447285.9140846285
1476698.4340229158
1539069.5833500735
1631924.6888234897
1815243.8870311514
1782224.031268391
1798719.8874625023
1705950.1413739899
1617416.8743974522
1582009.6593329187
1554414.7751325397
1693085.9910976847
1735700.8526306169
1577732.9251380775
1634267.3349657313
1593879.0066726098
1537383.2232312064
1591935.2576661515
1600457.7737415014
1754085.4075866824
1917692.7728767272
1619347.744018681
1680495.5640773391
1706214.893937834
1632279.1045085792
1603940.6543860724
1563479.9338762849
1444948.0829762523
1497897.7224385357
1368544.0976089917
1384123.7331016448
1594230.9570644437
1663283.17129721
1703120.625536329
1916558.9338760104
2114798.463394065
1791003.7561280117
2107807.9421932246
2159614.494132854
2295792.8857813505
2155201.581747318
2542978.494836334
2313685.3247316196
2359666.533245818
2328657.216591452
2289663.3921415
2435671.319585216
2620229.0523960283
2698977.6016376326
2656466.4245210625
2460344.588009124
2272944.303882447
2163026.473437455
2059795.6286046375
2236215.083894394
2451175.711127473
2744827.3871443965
2706430.648588841
2724593.44788352
2541913.681777879
2821303.3142723287
3088140.6710069026
1137388.8
1270502.8601643015
1250055.7506080468
1271043.105363984
1429422.0255913215
1363743.4496523007
1535919.429984045
1569818.8107960268
1601655.0590594364
1619051.9626091062
1568516.3337590469
1662699.4234572314
1700320.1517383407
1801643.6173972678
1935917.973176384
2054988.6506921872
2066926.768123348
2130180.9137912155
2300203.3800691417
2491216.75126136
2742885.48396888
2585574.3455649703
2825318.825396338
2940776.5386845535
3063757.0520030223
3691281.7452682117
3477705.1244266275
3338673.544548958
3453293.7419558084
3265102.2791314367
3338635.2274685767
3447939.919523011
3792591.2288960353
3668915.12697062
3171146.8806766616
3029840.1212788704
3106752.1170554208
2885349.675432025
2549874.1032685246
2452959.559551575
2549788.1049271277
2753774.621917476
2575018.611731137
2382056.766764285
2276485.9842735454
2409422.138785751
2202255.7762904577
2026280.0671556313
1886886.0637549264
2075023.1789037315
2386791.69533362
1875828.8518560468
1878083.5985147532
1724427.5550963108
1869126.1333410097
2058002.785918639
2108840.7639509384
2217038.1177338627
2183945.159653688
1912429.8685513148
2123930.242351046
2386241.15433885
2566380.2322870176
2767884.7560933703
3234730.490032662
2934322.7250785246
3209943.493888226
2761477.809888012
2828816.3884696322
2843020.253682704
2569383.2813088396
3041917.6533341906
2587601.498528432
2874972.4709578073
3027879.053617497
3012588.9385672454
2962131.772479945
2912342.274305662
3000182.939927364
2919875.2654615347
2979479.768289728
2824903.805225303
2672324.9576829993
2694717.5620545247
2618497.7341860193
2448155.654184667
2402521.0127772666
2404936.9658259614
2127716.578883069
2114324.2723837886
2011435.8645137523
1997523.422918923
2028225.7369765425
1719592.482824737
1905092.6394099125
2100629.58287949
2074612.9943714382
1669812.0879526283
1863314.8795517357
1888113.25618162
1756011.0296688082
1679860.0622891556
1741762.0679963424
1703798.0890242006
1967298.2921156455
1998756.1704282097
2018394.6637912032
2118094.1909767683
2316653.8468763223
2295466.8888648073
2326962.162478277
