1137388.8
1141802.944909024
1162842.3734682114
1148051.8475586365
1017621.588280152
972550.4899412248
916767.8155178057
880670.423474826
893101.1550161092
942690.5377479987
837351.5984317797
786253.1565289188
740435.9351912462
651401.6157426455
708923.3480766427
634041.6403036463
619166.7967970187
683054.8342934414
699017.7790796508
743139.7417646761
678946.6955653339
640001.6609963318
619409.935213423
689421.2285001628
785408.3107058856
760378.5201627144
789424.7029328027
760606.687814409
745163.1279257678
702767.5959406617
745504.8199868624
786951.3118036353
809465.573146973
815469.7887265531
849711.2467661683
831687.7598234334
788886.4178795051
802931.5997439581
860745.6676222543
969809.8999463151
904000.117472683
835075.2662436051
635504.235179449
594182.2873774208
563719.955814106
535610.4337815539
477524.9106793583
515257.2515443363
549108.0686424458
535929.0293231178
557042.1485472874
542460.2144169181
534305.5854403637
545931.1785847857
560454.4383319532
569346.6496926389
474154.03762192157
471032.25465608755
463081.5688119069
531967.8774571123
589927.273615528
622383.8779107927
643269.0095626295
669646.1302327958
659021.8928050295
693302.9982231363
761360.4729543426
796306.3572405097
792008.6496802833
808030.5524943448
848711.1411993682
741387.9764465768
777690.7388769657
782633.542767941
754591.5245403578
810203.9841270118
759875.4074993664
757333.6777745329
837243.4102416429
893215.6073008748
978442.3198395012
945819.6843402816
965694.8011565462
1008932.9855791702
1124344.452861601
1138710.1890968317
1097905.6926907194
1043354.4014022693
1022031.2572864695
969912.292705849
1044115.2712331997
1136413.9122640714
1161978.2053740795
1102603.396180897
1145624.5469257897
1260392.6648167116
1095605.5609987485
1168059.0767676933
1252985.1699311794
1281362.8024468343
1297967.0284633862
1261369.7932280675
1458906.1478852485
1422583.1211970197
1201293.0138009412
1105073.9332276569
1158763.3533494407
1200432.145765223
1142121.1517765226
1222345.872197661
1247050.494079814
1137388.8
1008544.2214754414
1037445.7016717741
1038510.4375845232
924453.4477281799
895137.1206730318
937309.8571035702
894280.9529580569
934098.5607310837
1053186.7180981315
1038941.7932786654
909030.8794020074
830864.2323061432
706809.0488464104
696671.6517816549
716623.699325923
761832.1580974915
814790.2700357073
919191.2669869334
994543.6974171061
1025045.101528724
1067934.8493572555
983307.0257233478
955768.7131770015
977152.5962497888
941378.3299354704
801981.8328337191
809356.2615896602
888322.5659635181
973782.9721076251
921736.4370604703
884922.933708838
825729.919580359
792401.0035992654
860808.4470247834
889468.6289045018
959934.2317600755
1100614.7781860505
1092527.364583987
1092629.2704765375
1109044.3369445421
1086931.6293007797
1101593.1616921942
1080476.3101719639
1208549.5297292224
1235676.705679884
1123293.2392854637
1085077.9330848383
1136419.2947453833
1098436.5592722965
1082924.6285415243
1072493.228717719
985204.5949216667
854242.7929576084
730213.9642854529
747117.2695907478
705180.5166220977
694654.1120256325
676496.6856208566
663924.3532835611
670874.5318037701
625344.0595180374
589173.1047131201
561645.1648650926
628320.4588408131
598243.0183450582
638446.1047950733
586294.2319922588
606665.3652251698
553738.0288503885
543184.4977296805
535364.2691549022
559500.5625714184
571285.0719678137
481286.6428116403
514118.7692204222
553072.8440588121
552772.6167709081
608722.2888559789
553279.8098997887
599508.4968709206
531168.6937785841
503176.1054059927
468239.9645938408
471796.51599496766
489723.27679018525
481931.7658209608
604100.4283550301
687887.7725547067
578678.0932941837
568659.1100442231
570780.835980159
587962.8040401505
549180.0744688592
575612.9559960793
528593.779331263
544194.2634303737
526246.0575859904
536241.4708238954
530736.8302274931
584483.3877949605
610572.1930495801
692569.1406546483
615277.2793435543
603978.9343679897
617317.6869751285
644228.0386371687
581865.9708349057
627126.36783708
674703.0427489992
803015.2731459251
