1137388.8
1092461.1978591566
1155382.8212945187
1178014.780443794
1041763.8633276364
1013939.8313891699
1060668.5578174691
1083332.3062875678
1051260.794288197
1041416.3337471765
1059820.7733579325
937931.314580621
1047251.7514469058
1116353.2737443633
1035720.8621215062
1116250.3229773378
1232908.158787363
1191456.374743722
1126298.772597618
1195426.794607261
1182608.0515079102
1221637.2880996356
1172190.720069266
1133621.831759498
990520.861476201
923054.5916254114
1041535.7979112013
963008.4795542619
969817.0651585665
961020.8557330807
952606.2338289483
873240.6966156808
839473.621268113
886508.7129549118
839785.3402964295
886297.2215847479
889588.4941914054
800406.9957677375
764323.9357855292
835610.7703045572
790682.6371427125
928669.9726369336
989373.8316560098
1033619.0250215394
1027551.6659927396
1006753.0868575303
906187.4715217905
958946.4787642894
910268.8143069036
1063809.4669319747
1138023.970958636
1022989.8541286453
1099850.4007040602
1206532.1357445703
1197431.2234674876
1349310.2959315435
1368535.044655046
1385538.88929979
1403939.2122751947
1445125.6076577732
1373278.3588378094
1444768.4205761272
1286045.4622893012
1170079.877750522
1092183.9626855832
1019997.9175589922
1048109.5984081797
1003395.8027051877
931567.2516216601
979906.8648313966
1110734.2595465786
1112661.68216132
1143389.2340829533
1332055.4083840654
1484026.8643367058
1423477.726154459
1468691.047781016
1422770.006110593
1152348.3045879733
1135566.6019857703
1206828.4015782597
1183492.3913430024
1178312.6081373738
1142964.300757831
1094167.958699822
1276735.0781918098
1169344.058672916
1196114.8761607863
1119055.9338676212
1226579.8542056733
1090659.196177037
975573.8414128255
1014875.6633637788
1034125.3788067396
1080967.6954688197
1085914.5746565054
1082051.2125286816
1183369.6549467896
1047143.9658937027
1128967.231642666
1139557.9436090735
1207651.9775905737
1350572.4631656131
1366676.6330621152
1406587.6062092918
1327372.60536924
1346791.6053795447
1442853.2453020897
1239183.1735744365
1378037.9712421086
1331299.2858411053
1137388.8
1223253.0257588802
1335988.5139555146
1289494.887108133
1334658.4427597253
1270583.5655970352
1231481.239093714
1205108.763722404
1179898.3695427105
1283169.0671267905
1287978.7872457947
1182810.1522797195
1143269.4641060599
1061173.0867859563
968242.586054206
975441.4021185489
989396.9416134139
1018853.602008607
1039653.6305894024
1109373.4642111864
998762.6856150747
1017253.7991509545
1056712.9718354603
1088188.7479928355
1081592.8338975268
1112059.906945015
1119534.1431901813
1054299.5922864103
1083292.3090430864
988550.1731838635
962468.1634996922
918204.7510843656
945844.2456217431
856650.1188591715
1000062.2386566886
1083477.3667365103
1130520.6857648105
1074110.2988834542
1151559.4827736432
1316130.6903196739
1144909.7788784737
1175878.587528932
1160309.0998966212
1297206.029494698
1284533.9510342744
1381687.7752116502
1581397.4523158914
1827587.066340233
1870529.46942979
2137139.058302857
2169677.562769059
2160827.119038146
2094617.3690444988
2021621.4034449647
1927659.221809865
2084359.8512018595
2094866.5798556576
2285905.5108897304
2281002.8688831283
1988212.8732884831
1815691.0342403508
2009615.0680730978
2183465.8937167833
2409825.95493382
2255976.0993041075
2328081.220274658
2002324.8109919992
2196786.55377193
1987592.0560242354
1996610.3481138882
1852419.3277683072
1904267.2502212338
1880925.8808304516
2110692.112822258
1966562.4486074527
2125588.831573619
2225270.3686846737
2242293.0955588273
2342039.035389947
2320102.6063622325
2409183.236193524
2384006.289045851
2412853.2926067
2471617.2779185483
2391934.7623167457
2549111.016862953
2525203.046654788
2508738.488603852
2372760.544618169
2204557.0779842967
2701916.6827675086
2638283.3398120278
2687645.8777676146
2668989.659740702
2354677.295932576
2419850.690670289
2766849.75395369
2604741.2167313793
2115951.491719111
2132796.4925992987
2127991.0733811385
2034801.5192061828
1963501.171471038
2148522.795663482
2258354.422514473
2018642.2258670945
1870619.610710927
1646322.4870760273
1326030.6770372053
1433255.833482002
1431365.6603031422
