1137388.8
1174291.5698409157
1194114.5300570764
1120463.5790475728
1169995.327402367
1081519.997119024
1081061.2673132292
1076328.9367350773
1282744.8806285646
1227439.485978955
1168131.8690710391
1072771.207675582
1072272.4303018353
1080828.1003339884
1073437.8336557255
1138339.0399854735
1142059.1775004666
1158582.5446037895
1033650.5828740189
939374.0743648637
1052243.360428767
1010810.2939702623
1039257.1337622016
972099.1705767582
1057606.30911713
1099517.7287707385
978290.1409153121
977656.0530250662
756180.44655906
819617.570679616
788314.1593288138
743805.7243726592
692473.5201532523
781258.6391640992
711655.4007988836
676506.8811329915
607959.7820638472
578406.8445486102
561633.7817201484
590359.9085894352
567897.9332629375
530257.8021246516
520631.46898455493
572841.4470042763
569209.8605022869
546329.3356860399
505803.9231092853
467919.52870642237
451917.03709148173
479069.6229554091
470877.48906569905
502790.65505684447
526995.6165670166
531363.6942847488
575197.5030950921
620229.2016282954
600296.6585090667
552487.3052670953
518554.1357417499
577411.4772746147
559793.3897905577
588835.8902565793
638356.4238511006
679806.5037606908
650179.9014264037
654360.9250102193
667558.4791709058
646693.6227980565
679907.170591219
647047.7706405916
663911.8763969427
753727.1430383811
674410.8810842758
615797.9037382843
639966.8542580185
627679.6492994862
637084.4969592174
576776.0913451485
591604.7760499263
624192.0287851993
605608.1838608009
521012.4446632471
602825.9799969686
582731.7070084987
586689.8571441205
682165.488963905
623958.1830788858
652130.2799910966
651921.6568172124
717427.8931572549
622203.4468339863
636489.424628578
617811.257047501
645107.8620172048
727665.015086969
704164.9813335328
695952.5765183516
702946.8405431876
701191.9181034038
672784.2030295765
647454.0918594844
617561.7647376617
565909.2953817482
576697.4923036405
612458.0321831302
627703.6764840941
622663.5301074975
591382.7094564843
612011.0335745633
631238.6563925077
640658.2126721317
1137388.8
1294506.4189102834
1315886.4525404787
1170080.5896372567
1172720.5130493164
1223001.2206085685
1191523.9541312659
1308396.4955419165
1260154.6248581244
1242623.974819746
1170968.0604527865
1347433.373592566
1330123.2382074592
1347884.8114048876
1325902.3576791338
1420091.7179382197
1506885.0259697738
1298966.463655308
1227125.2362269214
1309568.964475908
1365855.1774210662
1320253.3604455737
1233410.9548100806
1143629.5344957293
1034517.7544130458
990041.1305147993
958003.2556419837
973193.8307260983
984449.469909472
1058582.2274540986
1001593.9437259265
1052657.1711607233
1168763.2401935593
1098686.18751178
1240146.6222696775
1208098.5809872171
1265933.4492459246
1119117.8307963205
1248305.8659250424
1193230.6718290513
1203761.8351403454
1229766.3200094483
1250066.6779415547
1114422.7099525847
910667.8766147968
763300.2256818903
817496.0849850554
879180.9735210635
818851.4866054156
793271.4897863785
798900.1950284959
828343.3928212499
797656.378768813
832349.0870024841
704932.3396502249
691711.67257074
693019.7272703844
633295.2538415442
609062.0596179906
629549.6834563672
599130.3972235386
548082.7926694745
542590.2373136205
574892.5075844841
589753.0458898876
572466.937813101
571224.9550041262
562645.6930249709
577519.5846998862
563822.9061901827
563694.5604080803
533806.5989340898
516008.5877667896
488592.1787958349
438232.2136001093
388063.25218715705
438015.0219820798
459616.75568968203
417200.8716140544
439383.3001738384
454650.5160405835
524572.1663831022
479488.6644877514
545729.3595877447
646368.5222699028
596611.4863496831
563146.6114449175
496149.2832261286
568796.35755375
531655.2358670981
458309.48789103003
396597.88219119
388151.6833817654
413470.48171527765
429449.3306890131
457759.413473141
449156.6755266093
456083.4836651774
509227.34082705196
473511.3251874737
540964.445673642
603750.9074689979
657766.5536576528
657138.2003447645
731255.8154302388
720337.577165056
639541.309089368
656537.7827748851
724603.4053108047
679743.847427058
751750.950395591
