1137388.8
1245398.0987774131
1222272.4424336476
1178465.2156290007
1197650.8502505585
1155158.5159829343
1052157.1424875946
1111223.249648292
1122279.1220420161
1105551.1062443599
1124719.3626026618
1092973.4047553148
901670.0200441505
937222.5450392725
999346.073774448
1001853.8450646226
977508.2825686047
989885.3526710195
964052.7763284255
905418.1175629179
969001.0738685844
916981.9370358802
1001328.405461052
796512.5880730939
804003.1263185132
696349.5695869145
630810.860662807
606502.0844510162
663440.1459758925
633966.6309046729
654125.3331306371
727286.4440057285
747838.4290125602
798314.7302788418
827525.198006649
902792.5453030256
799204.9616980765
807853.9979090579
784851.3141939541
824905.2275343905
770809.588090921
725053.3562418383
744873.8994705004
700175.5243704494
609483.6094888268
688200.8772879165
656198.2555730714
640353.2934792632
678612.9892575576
660719.5040593826
661484.5265075881
578751.8445381186
614001.9465928596
513268.5280522425
526159.7243190827
534590.8749691878
539926.3122238766
508941.9863411529
506175.74147802196
495387.474500059
498444.234934665
451216.2370945999
444628.65352026594
450384.6520551275
426070.66445652075
442509.42631923093
444426.1735083854
468691.31828429084
508444.7350045235
513544.0064964808
536822.0540023453
516628.33324788336
587874.3420836135
480529.7666486724
400704.6629627971
410250.35350496514
436434.1038772553
402189.52648223087
406445.5072042395
389834.4379128247
432642.5507815933
451879.5119563158
440458.96075457835
462604.9913783241
428815.11949191254
439024.9343007634
413411.636602303
402546.06531800627
389772.4509287644
379053.85758634144
381654.76518313173
384077.3488243138
406143.55908808
418933.7580429872
401306.7524249957
458014.8005009539
412288.5970244739
378610.62422947504
360718.5428565749
352302.2219892317
312774.3394497501
344054.7549665685
322124.63954127015
347362.13268659613
337297.7371477872
292290.3021277516
266991.2844406379
288077.40868632816
277912.2526076823
313645.84155101044
310043.7437798454
1137388.8
1145728.6731887984
1155577.3667316313
1197391.8217841669
1123080.674375489
1154210.432782641
1141571.7553939626
1107262.0754019404
1083671.94334192
996299.9961255583
967344.3004179397
811995.837855363
795015.6246945416
806701.6388482741
748272.9292068498
795987.2648923676
761926.7427515456
652221.0883842319
665703.275000569
657428.2458032471
668897.5788576656
781207.7658308551
863288.1215783645
989480.5787560646
1035350.3569960727
1127387.5474347898
1168547.2825664422
1118664.024444571
1199349.0123251737
1185441.807138521
1011610.8000832485
991253.6580196966
1017276.0888950109
984682.5667171574
902348.3433188421
879094.8133606528
914119.7287029907
1119836.1337136996
1124667.875848308
1170152.1271546846
1091658.2406501707
1109745.1257876197
1041380.6620474982
968333.805000929
1107061.6120945658
1200973.792111726
1277534.0339565575
1190607.3818637482
1336018.424360647
1276065.8587355486
1416552.1476711137
1495224.176280463
1511962.992350977
1457929.6536426016
1532223.4124081386
1690253.607627468
1726105.7761313913
1771235.3251963484
1920884.833504814
1711875.889701759
1811101.9861520552
1745088.0302568127
1629934.265569576
1499657.801121383
1527356.4804566586
1458976.530517289
1421358.2592121777
1376887.8572587622
1313361.6744741122
1349861.1947201544
1433417.1191489326
1524475.6501973066
1486449.4863419568
1556303.2464359524
1687253.009383371
1753281.1756570372
1613278.8506137237
1711545.492269628
1512555.3075531826
1556935.9339812296
1477239.0128480883
1348538.8071652954
1371859.483869151
1424478.0093410504
1327881.6475512672
1248639.824651154
1273268.6075031513
1296784.7212092318
1182986.0026147952
1103742.1204343822
1021588.634630663
1085910.1335052694
1058547.884603723
1133917.9381788676
1131732.0190516207
1109707.7722037826
1058034.18647685
975963.3027345499
953343.2848506994
1032693.0306709707
1202032.9911768814
1105271.6676548494
1138153.8436034
1162979.228744005
1184083.2257684174
1421434.924043214
1413798.6778324693
1396798.8467890462
1269175.3873588217
1246656.0747241788
1089132.0735277077
