1137388.8
1081708.021694545
1165409.0739189624
1495955.006648951
1459112.596119499
1683258.805727456
1662002.7548468793
1716997.7001381621
1660563.4095296494
1531422.3171912136
1640648.3695365742
1757945.865945354
2129699.718656134
2144139.2944748555
2299543.3195835864
2073425.1768984166
2060113.7352340696
1956344.909483286
1918394.6696992868
1854770.0070223282
1848163.1543681214
1947683.6193607447
2188210.91427112
2011252.4969007575
1989697.2465115439
2082882.8020622612
2067997.6667915415
2295953.2952549527
2156317.6275656642
1903920.0765141826
1882444.578378071
1974054.2986087746
2154064.874469917
2103323.1628183895
2120928.6217620475
2126446.117624532
2076508.5577491636
2187205.0275236038
2023025.3282357077
2356911.910924789
2258401.591552416
2306696.4381675352
2228095.6483760625
2330130.648628608
2449908.3506625285
2434881.754977337
2440952.2783938553
2283010.4590948205
2271670.25505215
2305468.4999649683
2394018.836141426
2278929.0791114913
2350558.3922165497
2100630.429964099
2101838.1538853734
2187687.256950337
2249971.832628874
2175697.7641540915
2031839.1920468877
1937297.582154014
1763458.2111063455
1612653.1992974684
1618471.2911215252
1487641.0632114455
1373216.9479984692
1275745.596940238
1340909.8860617466
1352769.111415206
1231340.5809161956
1209883.7640467638
1026018.5671232296
1246082.096824774
1262415.8378362132
1352812.2672137711
1263953.6777421962
1253688.5508611363
1169435.696118945
1031495.3817786856
951680.7082358233
889702.3936620029
923733.4804246859
919213.278401985
896613.4514801532
977853.1640856884
969163.2080995751
1151538.3248669303
1197093.4323743063
1218422.5179606183
1075346.060194934
1263730.4956129438
1296925.0451512856
1402141.1718674044
1546894.9878132676
1595509.208393604
1597352.0607852577
1615128.383231713
1614335.2644703232
1538991.88157027
1530659.0008868685
1704937.8756906684
2108478.7286029025
2029299.8970741685
2055333.181969286
1951221.3081995088
1907091.0930618348
1744571.8490683038
1753382.8853892481
1688110.082521283
1677442.1069800502
1654751.307446971
1526290.0279769008
1137388.8
1047486.2215096484
1019812.3179612726
1037759.6567005779
931109.4599087063
881214.0547564275
836220.1455737003
774317.6235730653
785284.9812103546
790708.9200270321
779110.3559159074
864243.9947327481
955743.6165987053
899032.5905701765
791243.5554844437
757785.7763485736
783634.0935646737
712300.593913975
734614.582441928
628513.934936008
528842.7708775292
518960.40791000234
532775.1847998216
506817.40183713153
502262.7122670587
510274.66631347133
470304.9433586226
455170.0695796318
442831.19298587664
442570.79254983505
397748.8744049311
428105.21866109065
352157.7485326532
273457.09082715167
285632.77951819525
269991.1082476833
273668.0071516871
256187.39752752992
267694.70911565266
300691.317663609
314226.0862288324
317066.76576427935
388300.0341434455
357313.0274880287
343219.2546480335
328965.6807139596
384887.4494035787
336313.10042611917
368697.5989482528
375238.6428990728
399361.1057230694
374833.09171099705
330626.7725979701
351051.1398515483
299565.0063635382
330300.72621350497
358393.3249804295
367867.3933795983
332189.74856806675
303054.4148332022
335218.67517749016
322596.3673606309
367342.3591164782
365021.1451361516
398305.240912611
383782.7884320434
379199.9883245685
369806.4979290651
342216.9013004588
383900.473101847
409798.7960664891
397657.4311123765
290730.48858329275
302341.9412810443
328921.5219868615
344725.55535164254
399857.8257106148
389321.21339992486
437991.83525402367
438335.9860251465
381922.4927567186
411650.33462656656
400639.29320758925
387326.05136120686
367220.75762132223
358502.6654426753
329134.29168808943
343879.2907974565
353950.53822207113
318205.49525763077
372544.34305096895
416578.2122418026
393056.43127272004
382160.80430994456
381962.61639204866
390590.12912327936
438849.60712175764
478274.0138010921
472513.5273763713
426050.6096825273
426536.39768518
421757.367185456
399868.70359580766
429565.3462790021
404219.7805213805
374170.41131983715
412418.11452538817
475812.93962756847
510946.99449348485
538893.0825971422
549095.7206666402
