1137388.8
1313644.0899281665
1352823.8610860084
1429575.5199955448
1530434.2381677444
1572901.900383332
1479729.7063787265
1339468.5581322077
1414223.0097530787
1451531.196601165
1569395.6850248019
1779745.252633013
1809555.6540867062
1689025.7801860326
1782387.9518535757
1886948.013968069
1956516.7784458331
1607392.6350211082
1660300.9204266618
1555727.7998900923
1430007.9372616957
1448200.079926933
1371658.606052893
1304328.6985193067
1357815.5035365722
1330643.7086657425
1137205.3749402943
1044667.7639178596
1039446.1250215607
976240.6048596251
892160.1906377685
827302.5345135294
723800.2019540037
778983.285600894
790308.8745173094
762866.804894224
739627.4277987604
731939.6755632352
729352.8064449403
726152.2196487923
635956.874690564
639534.9997631825
648525.030037896
602681.7651015959
608164.3042742825
679550.7465630317
721426.0786717137
714916.8407675875
730295.8840112865
729194.4352027182
699564.777911145
637402.3105562972
684249.9082439292
623012.7733497793
661479.2933181701
614818.7647081179
631918.6572816514
624700.8141060009
514456.35217410844
578268.214509553
553114.6860343212
590584.802552429
587513.7739271767
518073.78071722714
531327.1768347475
498330.1936662325
425314.05078333244
434292.0515124077
425980.38673712726
368513.25959170907
397906.9395601045
464884.7548942403
462107.1984058528
460685.7921781782
420272.0859913525
417718.47026684793
408298.29584129644
418076.241965893
478977.69288840005
546724.1408958575
517967.92432030465
558603.9733713262
525767.6950189145
548426.2325918126
542914.3629998462
560440.6850693611
562392.3062284098
520170.57131396927
588783.2337768895
583862.8945300727
583515.8223072022
477247.3939320842
474904.4698964972
463347.80184756406
438342.1663999983
411265.20716434316
431095.02838888566
442377.0748453651
412428.2738754023
412289.2991548361
390124.8206446325
413038.5646158042
416828.0623353712
393589.68772253563
325848.38585351687
363127.628912455
373622.33372720104
360081.4735891273
320518.9734914504
351962.115115194
362312.72968533664
1137388.8
1206014.4672794435
1102800.8977546997
1136912.6525352057
1165693.997677651
1153728.5355031288
1205504.4284528054
1146838.5018229224
1203273.1237606544
1269861.6789727733
1215691.4968523143
1188971.4839015135
1172175.970403895
1193416.1401502031
1145233.8890723865
1213685.4566346454
1108965.9894181897
1146508.3173505124
1123463.3826092344
1320787.939991302
1299262.0227936176
1288546.9876486724
1240776.768290901
1389308.8811041636
1544092.883586226
1538135.7064047877
1597039.7989427173
1607919.2851812798
1808980.020947294
1915158.138287265
1841547.0209460931
1949058.5032394629
2159210.0003203475
2301238.6396428477
2154545.506745421
2456989.7149560805
2503384.55799246
2645496.255909636
2505153.5844470127
2453232.338622588
2808251.7825752087
2802712.9137688274
2856777.93910164
2878307.316609926
2895462.7888756334
2766472.0414099838
2773091.9974891637
2454521.3329541716
2446273.6761842384
2244589.156829045
2219722.468665497
2137594.1237942195
1818744.560808423
2043306.555395752
1835478.6652714836
1790922.4079580577
1863333.4012591115
1734570.2193297548
1790945.766987447
1994970.0610982482
2055769.175240372
2019251.637599476
1979101.6013682513
1951625.9593983346
1859210.6756820888
2076937.2448373712
2324572.7885861685
2329636.8382979888
2561702.18144828
2758864.440050458
2689169.4615784255
3089875.4558021487
3252888.2152076913
3122588.549340264
3382894.7437314508
3067679.9376897993
3190322.86447605
3439288.5339358677
3423065.6988489213
3233333.011566082
3350274.4896769137
3374412.4087469685
3285554.702244835
3535685.03477955
3653558.08827703
3724355.2318146313
4393302.650055465
4658868.260940729
5147953.6199708665
5301997.887523002
5333113.957448182
5028089.1540310085
4798528.712481461
5015979.100084031
5077202.379676695
5077167.057236677
5125102.217834302
4333267.515391774
5094300.6695730975
5024376.864259637
4680285.598090249
4707857.638030424
4497465.667519366
4196812.058046534
4001154.369285382
4415941.573132995
4181011.442056913
3658922.759732556
3877560.217570205
3842959.5788081125
3742397.7110880963
