1137388.8
1260831.1554976786
1293951.7718622545
1335219.4841765552
1318726.8434652071
1355358.2469855184
1142800.6172760613
1066396.3011415985
1023107.8627867211
1102027.1693954668
1051004.0461596746
1040424.809200122
978546.5978786566
1048733.196963695
1194738.3221207766
1259398.5327719902
1210034.3778644768
1085427.8450807265
1158548.5341026634
1108879.163677415
1225362.487439617
1166677.0335552646
1223497.1727159685
1351933.8870252958
1478192.8042152883
1479130.1358357603
1377713.378011436
1300843.4573209977
1572500.3239865054
1563282.8121274032
1592844.6063996286
1709901.2522298284
1722567.530153797
1630544.417657578
1508915.249700604
1682483.6433246413
1490838.402282673
1678671.3201654789
1839941.3083241822
1598340.2597136372
1512704.8970754985
1468347.125866929
1668723.3019400274
1611310.0308766153
1637021.6984354355
1555420.7052860067
1457931.771416949
1487143.1246120683
1571478.7687144957
1665619.150699588
1673167.2404784788
1518487.791031455
1428960.4811388145
1147647.0999552833
1022085.1751024384
1094434.7036469663
1163741.9745063805
1133879.3193625095
1048750.3424624125
985900.9095632527
1016079.4587042201
973174.1770032463
960978.2560893457
1116616.5925073915
1117671.0204720197
1071951.9603465162
1186920.6789462345
1086034.8680914429
1089922.6023478985
1141596.0182571767
1160279.0973404243
1210191.0153140759
1005205.3037324498
1103736.3228696159
1119291.0336540448
1138709.783852735
1175075.9131030524
1047322.2333821733
1002893.1660515224
941172.5078406993
938336.1683364077
1057875.89376065
978973.9579509172
1196211.5214563692
1099312.6799526757
988670.8295479292
1072632.4717048574
974315.8712924252
952013.1013277093
858622.0150128205
952330.9332354491
797135.8905485797
760995.246955337
741458.1692066735
782071.8197440655
782558.2172337389
771648.8912419863
909889.4174940478
856406.9288359106
917523.9490988036
969430.7581861523
922817.5509696258
961830.2942694037
1027278.1771468938
890845.0135526565
1023290.4378198183
1075862.4395917058
917443.1675411499
935248.9225494878
1050138.700893433
996633.8007995553
1137388.8
1050621.2206558755
964030.8524392189
890205.0270536426
943763.9719590388
854627.7605844348
901520.6120885467
1012625.9218614
939784.1873849692
927347.4358224026
751214.4741285936
923283.2763482124
938305.0982519321
944185.7965965233
1020121.7590524915
1095302.797635439
1072180.9864771632
1136779.5729103659
1103163.8031361077
1177500.7010559514
1055108.8434982006
1156074.948132123
1088287.0159853532
1183247.4469340325
1288086.8192850621
1290474.4662584602
1306306.1087095866
1334153.8105412303
1284412.0098863933
1128678.9621156508
1260060.6154062694
1198013.9106316366
1222845.2569172087
1172439.46358283
1333830.9505257702
1385023.1579086217
1433569.503370235
1419242.8050050465
1391541.4183991668
1336142.4245573136
1252021.7415225122
1254316.9646989682
1407016.9068019541
1354697.97617049
1228018.8970825283
1283785.7038872868
1175977.5491847764
1197611.1297379711
1138497.52232185
1044408.0369689028
1003125.3286184804
907179.1314452452
856494.5876491703
795610.121627886
804626.8268495252
889045.4337007991
990413.3893727137
981743.3447584829
922268.3299882823
938799.5712740901
944960.792545121
886067.8550139589
835793.7375518497
850998.8103278133
767916.86391673
794558.044793332
713428.742773274
762104.0986315666
758448.6763786712
703498.2124894907
647127.4255603262
741398.9092919353
686652.8769964008
766568.8924110609
700646.8364572079
662748.9224603635
764195.2734315267
704959.6920901316
700773.3471385445
774193.9144796302
788153.2183523324
723358.9434110594
712917.2163764184
758875.1586607221
847590.8578188919
744309.3754460503
890311.9388008717
857777.6425150161
883360.9401959787
876615.37422463
892421.9283661185
817775.5691370193
835441.1808493583
820896.6968836555
759139.7451368002
782994.2913491538
809186.1234014996
776141.0701012482
765416.3281765601
748132.3265633807
698941.6474717017
688696.2280928895
720452.9927893067
831278.4662612004
865022.5960135044
754027.1236844591
813065.5747521664
794539.7061458904
823654.6036675326
726131.0224688976
691467.7501258772
