1137388.8
1007001.8261072345
1081735.720631663
1132554.9450730274
1131063.9120892994
998307.9251836172
1005960.9679163438
986992.4811416577
919614.8082221153
930337.9071091219
986723.4033689545
1031113.209205816
932923.3377986993
1027214.0596285897
1025654.536358716
1092455.436462696
1174221.4794710558
1187258.3754015325
1264225.220075072
1258078.550806561
1279817.7553707485
1396807.6099704218
1336625.2836411672
1431778.8031184815
1381598.622612784
1343473.1580756125
1476276.4960440379
1666143.6129388649
1679194.1108268483
1676555.089952817
1682588.1299615733
1755418.7590950185
1608728.008751158
1440471.171684232
1278786.6268945853
1400132.5273872858
1473476.3886983334
1444606.1339279707
1886056.4368456977
1568635.3604485707
1532975.6984731858
1458933.9820805592
1692806.926901927
1764898.9803101893
1780405.4453787783
1707806.5428473013
1676847.6222371876
1759980.5140879755
1778035.4298487385
1870945.2787099525
1884603.236689749
2237819.068403302
2009822.4619587795
1801199.3421219918
1761873.8689880038
1782614.7629821026
1704467.6396958053
1588987.9390759044
1585235.561806226
1748040.3963348656
1977366.338228718
1754046.8330819523
1605653.961011238
1485786.3066636294
1553756.867544359
1678319.2176126696
1770300.762509209
1820022.960889659
1693416.4225873754
1771496.245388397
1753357.8744488016
1475196.1524330333
1341968.80671475
1290952.681049877
1331868.2390198193
1584161.1018517397
1629185.6153196248
1607795.5357962057
1520141.065237736
1642738.8745514303
1499581.1999987103
1571356.8409361676
1783460.3840871647
1749379.924981404
1878900.4954731087
1817885.1084028943
1823704.4788277915
2149874.866276995
1920312.179781239
2032188.5878825272
1713562.5066796648
1711417.3805190185
1891849.2726077968
1674889.7581745274
1671471.5145711203
1459285.0059279546
1327127.3535672396
1291854.9504783144
1264626.965125217
1459745.0802912035
1205245.1554020087
1381564.4091565313
1351919.630413054
1326275.0968393846
1432875.9224053528
1441290.8649168196
1371357.7391745078
1449885.228468929
1468240.5091520704
1280410.6813753103
1343243.552579
1137388.8
1072941.4652392126
1081740.202433679
999717.0321035844
927804.5709207412
883862.8592411979
881968.870908141
983932.9586756626
952566.0712600823
935334.5878732089
875680.8764941049
874535.1392722493
970112.8429991375
884791.1215991388
881259.0877964325
812547.7191643165
898666.2045416805
983085.2323655257
897057.6585158778
766506.9787947227
852787.9274219233
806531.400261261
907391.571864901
925449.7281962662
870175.3290760914
773594.7094823095
703967.2452311009
817575.096370798
868422.1458372542
881341.3021417109
849515.7134360719
824307.1302483703
929273.7770362743
933269.0502015784
934655.3533752614
940752.5994141527
1059137.4264924985
1094743.8827513985
964922.5893713766
983320.1238791844
1013007.6411782313
1054364.235810337
995734.6526468563
1048705.4045939308
871096.4114770988
974300.0674010502
873445.7793292026
921114.843762524
965741.9999809245
1042630.2449469637
1115276.2527277784
1022806.2253040206
895648.3439075215
927011.1317293425
913465.377308642
930462.7372230081
906012.8051891791
916481.4614305412
844878.5218352873
754461.7667342594
827873.6042515798
867078.5908586213
874986.2956844663
808189.2250092792
920372.2017110739
998406.4232692481
1094020.2825100392
1037061.0881312846
974354.2220303793
914439.1458421918
923121.9552311483
889333.7940279018
932390.4359656062
886827.1570808799
772885.2128241292
780544.2509950545
743962.5839390777
811261.1299607581
872679.0173215907
892880.7953114607
790133.2923262246
778736.5405064354
864392.0256171562
740665.240473938
702163.4792198122
662587.3682678735
633995.2855965875
616641.3207148443
608946.976710246
622601.0596926316
548934.0262614131
519302.2537297801
519627.09794280276
533700.9069540312
437159.13789378834
431438.67050525104
475543.19867277285
436949.11828674265
534039.7971550087
589910.0120597922
527654.2171810291
562931.1387608093
506496.2713508253
548768.905822595
548275.3141313702
506777.6620765576
534477.6606614072
466929.48873689666
465224.201704306
507011.30657410435
466482.7664975494
