1137388.8
1152783.7730879395
1045664.1581186854
944170.5577584229
952873.6237844934
829864.3319865783
944841.3695245731
926104.2428063507
982028.1723961608
1015916.0870536222
1073949.9318608404
1051520.2949180584
1034349.7576475169
915825.8070047693
966715.4003561141
971040.9783361019
1044542.2834302154
1049507.4808249432
1103114.6648007224
999928.1544990917
875005.1479056402
942870.1313319594
945441.5869544203
1078283.2689857816
1094318.4740488257
1096386.955782539
1230874.1184828407
1205331.1266178926
1014211.1167784537
982408.7693395857
945394.7052272254
977473.1148546856
881778.3068068745
825649.8543691598
914461.1638031555
966700.1978869883
905838.7493965004
903549.0221158477
904513.4443063025
850904.2620198842
740605.0652544578
655445.118620108
677651.4455222742
683014.230963253
805023.2248761632
876332.3858530549
849462.8164324271
822708.5357668864
823359.9520528292
831547.5138599009
893126.8566652441
852466.36860799
704940.9946730533
733544.865887701
863411.8432134772
947546.6404916338
873581.1047048193
833936.9315824574
784707.1626019395
708450.5002892826
734967.8032422866
786625.2888616858
751410.7408109033
659268.3070811144
654741.1464322379
747785.4177465928
794507.059967634
748791.193535485
679646.9840177263
725677.405731988
759097.0296980689
795736.3742797477
752287.5942385977
722811.2049774012
789285.2331198446
739237.5170672926
833209.1202118827
767502.6486704372
820138.0914992349
818082.0866045852
870784.4591104481
893348.6671340618
821489.0394690972
814536.9718367086
815121.0295759436
783000.7943355957
766963.6544934028
732227.7395247802
720162.5292969948
679547.8376368575
615725.9241833428
627359.0304283074
642639.0334496045
585597.4568897053
630225.0611806172
642774.875718772
631836.0433630204
573565.9174466177
639311.228353384
604541.8609799604
573479.0805645671
692951.1635630542
650231.0868592227
667387.4968673933
666715.1537895183
648772.778392128
605125.0433130723
593872.0470777113
564658.044500876
508990.0980909144
558800.3904986628
1137388.8
1186717.7168775
1405074.9755604214
1329255.8677288503
1200107.056749799
1371719.6775887578
1223703.4603621552
1340937.1754258706
1350239.362557875
1331258.550122099
1339494.7208230018
1240156.5475983217
1428623.017304816
1631442.025196389
1581343.4957064479
1698376.6401477773
1679967.3822105546
1452357.0031428896
1548101.4069947894
1754138.3536764928
1651410.304810387
1617455.75598566
1792769.422565199
1565439.7782883313
1472234.8328881746
1359957.3530355461
1490385.6852646107
1517994.0226237655
1363132.8916705658
1446972.5121826837
1340253.4808562193
1649323.1220905553
1580497.4316186712
1608125.1663422617
1612347.9425818906
1627976.3031883717
1704890.1961278117
1600979.6689303375
1711043.6897960843
1705351.382839797
1763015.1891380947
1686975.3332796695
1614885.0324501616
1726711.8056267402
1819988.9560212337
1892196.8506930456
1911214.1513711794
2065114.48923049
2113874.4429795267
2247299.1635639435
2221412.5238801036
2272972.728963816
2473123.426254836
2538525.869709499
2610154.681851554
2888049.3988858685
2996203.6314494
3056928.167540856
3001815.1006135703
2727865.7700887094
2492378.534479294
2464740.4104668195
2637184.4342222027
2432924.5631154925
2280246.92761784
2205325.480813919
2047397.8263543407
1898182.491079792
1910101.539408526
2030450.966403996
2139521.6343891406
1948757.0049042604
2219691.9806197137
2609763.335123785
2375604.960120053
2344799.784260867
2350412.3199784905
2491100.0093487725
2484842.826420727
2556827.4233982754
2597478.6708236695
2401153.644493933
2877224.713530222
3035179.7002089443
2749525.6578421257
2545995.757664137
2382572.3797814944
2537580.4783539316
2761378.0499897297
2493336.4682074264
2699591.1217976883
2824086.8693120596
3039324.8032748518
2932320.4275032138
2975653.82629587
2967400.8360003033
2921395.6946852505
2912789.2510386966
2863767.0249048355
2400134.9533890793
2207513.63144702
2317063.1910388707
2290660.679672856
2165743.18974329
1940115.0603259886
1887095.5765513305
1730916.995398843
1715963.229872655
1607928.714232775
1720404.814878344
1742565.173635115
