1137388.8
1037544.7608579234
1176978.4330000225
1226329.1727267376
1046072.3543307838
986289.1644772561
987127.8592382364
998514.2025264377
962269.2705147506
908451.2949333766
978508.8275623317
1091624.4032395435
1078726.5184438862
1085565.4041427404
1135474.3125618105
1103528.8650836702
1115269.1818812895
1139166.4005788823
1164295.0370555276
1000217.8320167373
1037005.100244079
1140308.0671637533
1027001.2033426195
1082181.8806717717
1209003.3567043243
1246945.5713267452
1241905.2764187825
1209563.8491876072
1247161.3589775958
1161359.27982599
1199652.150793652
1118592.2335518845
1096229.082803805
1093130.6315182378
1083759.8046583368
1069016.3622362597
1138753.9449427803
1188851.5901398156
1193860.023742245
1203172.8576320878
1146135.0282878682
1285610.4039310021
1117139.7709608804
1034830.062510701
1141292.4814411867
1199496.1475563943
1183155.4654025843
1084631.7812132747
985550.8977680728
1005387.6349600301
1061772.2110871733
914319.0358397607
917789.9706352341
983250.7564905453
949279.1156539237
1008020.8781545256
1035992.8480260653
1059636.6731391521
1078487.0595602514
961515.479429517
952604.8728770725
1016320.7009669776
1190542.79205592
1208104.6786895962
1290024.8182075503
1238893.396174281
1351469.9162785953
1350140.3850631395
1508074.635013168
1639485.7974547753
1412807.4772673945
1267498.839077325
1132062.660072941
991605.4421278134
952957.8470857779
973516.9896508877
941615.0232670894
890856.2661660279
792190.6258539817
747496.4412319419
702524.0531403243
691249.241234684
640865.7622206066
737901.4576327017
618679.6756278767
629411.0534350495
657152.488290827
639060.7913665003
627736.3303474119
695975.5630773284
699334.7276870172
815366.9347405562
774510.8197518286
873982.5840398173
870501.6557147669
878833.1527603146
969659.5838731021
961021.2609849776
1051122.5059676995
1058898.2073434184
989762.7509195206
949273.4668378237
1122435.9801802146
1210157.4089058877
1022915.6474344735
1067654.971977205
1073631.2629611096
1066170.0387117935
1012190.5406331691
1032346.8928610013
1071099.114399632
1137388.8
1089523.0067485576
969330.517059556
1058204.8680316273
1147676.1572311388
1048031.3993015739
1010043.0258952035
1099820.8669923842
1019665.2414830851
1045756.1107335744
1149447.841914487
1112031.343247149
1087639.5124046241
1054431.422249493
1008350.141749959
950420.7110176205
893562.6420496466
992643.4951351419
955645.2224091422
950171.7566611343
965370.1032294824
1006786.3328993955
935112.9319614058
981799.4605142953
1008135.3460590637
915195.4959402311
874257.415501239
807738.0297849
826895.1363301076
838422.5117305855
786288.569559672
682341.4390930186
697636.005248823
783503.6264340613
890205.2746451917
926910.3310881937
931905.369453855
835269.4350033043
775146.7463829952
774311.6029533185
713912.4002446566
674487.9792472152
658730.1004054525
647661.8117504583
633988.4482265889
664164.5562156681
635574.718232507
706945.1696930702
651743.6175524889
658120.0473371225
665513.5619529358
589452.6741550214
557066.2447100587
537514.2547517003
531007.0583765199
552153.7227922194
542849.9866752292
516039.0196277133
539400.3847928843
495693.0202636949
449792.09992981015
463825.8506374061
521183.4857984863
520965.1806749401
569656.3965256598
543612.0204246858
562160.1420349742
569566.7959129345
572341.4352755601
508660.98407436255
439572.7042147983
447386.43211918714
456355.24120243755
448616.1658236352
474879.38110804843
466092.4304483377
477366.4757266713
457961.08221495844
456371.29578256357
448553.01591317094
416458.8319792547
383989.2124198491
424102.18304350646
378788.0035083792
381119.8279828344
395616.87072763575
399701.54818327364
379040.3359593279
394450.35503844323
396255.7542583005
384122.3597669269
386321.61289444956
351512.0123629074
343223.2039076439
315812.2747242941
301748.93289358506
315178.29229947645
287345.71809733333
289266.71289738367
302883.06249483756
294285.5178467235
330107.73492491175
357497.7192006007
363124.29077534686
341709.47935291426
335243.46771511855
319133.61180768185
319539.3119703513
334859.6126182129
308054.05350168986
319904.8848668217
