1137388.8
1370589.9064701174
1513039.86330039
1479083.8526100148
1412494.1613638005
1381351.3680194053
1296989.0826271074
1372550.1232988588
1574153.8908037748
1497963.0684173144
1408686.2677763165
1540348.9150209075
1567920.0659482041
1866980.940687041
1856641.917189636
1926278.2946101732
2116623.3416475034
1981547.7270124182
1915291.6243806952
1987327.3373742427
1874067.0186139096
1882029.5205229146
1957580.0213246115
2229401.420193964
2329318.9558664947
2663030.4418790014
2986220.151434447
3033177.1401397046
2756440.033738201
2533101.5897474918
2274970.472190868
2301012.7397375973
2266106.125859794
2228321.3110098885
2568981.4596465332
2760521.920380941
3007600.232162594
3057265.7255081297
3166812.535541648
3159849.286620011
3046088.947277694
3147252.655886172
2887595.8041542238
2922429.3689008667
2678734.27780817
2713197.7792087044
2866637.8026728695
2838427.659846951
3719710.7776019583
3669752.6461176053
3618093.9116560086
3544090.6182915857
3073843.8858247674
2876581.0999392224
2841654.1431615907
2647710.0762961837
2837747.751431915
2382347.6510735755
2442626.75979284
2533762.2978222887
3178773.866736312
3359123.6450508423
3409934.791737817
3096934.8818532983
3231384.828296624
3259645.8555748416
3234386.6019685706
2810483.68214136
3176842.188082014
3083957.530945708
2958285.4673771593
3193345.6065636594
3267531.098222796
3507063.370028402
3507818.529064377
3313780.316926052
3111408.6168176355
2967436.286817476
2907335.278080617
2902372.9436525456
2871628.7758725225
3031219.517275148
2868976.0768482108
3072340.079310544
2898909.383819279
2789312.8529343293
2787138.452763358
3151084.5938113984
3298379.246227182
3148715.3666003244
3464784.6402819655
3602072.9144237014
3398342.6493720044
3650411.571455228
3743031.537041138
3453484.7120856163
3172122.41376359
3394352.125177198
3670523.8603890543
3847234.9631516896
3699487.937879599
3703081.279778287
3493639.332722412
3879154.0624633837
4130203.2795528043
4121488.3804542175
4222013.051517965
4117088.5877367104
3970164.10395553
3730608.1247859285
3562409.9001574377
1137388.8
1084966.150163778
1210565.8379289864
1086071.1051292873
1030783.6016434348
1067016.8362103126
1106543.8400816952
1008408.5345350077
962565.7898024647
999107.1029143214
867050.9615881826
862747.5295320315
872740.5427656489
786911.2179550474
842116.6509611666
835618.345093809
762438.7113064973
768721.9232596466
790542.2399484506
752651.852866412
689385.0468820508
721035.2809094525
707062.2332672994
694303.4263024373
699946.0263990961
747355.6720050578
735605.8060912491
798809.0722854522
807779.7964921388
880626.7479148414
927289.6009568642
848696.04508343
864536.1318776212
862292.9675489047
895281.9507333245
917546.7270188432
952315.0473154419
1054635.249391581
1133717.07487636
1209384.5682618301
1188338.6291589
1176151.5177233154
1053917.0363168223
1060555.2437330412
970698.3448631155
951770.1812791316
998082.3277159187
962863.1690515062
1032172.1166427422
1192611.9349047185
1151600.7073066384
1247269.0433410045
1280727.3857388909
1381077.7099948057
1349612.250246271
1351215.3037715724
1434898.8291792464
1264209.4923639053
1463407.0088167845
1534794.4050864992
1528141.1257047304
1593239.1343375691
1560177.0298696347
1792694.1701903094
2081069.327173684
1966515.9965782412
1875038.8797826446
2039841.271765336
2008110.8142807859
2238371.3199914927
1914068.1106301076
1976598.8559506207
1962387.0161221588
1772927.2548053884
1877188.5447725507
1879911.7714398347
1769876.915089942
1778694.4561160652
1928137.2382123615
1967356.7150764272
1983689.1598314436
2049784.9094710618
1786795.0648113098
1790939.6118519476
1589767.0914477243
1719987.525196945
1682837.882315436
1669145.4828132624
1473450.5849577393
1498205.2932018642
1266021.0754091593
1118274.761453211
1155045.6694809885
1191664.1107013691
1190637.9258606005
1046378.5586742084
1025392.4532015278
907092.8782975539
913507.3918820085
957811.284379101
879249.5707369074
945971.8867203962
970464.3197827834
886601.5412488959
886947.7121434937
906094.9783926427
893657.0640918498
867342.118118544
894382.1462370767
901926.7468404033
864524.18891617
