1137388.8
1213378.0472949075
1167555.0835454196
1075295.628735648
1140856.3938263007
1074846.828747669
1092917.5038962224
1108752.6784518145
1172145.857588689
1202828.208462739
1252974.5466460376
1296735.9634255266
1298910.5179045547
1148342.8379680878
1288984.2046830098
1326339.7559336491
1164195.9296634195
1227610.575540586
1180518.9813198268
1289377.0007151982
1197845.3662888603
1116078.767869254
1145116.0704141906
1093756.823800432
1087030.89258317
1013954.7556094911
972870.624222379
978633.5428565106
976004.9199022172
966373.6313453839
892185.6216730698
1111143.7590813476
1064660.810528125
1079335.9580053082
1125760.6744287023
993088.4413518079
1067160.067401937
1068708.0566206137
1178045.152598483
1287110.3583875587
1323112.4901468684
1497177.210683207
1650417.583917703
1612369.9199430214
1367830.3803518903
1526806.176058224
1324964.4677387692
1311622.6466855668
1284841.7453422665
1278979.1181330164
1241148.2890885973
1313278.4525125483
1268878.9717011908
1132875.308097899
1056521.1345644123
1143332.6137240408
1161273.941758303
1134250.2463647998
1071527.8500942127
1038894.1504072844
1124163.7962403574
1076489.3615930951
1095864.4202280785
1199302.872814939
1130343.137136245
1117736.3732102467
1197718.38441476
1214609.596027237
1292104.5368571857
1295527.6848300626
1298578.737264076
1222778.474508213
1255129.9772724898
1307562.2172632916
1249850.1949026603
1176048.4432693762
988448.4258008233
892368.79044258
903884.8541285656
908842.4400324423
911221.2069712301
884388.1463227978
850010.1338244505
916803.3932514859
956589.7792531988
998659.4054756092
1024887.1227112468
1014297.2697137063
978608.4947048076
899333.7188115653
868664.1985939905
836421.0772028811
760040.7295657063
747524.8890731974
719658.1538241553
688594.2886387382
709791.9621857638
682296.0303610865
718255.05328598
807748.1117148204
813810.4024404429
905380.0586067407
853630.5397956935
815223.1683362701
830354.2661311044
692674.6292163518
731152.3631520515
787956.4018922889
770513.0958106865
726504.69405703
715574.6019263476
1137388.8
1189238.7422917404
1096967.3198506096
1079354.2884077532
939910.6161842552
921813.7065037746
814237.633962451
779131.3102510564
820439.7175033061
828748.9082311623
888911.5148891984
909366.0821970702
1050666.31951163
958781.3849240784
1116201.709837449
1263804.724570517
1293380.9959753326
1241561.1003885304
1245956.528502904
1256158.2805655738
1421571.7511900987
1367540.992385138
1335802.2109653451
1480831.957238923
1576687.2217887938
1705792.0184909329
1675968.7528508506
1825042.107736636
1960103.3451269064
1907730.4292765826
1896677.2683559589
1874998.1120169014
2038504.9791653703
1986958.7199618933
1848176.6169634084
1955960.9245023923
2078640.0239408698
2117094.354602761
2146269.655212264
2070169.246276691
1893412.561522117
1794417.2046878845
1718766.8716496362
1679737.3952010188
1595391.9968523197
1509925.5383283016
1345638.0681592338
1151559.5134685533
1195611.455247401
1230059.2350937328
1154456.187111555
1128329.3414337041
1096878.4245863378
1145671.4117368613
1102664.7275442139
1031257.2528776649
985701.7906948994
951949.6126905093
962687.3219748199
1030165.2799434221
1036950.4752259727
983183.7671033795
1038981.1781275049
1167224.5220205677
1209083.4948048517
1243403.4486170977
1117237.2173934258
1181078.8287900423
1224263.2814785978
1210733.6265183683
1293439.5518535462
1205955.8958781299
1138808.6854706334
1072587.1558736921
1002310.5808691616
1027301.9371563218
1011361.7029264733
1155063.2162438198
1316344.1678945231
1261412.336712359
1342388.9090171272
1324854.7572151513
1324111.3778410482
1254829.8744099292
1316398.4179966114
1372938.9202626625
1440670.122540087
1410782.0401804904
1246546.7903757591
1265757.7523953116
1359163.1100728132
1354920.189653016
1281794.7558042675
1331127.7269646202
1305527.1597981711
1302650.0129964163
1284037.1020791007
1264787.023224906
1130810.4084263672
1106610.5471412812
1113540.8588626876
1096635.9513488624
1160984.6856224341
1272668.813749882
1227344.0056615302
1166252.7220108367
1238395.8504120826
1226511.7719146938
1232363.995917212
1179553.1625291833
1392503.4351526978
