1137388.8
1149063.6962072388
1174375.4864124323
1156417.7836664617
1148382.2426824528
1229170.7683144286
1254580.0547428816
1352812.4837938282
1311719.5390179986
1249783.052274246
1339602.6478487465
1592326.7900737268
1611372.523681492
1638158.36863725
1470761.9075214793
1525156.8997677092
1438421.4413070309
1433315.3066859257
1209993.6599089585
1304495.3965562354
1377959.7870483622
1407927.9786983412
1421540.5046583505
1222561.0270290438
1303336.6322605712
1512394.0718327535
1355809.6400284052
1256857.974016997
1201191.3525764083
1270596.588006792
1320986.6843250282
1303414.8477494153
1366459.4430643765
1355310.2585442248
1179578.3883190295
1108176.401926763
1006029.0911830363
953565.3919980929
918246.7592042515
966047.737120927
905537.1143875862
888341.6262554246
874064.0831085345
844148.8887490811
838058.7899434273
856570.0631659218
779312.87721546
774931.6013091535
850252.1523957615
857229.7299039761
808900.7176192248
775710.8537151787
744894.0572384719
852033.4013813995
776166.5488890854
702400.4115216132
754805.4839755617
752926.7675658652
798565.8372948678
903017.8138992783
1020941.1301656583
1161222.3811788026
1103595.3636798984
1034865.7638979626
1151844.9592001273
973117.9686430703
898926.002660063
923490.6040920706
901797.9024570083
873788.1126081457
783075.4592285975
699420.5878067081
763402.7980178928
754804.9001163539
743562.0454090002
736534.5915268103
755184.4497830345
756556.1496449336
678226.4280459875
662112.2807398257
655267.04835763
615140.4559101216
682902.4280767969
655969.9800742145
619018.572234891
655055.980287259
634056.7084953225
655988.5965246053
728671.2403068241
830384.480050279
951398.0263893163
1045984.1092757402
1019692.4058292661
1009723.1616018468
929264.3787067925
1086881.5596339318
996001.9593720825
1027102.6812109083
1037482.3956232875
944351.4239218383
940926.6752653719
984162.9112800678
1090247.5994990666
999033.5228653695
1016796.1386494735
934850.6027647378
869582.925409825
890823.5167633046
844318.1185840635
818309.71127449
903552.3188995364
1137388.8
1276995.1094639
1050970.8778597794
981379.4065105258
990196.073153587
1051086.0515074974
1007191.4482436306
1007665.2267307646
1094932.5949143018
1191815.375525885
1182266.5527042872
1099235.983305612
997455.3616840545
942577.8840618735
931595.0462813714
923943.9838751134
892516.9500200417
888595.2526579518
811313.9835296232
928850.1005923988
888440.7129791896
855663.3974598636
959468.0980347232
944650.821227378
984162.1108574332
940957.375694576
889312.9075777044
915339.232195281
852525.9738202587
819669.034641538
822053.6681286523
849429.6483813308
920182.7926177757
908478.2868309887
873957.2608375963
903716.8220969182
973825.4792483622
860629.3534383896
851809.4241180087
807801.4416964847
836211.1680486711
715533.4729190095
685735.6137053213
719371.3701434077
792537.9514207295
865370.2157042512
849941.3833954154
880644.9693391763
747104.6464886988
735218.8187932575
713574.045560185
778111.4794100379
676366.7909158368
705592.5041318897
687583.5321732356
673084.8728165716
589887.1033939373
578242.1635956056
545808.5227396211
594216.4979360828
472488.7952565864
431278.7871357683
425155.3108495227
448866.72756173526
449917.90397051437
444385.30538653117
422401.41643282236
389440.93156028853
384697.7106417914
395644.5681873972
430448.22403607494
458155.51122664526
470717.26447319327
456676.8885017564
473496.45558697154
462148.42583900463
469594.11871719675
489418.3292938394
506544.48750790535
537562.8568419737
465089.398380915
483422.1423125361
469265.9884149199
448358.90103483014
470445.2487497454
469119.5479119524
459620.9077109635
425747.8226375687
425449.2077822069
396149.18522669544
361909.5023932369
380894.2973377314
373097.7190750327
354900.36305139266
353085.95906247664
426048.341792411
398612.8770954066
377431.94527183473
348275.561466059
314135.93277029175
328357.6447271269
310697.3140278924
305363.07231120573
270969.34687294275
274857.0723075143
262923.3188426197
237949.6347188968
204749.87727796458
204167.0107026106
207375.7668950916
226297.95148178766
