1137388.8
1095736.2530485166
1083558.999321231
958728.7641635912
1120126.4647456417
1100082.4783582545
1122691.5938887084
1081508.3981334919
962913.7013321901
1006771.7711899607
907528.6364475343
825792.9380013433
844595.8859745538
802656.7249861201
808504.3302304612
811438.2544334211
768438.0186395843
733299.7224777677
770585.0457647851
759697.2461512915
854300.1233444585
867119.3104491971
841115.604104318
798204.1404979127
791510.7991591312
830043.4119353391
843992.9022672037
803745.8390576643
734237.2429174338
710189.7066694453
627572.3376610606
699782.9501094875
647432.9850938562
688487.5646427108
687565.7125683278
674909.6873702158
709560.3040741078
707909.920684019
662665.5271689626
588872.3829316811
593346.0510847573
597474.9367062944
640386.8089266353
587543.7004363515
564001.5821746719
528104.9123799154
479113.3377251707
452974.4971534061
397291.98960376106
348389.26985998
326241.5130810664
314895.9657149686
367272.7540912586
361798.4906571339
368864.3323075583
344499.3371664817
327695.2193560467
303528.7217110095
279470.5478579763
259724.37596157737
251254.54040965007
231740.5908225482
227333.472951921
243327.12678142372
233064.29053850746
242178.27727112986
237324.85142255068
232822.17609842066
265732.5831642462
247909.0923088985
278446.7311341654
259115.2241932771
288548.52510812966
246896.48273999427
267974.9552746411
270043.8056551172
264892.2996214189
270222.18664538144
263007.296850526
266844.1192074967
252204.25515522185
273476.6096072888
244751.49775663778
242603.4215514284
234935.10314927835
230026.88781930303
244814.6110027242
301144.03341372963
309903.9488013182
303184.75016561995
319190.9151320264
333343.5548195684
351227.8704305227
317116.1909407962
344195.8745318642
322681.15151563165
347678.41754888016
323682.0981926122
311777.66607818386
328285.41431444447
307697.12955979165
306944.517079881
294203.41746463615
342507.69537942496
350845.9592994007
367434.8000468173
351747.0295479094
379888.0343353498
377005.10458436335
386425.0020340471
369195.33535575296
1137388.8
1213923.0649658146
1166236.1174521395
1177187.9067776708
1166190.5206218078
1440170.853264357
1322190.43588198
1241986.5826380702
1222196.3449003613
1147923.6249385322
1083374.300089063
880457.0150909178
802068.6178500943
707068.6994310918
725258.4979073022
900486.1540248102
856034.3263348086
840418.097901496
852749.4174006372
795121.1555892241
758016.6837589309
787433.8719252001
683182.9412711635
659209.2809519686
620128.3367759375
663188.0336206988
608667.5026800272
559533.880897653
560649.2232492812
556322.8583110175
574838.9045862061
585905.164070601
580420.36629333
556967.3468705439
582081.0128780036
547123.2764334653
569897.0352560545
582402.6468046793
630703.2115174945
666604.3082760321
632120.8794356801
610293.8587366058
601952.4936424022
584645.4411129828
595236.3353301327
562088.4251017552
610858.6570698451
668421.6246679329
638883.6248726815
705983.0116188814
730429.6545295398
799582.2468463237
785388.3345515287
749497.9789385088
865306.1588293707
954287.3863519027
931557.3709202149
985550.6347725163
898683.465022031
861444.3894048822
920032.6294273237
870996.488838565
815189.7653014819
801353.9191685825
910574.9649697505
933049.2836247741
925751.3425314097
918866.4308515101
919374.8858262833
912374.1920716357
834351.0172988377
824291.5234718515
802934.3262171932
763597.2620536446
790324.2052512238
759455.9476335386
740996.6295057079
670701.313190578
622632.773598225
683701.1304124361
672570.4798682795
682300.4456203289
712315.7292177388
710366.0908491424
732993.1239198552
669509.4558316441
619063.0852313208
704181.8340004501
653305.0555722897
651122.3986612528
733234.8948613441
708798.9438471539
679431.9854274271
642614.1509714933
719165.8183807618
689432.518172951
691132.0537157665
701521.9662026514
623156.1513370707
628081.9143401154
591280.9471630303
624386.5050902051
633229.0453440772
690584.8266816924
593210.428265442
581183.9493794166
608654.520311134
610786.2147961013
595289.2644417064
528036.6911016131
550356.8590457827
