1137388.8
1229381.4336387753
1332362.2460417834
1440807.675453567
1325397.8023865395
1353470.3533825357
1387146.6870436028
1431567.4388859181
1503488.657600317
1572187.43815283
1829335.8715462894
1807175.9919047656
1665994.5577567078
1342674.5698844474
1266845.0689392039
1275383.0678968679
1346399.4342548014
1386781.580987458
1482642.2121425606
1391624.7438947703
1385604.5413203929
1454778.7599165065
1410827.1868800186
1499301.536451738
1529556.5815449613
1582052.8486152724
1653285.48262896
1639529.4421217504
1834951.0842136308
1760447.1256156606
1758612.1389616996
1813257.2001204863
1825429.9641175522
1933640.4558669785
2086705.137018421
2084076.9952941935
2364727.5425134045
2320490.0738939433
2170704.7359563
2173705.7598454175
2037469.9505922939
2012689.0348515222
2154892.9215061055
2167440.559981924
2208359.181037789
2506993.054769312
2498671.189286385
2323814.6586903594
2257266.633675028
2380008.2636874705
2513126.899272252
2503191.1294200537
2306843.602492482
2480865.01421646
2423611.400959685
2597441.4396387297
2301331.5819804138
2363356.821997135
2578667.2126232875
2538604.2432556655
2617596.4899918656
2882124.229358906
2851212.5409370866
2793362.89822178
2670417.137374229
2754068.0809845333
2356811.1645388105
2433375.3069006335
2554473.4596121795
2236430.6358582056
1974221.588739944
2106333.7152481033
2113114.1215462964
1834916.1223232348
1920610.8504843146
1837854.08329116
2004076.2657055627
2149742.4302134938
2079947.1034600753
2129536.6837539105
1851935.335121854
1844524.845594538
1808336.2956449327
1784838.1947149462
1644035.2036285666
1702672.0846726757
1751838.1149087746
1556935.220869703
1593525.0551481233
1634353.950168779
1838668.8070995614
2167616.2848421354
2313082.4340947964
2531638.809379327
2807995.043372795
3069231.190765109
3343450.3393202084
3447394.0600363123
3784127.32181123
3938224.134577772
4078154.538991241
3757597.366826895
3481442.834052899
3404636.196932671
3305015.3727509165
2854864.642054549
3098155.2952448414
3111140.081305715
3323888.853274305
3424239.8633119822
3368422.529779226
1137388.8
1146104.5567568091
1203426.3627732135
1117293.2300543434
1041486.9132804669
1000833.8626495283
1012915.9713181013
1071806.879087057
1021560.2048376087
1048152.2682975095
1068543.4376041684
1082135.461560044
1165886.1619286542
1100419.0129512418
1058742.857229548
1020923.2718250786
1007384.4211317089
1062004.3360851107
1072989.3515852704
930032.545785786
889195.4184481477
820415.2813628091
872031.8872630151
888172.0199165567
1008633.0226118994
946536.2336643527
828333.8663383224
893591.5774780819
1011345.0960721772
909524.3931088616
966886.5982691064
938232.2771627936
940592.7392438921
874775.6115955125
919123.018171475
943050.5989719379
979896.755257021
913216.1022384593
947414.7257000852
1068869.1640884054
1051763.776098059
1113141.3468776094
1187841.7658698289
966418.7658487936
910428.8024050107
948752.1236096261
931251.5769217319
940065.0664037907
962966.6069635488
1045106.7561710412
1045430.0645882188
953333.5396297806
833512.9215311945
932194.2872864329
844256.8557802114
1037365.2210371152
1072144.9614125546
1012764.1753913857
1029319.8117400819
1056325.5438369073
1017833.6570427584
1122031.3823075893
1016667.4203372631
1009406.1220518815
970917.7051009669
1046224.2450844502
1033275.4441567714
1015173.2290465736
976797.5731058848
963210.5270515226
1003575.8801200592
1122553.5918529946
1073062.5696192563
1084062.1202026117
1071333.5882468882
1032327.0698134678
1183809.5114888723
1250799.9143727908
1227781.729651089
1081769.5443990126
1044433.7866203833
1095168.296202679
1057372.9726601122
962786.6233341375
956836.6522205287
1055329.270093326
1106369.8296047354
1002089.6307508491
1040834.602720293
932809.0923034695
917997.1442942654
804842.1488682005
825714.0097759534
967571.6782351534
887959.0447856636
940545.2762176701
1032503.5988640133
1038358.5640063427
945936.0515029621
1022958.1402950848
1043201.3227174632
940853.8264555336
924621.3892480345
1214583.401481358
1063604.0876631802
1100226.31769015
1041025.7242183102
1030062.6880084487
1079879.7186823927
1137845.80403093
1215272.7919286464
