1137388.8
932030.7143682741
843548.491531682
755471.9959878223
768432.340080137
733580.9669241654
805564.3359865616
769502.8680733491
706876.5113078585
680820.2994913151
763986.6959714413
704855.2205062255
766783.3252253727
669459.8247732759
666346.0706394383
716539.856382829
698902.2365551533
740858.3015535552
816567.881095786
821489.7324459392
799656.3837429676
791557.8044327258
838646.5598707359
835985.3176026997
901464.9095405885
889076.1575959107
830440.8380905814
796471.3545346814
776016.4071798463
752384.3698147838
706680.1601045136
678764.8602410661
737597.2880731457
703765.9701425709
796302.2724733462
816977.2771316511
888211.287214302
908462.8084696807
928717.0590857975
1024246.2566355619
986683.1321608003
931281.2278605768
927131.1822632523
918544.8321104739
909048.4532244924
944051.1026228876
871333.771588669
877226.2884985291
940883.8105949613
972084.2517532014
995429.6750589059
1085360.0872211969
968675.3417394217
1059770.9190270882
1154870.3902841297
979271.6064774593
1009751.794884423
891537.4338289736
953071.1403810323
927403.8568009272
908363.460453331
1056662.9423265867
925163.4423217729
1058065.8345884478
1088998.7682445287
1101616.5397149322
1119624.7870121468
1038743.9566401712
1038582.9535748323
807377.301854548
756885.80406513
719503.9657605005
693628.4659846169
691348.8072350692
670808.8732523103
648914.0290806345
567309.2036367363
549001.0765611891
586933.5139849695
625117.6679702146
663793.842515416
658150.5262393972
619008.7540033183
604397.2422368845
584769.3968470311
606236.2475216717
716701.2691046202
756630.6058356693
778805.2845564858
827856.4890946137
754288.672812203
777164.3237855444
796964.7872828954
838174.7874648371
827689.6187355276
782763.9260395273
905487.7811999922
910533.2647514526
881103.8535931649
944891.3893466067
944600.3607404191
903803.5104625446
951132.6311408909
1014420.3270819003
921618.0337860753
1042525.0511699189
1077155.3854689084
1101055.3573295022
1044457.4215617906
1058550.1979091745
1018394.9133341623
1137388.8
1092680.0793747941
1145195.1811879913
1034754.4815124301
925013.9094411951
824702.7184362503
691524.2278119321
719212.8229995171
694073.7065105493
675984.0729428729
715074.5439212739
708439.2852445659
660293.2798509243
602813.7926340706
522824.85949781054
499193.5794837215
523867.77645112044
601020.085997983
635464.9802757766
703804.9089851448
718620.042015269
703328.430360282
726819.5886316418
808579.0559986308
814356.229871353
920443.593499654
1009696.6713271833
1088045.0029594835
1046001.4395191671
991272.7438503633
1066780.63896378
1139326.5544756486
1015635.4220085924
979773.9568502448
975742.3337947396
957930.0730170757
1003716.3551024736
1048890.9494685829
1094463.1489215496
1071483.3515148347
1061571.9677931003
1088252.3690194937
1068714.941358866
1068445.6334061408
1051806.2660107245
884073.6437167893
853374.8013496902
936776.8873803924
945006.2731303173
983347.4831432969
928281.8956474246
876451.2925124667
913781.7807997976
997997.7618383606
958718.9356248579
977837.749436752
916532.5718892616
815029.8626208621
864103.0061700954
902427.4465220566
893726.3269300502
838774.2922899877
849798.9576125882
996439.0840482325
997709.5844137808
1020724.8343220409
868613.1766833058
872344.2739817341
759570.6008212966
779875.3118013408
720438.159455913
594066.2378159323
540809.1970559094
500204.26433140284
487228.12993669143
468835.0459737037
472183.15395284514
467381.4258270112
529599.633666661
517262.0647862903
474438.9616600457
396065.69959304854
427732.4600845293
430986.57268589205
415207.56100183085
424989.5858894055
408383.6147967055
453702.8553801774
465613.20689415577
432744.4413502379
409638.50611653156
416573.2643765896
374714.8769655553
366831.7902461204
399396.214151812
340254.77935426135
316522.184151603
312901.88700049033
328665.1109180806
315402.278680968
320155.83912692656
386338.13604433887
411066.08207750827
346116.42449453863
337306.84645011654
350443.0328749755
372951.02306667867
358075.7037446962
346999.37000886706
294363.2804724132
295479.59822175367
