1137388.8
969316.0242804853
986603.4360725465
981440.9189080303
995857.1016067467
870465.7048387463
855272.9463032881
887648.8328699691
821601.0961444144
779972.8530663208
745337.3605623003
826193.2914307258
797653.3080686489
809986.3331839616
835501.7995999168
805192.1333934423
764640.0650982144
820407.9967320588
830862.1352661054
873020.0923478423
858754.6342801118
805238.8912029472
734415.4754161973
659313.4258649719
642206.8676795624
765032.3312035587
707476.098632085
751762.7756207304
726134.5115112308
767950.7401843526
820850.7586054634
955427.7828805126
994764.1240835707
1064753.4791870737
1086638.2857093131
1099658.2108809503
1129770.0760853991
1156833.9408970312
1359497.754762043
1428317.4812695652
1429922.548634671
1352652.557140374
1412695.4876503553
1590490.626719486
1503850.1484441217
1316992.9332069675
1351216.5212193378
1416285.201854893
1296157.3388065835
1116509.0127208421
1052192.5668266376
1132064.0789242664
1238055.005737851
1174943.0081617844
1278507.925443195
1228619.3862701233
1332018.210246463
1233873.2869450182
1259005.1724752153
1224036.4748862449
1139800.1595042064
1157162.6358464381
1137890.54355569
1103987.1876247306
1050217.245655669
1054007.1574158613
970727.9719047041
1020276.156278145
986062.6105573205
899377.2120836137
851365.5190240826
778550.6673028615
720713.16794839
760951.5802378027
775183.9582533876
800156.4919623616
829859.9614840413
906316.692495153
836260.9286367861
793288.9431561882
706823.1213316639
669089.3561643644
603257.08116088
643714.1524230955
635874.466654164
662416.6510875915
594585.1387623505
559453.188666385
556731.0589492129
605506.5413189406
612252.860496845
586690.3576613071
588400.0046106173
648520.7201388207
703465.5661419777
645930.1211362315
672390.4490510048
746762.6328787197
728205.0767662254
789456.7864920237
760492.9722908433
676229.6759421586
642144.2257217958
645050.5136470152
719099.7507090836
746098.4019023301
724287.9227859575
775596.3037579211
753967.5755505066
780488.2031614027
736205.0679836755
1137388.8
1105913.5400273066
1153195.479501612
1284977.8153900353
1229042.143844658
1220475.751845094
1124115.8883478534
1169364.3644120272
1092566.0548145599
1057671.9425660644
1193369.8165882814
1116306.06468301
1185169.7841716502
1163518.970074935
1154321.4596814942
1072470.7733919646
1086564.595939202
1008241.9010813638
1155657.146456808
1059006.3784235995
986704.5591402802
1058058.152312409
968456.1908820979
988422.2189225901
882669.900460463
1003799.9807167781
1066688.7882359098
897334.9229272648
1038540.8907401628
1011776.0983104116
1082633.8957232405
973642.2280687895
910882.2572441264
960281.8340311381
997364.0817248942
1005374.0673741698
1107618.693113314
1166089.1077570152
1137220.8885205432
1179632.4347754102
1236950.270974271
1116542.5777733321
1034535.5046281364
983835.1476793637
1024691.7948779976
1017145.156128653
861864.6156403989
989562.8502532337
985726.8603890733
978407.9319570605
1023285.3183842349
1066781.5302174324
1230099.3537464445
1278359.2235347873
1444918.6341209547
1279243.8953257613
1200115.6769972527
1129679.640194091
1183965.7654347026
1166307.140309274
1129050.8300372225
1237016.770351797
1252015.545053464
1256571.0577260186
1174748.6436456672
1048429.4074887149
1134406.0819196713
1063189.6446946268
1126802.0884023272
988797.6636071235
941485.9530382826
852776.6465980418
939566.6749852665
963081.1082559656
927834.0488301534
919516.5868497529
860167.1587131299
815981.0073154059
866833.4401990825
918732.7880143255
950401.8202863786
961511.4427776515
928576.6130225305
871053.7413628339
984014.3430016526
954917.0028841567
905157.6421902783
924944.1407179239
887758.8639101257
850007.9989415762
945648.8722588844
1009434.5573816218
1044379.0989002172
899940.982229513
855690.972037856
831430.1660058125
816389.6804506958
817288.080530425
874701.074605471
943013.6226975735
887143.4952074421
924061.0000672599
893437.2952458885
821049.0932340025
804106.9062498433
769329.9355765186
791910.1175858382
846988.6511452224
822585.7629197947
773801.8041434243
767613.7726345405
