1137388.8
1192269.792814988
1144983.3483057916
1209619.7355108508
1061663.9617117764
1132316.414782698
954105.5745310129
899697.9725458993
897566.851980131
841359.4637835043
863826.376740692
981296.8513835879
961612.0281239216
935252.4242964693
986379.9831614095
897106.8048007936
960550.5729346075
908592.8549904583
958369.4294685579
916774.1611112914
911553.2038109298
907337.5695737404
971152.9089575121
1031349.983848438
1047022.7660411822
1128199.7075816644
1108852.5014208176
1115159.754188228
1209082.4819600377
1292116.0159363141
1258784.1299022553
1389971.9046557092
1296272.067202834
1243463.332501814
1236573.3018072194
1355632.9210022264
1304478.3647941123
1280187.8752649913
1217484.9585216176
1108385.225307931
1075721.6569586152
1129498.340796455
1027006.3220433003
1013498.0145434244
972568.002806675
1015152.2672531821
1009933.025350095
978881.2611035904
912886.863333344
862178.6657691635
866290.4138785695
948442.0661870997
981235.6110597586
999851.2279284266
985528.9909724616
968856.6507663936
1063095.6817026879
1051444.1203896876
991186.6289587108
1097248.136522109
1092003.0479983643
1018560.9945681564
1095609.3500492827
1031098.9986742658
1053643.243131204
990569.1315362701
1038276.2835058473
1089913.1759562136
981967.1798824599
955909.4520963454
991882.9261058987
994673.6680180642
961814.9063835634
935786.2238816378
928083.4876923213
1048151.5323289017
1091989.2503797023
1233092.9293720268
1132375.5770657798
1144072.1478101367
1336249.9906840743
1429008.9221132898
1567822.408808239
1680755.3647618473
1639116.3914804612
1881084.1292935445
1938740.0096733249
2020504.816525696
2002470.119695815
1906545.6768873306
1837394.60374304
1738984.5709659501
1857748.4465458654
1761478.5608366916
1781611.50473928
1743000.1646668091
1789235.9106843567
1700865.2161536578
1821298.5536772122
1910973.8216400614
2110751.111398693
2325565.15147847
2400215.9554721485
1900780.9570138038
1919485.3641458591
1976912.3884477995
1850316.129278708
1778655.8469068594
2018139.886261366
2166940.7257057126
2130284.5412846394
1137388.8
1106422.6732977617
1036899.8455395928
979540.6178973252
935617.6837101106
866904.8769484811
858475.8667352962
891960.890863514
947775.8921453023
964321.8833663668
975367.2204238079
926243.4143272716
899685.3760427095
779011.3632489605
814292.4152136997
857597.5859069751
931926.301820012
1010083.9406571453
972391.1213344159
989820.1355038625
1051546.7933336147
1086147.1637653941
1069008.478533559
1115423.6673509213
1130555.4052721872
1094028.1686810274
1229827.875785484
1169736.2657446126
1250682.5816154864
1232696.885918966
1439369.733959613
1436073.2498837921
1521653.3076074412
1463755.8419304504
1540967.3002592572
1411762.2494194466
1384221.8094025932
1338940.6490225818
1500002.593482249
1432079.4842920096
1548577.2122475235
1585816.4670668945
1617248.9008648817
1629284.4787451422
1731765.0331394726
1736865.0594225193
1608177.5305707438
1605649.511956873
1688448.1534447651
1586654.1542482334
1477974.2856717296
1437684.3104764365
1382886.845382082
1160101.0088124606
1146100.1113696517
1153075.7052045544
1218211.9642049486
1304457.357588756
1343535.2976755362
1335891.2109763871
1215994.3820357216
1264576.545640293
1273496.2885579986
1071878.83342621
1074291.4674879666
1015804.2589963643
898779.3645043403
902730.0495604905
935138.5907797902
889266.9468697187
925075.2366722733
942505.3397510608
898516.6581442085
1063479.6850816845
1057399.3923813142
1025223.5609357224
893181.8267791513
924798.0840137242
895737.3842375913
762672.5482521768
747517.1865906563
753560.184692557
804011.1470417838
877158.6398048445
773116.0180875927
740833.9047724041
719530.2754802164
719847.4363290546
711410.0771530041
661823.494768749
747201.376910106
762944.7005375931
765373.3306027988
783882.0241493393
749428.8493987457
755180.8517197021
775157.0449236471
739113.71152106
666800.6759237943
635814.2699345363
681960.4371161977
719958.0315963136
789372.7449403729
714548.9459897756
751414.7652806753
809073.7675177157
809793.6559496566
786226.1133194721
827749.363118349
747338.2587734773
744440.1824949736
