1137388.8
1035976.6440737542
875372.1984854111
918329.7380029896
941964.8857074431
937586.1036966719
969788.6349223029
894014.765661695
914655.4681398564
872037.7876109468
912482.1798709225
989506.4389574851
968353.3025433293
1107836.584656309
1124772.044187178
1101845.615152805
1055775.8612677106
1058657.7579162118
917035.5281913481
867531.0686254262
814662.3187737396
943791.0253603325
854902.9280692397
808074.5907521901
727554.2570811972
684781.4649690395
696669.6597118098
768850.7884644957
809663.6971912395
801475.9797937187
781883.2578737256
834812.0453952239
839044.4280551227
868998.5932445306
804502.1588854586
800580.1750758034
877758.8283898789
992104.0738921287
952741.528040045
951841.4346045329
1060574.257878648
1086697.937540315
1091561.5863087203
1103024.411922034
1153491.48226488
1214446.4741737067
1303605.4441740161
1286993.5373860616
1196892.7390635395
1197171.2790944309
1149728.666434176
1039081.0140762929
970995.0040620423
1000105.5795307071
1120687.3354851988
1239442.6074780202
1445984.2170698238
1462574.2871763955
1403076.784081674
1350235.112505126
1400581.070466472
1562765.3301523586
1551021.5065102894
1524026.5875802524
1449123.227644275
1399350.2156500123
1430121.8951544173
1381256.6104859645
1492990.3805798506
1546740.3615150207
1422606.6048053878
1263923.1982596158
1296564.5809952165
1284422.8873335002
1244151.1688854785
1005191.8289502605
1062828.3761351646
882665.1115952161
919336.8776319987
1052216.6635666282
1006150.1705842549
1050728.5188920884
906727.404093837
860025.8402482978
1071679.7640871992
1242124.7320334904
1387270.213896108
1392136.1933058035
1390694.043756993
1409435.4189299124
1473076.7952864985
1473444.543863702
1524514.0592162334
1550862.2090577055
1704001.481337637
1694630.6475949816
1775870.2883740957
1718361.402034042
1539974.5654638938
1473026.572389536
1568334.4613771925
1457754.0786913913
1479502.437255726
1511310.1978646794
1301373.485762075
1377121.2734191688
1342055.538711649
1273001.3588901067
1252712.2848051682
1199561.183774518
1179216.1583591509
1137388.8
1102280.5965233124
1149102.1893295709
1156292.687659202
979936.0714876176
908410.1879262794
940897.5617553947
968217.7674533551
1037932.7988265179
1042420.7787850826
1073859.957967417
1031439.1059371941
975220.5725576044
988430.5305626931
918486.1661349513
916980.9081504842
928773.0893625554
876626.8960629122
824912.1248037723
945267.0873678316
946517.2334578292
957214.8456374449
942906.3362610257
967234.1013203704
975654.1371027762
963366.6736290328
907710.6561562398
946129.5214912428
1006646.5579150346
1092546.3526485723
968854.2190801825
918091.5143784871
913725.2189409647
958858.6275996554
1035390.8505800468
885460.248914472
841473.6794151019
776169.3188388493
779701.8807246535
665531.0005438213
640971.2489826464
590618.4377760112
599223.0558179884
572100.4786562506
603600.8957383418
576164.7535891521
606118.1410870237
654879.1402737902
661028.2390688139
656734.2979007798
616052.7959300871
593336.2687351091
558768.2783864462
548993.0673698123
549111.4024492296
544235.6202217764
513156.62708324916
471024.1672678509
488537.6871366906
494197.2368911602
481706.8966293573
518361.3423297621
546890.5148610331
569570.31090952
531767.9026620865
524255.6028721234
518775.19092714676
546113.773401068
519589.86603560543
517911.91923765116
510600.8256568637
485153.02258126007
429568.1836639491
492284.6756855231
440175.21106057335
440063.72930803493
447138.80728036794
387790.53268492495
412301.9383708027
449446.2914978588
466334.57484708016
425161.7801813042
441396.63190000877
410296.36623754306
399953.88399416633
413133.43604955525
430620.5536778133
456998.6103659269
479518.1365012789
471319.1847525294
430729.45781680354
413478.7316676905
458020.7290348883
456850.57879471045
441316.8203237963
404559.00503187743
363827.2232191084
407895.0867247187
414039.84784001287
408537.10897441255
403365.4244861847
406723.23819117027
432617.432903789
438457.893610458
422244.6097604553
418480.876198634
442454.39356327365
462813.2626343714
480861.9902734803
473033.868040808
528839.8193556084
