1137388.8
1229736.3620867687
1169399.0004865497
1237086.3057171484
1179300.6921938527
1295256.1057820928
1279390.589172808
1204769.8921630166
1299970.5790601543
1262022.9667130788
1273021.1392462426
1327067.4284997657
1313564.698610962
1230356.682974882
1372999.031114339
1374831.3407533127
1385211.5783478075
1346681.6511839048
1280214.309121084
1313990.4184237127
1215013.2982302094
1250361.7712953468
1165323.6420798826
1231125.0064979508
1312819.4037253459
1371501.9197707535
1431748.383931208
1504561.7669143428
1191861.2606051527
1239064.0515319272
1288135.8288131393
1306879.8156416863
1339894.2749960897
1334875.026265224
1258518.0628825054
1277068.7928614188
1329388.0914832822
1241360.1428767315
1105968.0671851148
1029489.5329734845
1157036.2226502944
1120059.1822803942
1162143.1934463633
1334498.7526130101
1370946.493575103
1478253.2487467101
1550759.5983073714
1783345.2797108754
1698350.8201575815
1865624.2645226964
2051470.0523871002
2052698.4490469943
2084683.8042717944
1947800.80098989
1802303.8811400232
1746311.4674536474
1924427.0330277625
1981361.0821477128
1702005.6006185743
1885016.1307606397
1954610.003248348
1886515.8265412534
1963976.0965732993
1903080.4023508853
1902204.6649169673
2250291.064648015
2150015.8834301415
2054788.9517965277
2011885.3988200617
2129895.449116352
1956491.5050435953
1861840.683072687
2052399.0602422545
2120554.1177730123
2314946.1553865857
1991463.431540329
1833265.5570765303
1498309.7750600283
1468617.91814284
1263274.989531577
1263971.8479141095
1276440.7001077516
1347515.0135688118
1508040.0322643097
1377426.9237197465
1366899.203298842
1342352.6921838769
1521744.0704682844
1641044.902040793
1773257.9507966305
1638366.4669008162
1680556.8336089305
1731941.8752045797
1879570.6736546296
1583965.037037484
1568741.0283681033
1519915.3829071026
1427397.9022402004
1484480.5383965848
1519566.5929277558
1571578.9456547068
1608650.8510286387
1731084.0017633382
1555035.9700640952
1585022.9467510595
1403867.975322222
1386467.3117411481
1400341.0865216167
1443811.6642419477
1489662.6326905522
1544227.9402319363
1137388.8
1061078.1862504517
1141184.6013396818
1080478.4549054597
1154153.4502911272
1258650.0172709231
1402212.49867615
1452386.0876801766
1502375.4649357032
1691931.29386345
1641211.4215467148
1612564.6773401962
1788550.586281589
1677305.367665873
1655641.4099839844
1832939.1888995809
1705730.575124846
1636790.249974587
1724340.48724633
1728677.3940347172
1622753.7658959653
1322021.6742179373
1197745.6470657361
1095966.4864352283
1028281.4658939084
1094547.1842819538
1122716.4491613372
1059596.3371286357
993205.1720073816
1012366.6647284798
1039447.0671517885
1012217.6868222205
964383.6939677554
957558.2395268349
1048664.4815907578
1062677.871721893
1064140.6353059476
1091545.6166936755
1064119.5651654273
1094526.5736220551
1006124.404339409
939196.1696806188
1024937.574659551
1069797.4165509273
1071085.0460826633
1164662.6964040746
992784.6499201542
949390.5177265583
919336.2276530075
927091.4732731446
848399.9426154067
846577.1082608412
760379.3336323452
741111.1842875254
734922.8888621517
723358.7670903353
779671.7684909324
805926.9695366151
820422.2848150826
837590.9162280627
800487.3071443425
865557.5763567553
879873.6481782192
811688.7540713737
875103.4199374187
961941.7823846848
988218.7092912919
994949.6690952779
932354.7365405033
920829.8281043222
975664.9215541956
910467.7636665486
964372.8365567699
939634.7351233723
1022587.8927859045
1085145.8945385588
966373.8989448033
947463.9340190851
982567.9559359674
1005166.173684853
988643.1966093186
907062.0916395573
899018.523574559
922062.5121721163
1100014.4092582236
1137989.5153412404
1301047.1267849016
1153214.2309414162
1222447.6805425729
1176221.933010885
1167335.8666325402
1165190.9594321386
1044933.0050838599
1061402.6314439173
1116745.3635151393
1142759.7689996029
1251624.6790610112
1252328.3202114187
1409132.123740628
1396236.104951567
1454676.756555223
1449380.7483294252
1359995.0918540535
1424608.7307431335
1477366.8125995009
1620153.7218539305
1553610.6130338083
1629732.4877882362
1663649.821569218
1605117.6731842654
1517636.6074484126
