1137388.8
1023545.664063878
1073736.444083461
1185673.8147493142
1096935.9988218595
1171918.8428195037
1236769.9442604051
1321508.2109656574
1398099.424043393
1511652.928923579
1555654.391509748
1433877.645656813
1568193.9985097628
1618517.234429293
1699952.7677802853
1967932.3480380927
1942163.9851981266
2117490.162890414
2023124.6541825717
1964516.348419986
1899336.5551273627
1930904.620534239
1696201.520715796
1608616.1176132448
1649342.1852423039
1566645.203131084
1584084.9010735252
1687057.306846313
1753613.4364764483
1572041.6960100273
1581469.907283774
1587549.9591973682
1636154.6940835454
1992260.7960494969
2316446.3651562207
2356511.1268492457
2241342.3340921984
2177964.357102255
2303507.6374824992
2269032.1752705676
2467928.724188876
2457634.957001175
2693734.890341083
2457696.610099056
2784155.274333796
2731436.9983135243
2581286.121980852
2214291.416554655
2200291.3887003246
2394946.587135405
2202109.63154859
2389373.0939033274
2187977.4956491897
2058130.8239894726
1937057.085876749
1998030.4132077913
1988525.9557802835
2173973.1785984817
2179489.549408566
2208611.682802589
2068414.8185920638
1883346.414113965
1769074.478568629
1627885.7785364178
1476630.4385488254
1485937.0926187085
1828897.0738777714
1820327.4761256059
1808646.8750643006
1777116.4623521687
1684386.3116058283
1777417.1283414802
1664838.9300562295
1755249.5894191489
1788889.8276912384
1809230.303176604
1881665.5908288874
1873325.0361386717
1752094.1117472434
1610971.7758348302
1717839.4271713092
1684373.3091752746
1856361.8021561278
1713744.8227768305
1737104.7501435461
1755344.582181647
1961414.6139399933
1950624.3198521566
1921872.732816014
1774783.0650272847
1956244.7436467395
1834591.7907505769
1859393.2598131683
1853682.8262246207
1801179.5006930868
1666014.8553801985
1637618.5403147463
1884664.521506556
1720413.393974727
1551658.993155282
1769307.7246744465
1744557.347650483
1742327.900431106
1576853.7926040902
1437786.2705170105
1481312.9519955805
1376475.99185748
1293387.5926211865
1398230.0319828102
1448029.2660632508
1452811.3836120719
1137388.8
1162922.614926639
1121183.608320936
1049735.2023896074
1031130.1520255898
988692.7109709112
928574.485758396
817355.4787901992
779789.5275638222
770048.13578982
839085.252100941
809385.3007022097
776877.4412567291
751862.3321201496
761547.6803721301
685467.3219986913
721437.9359552088
627427.8981341518
652109.7256777129
616899.1113919212
626015.2826516561
626543.7917230334
704457.1255507439
631741.5780389021
619364.7155173147
558345.3767406231
542198.385465019
575055.6495208537
487453.023856445
477524.2909377572
500540.5806763548
505764.6563891833
498023.30279229046
524189.9534644784
510944.5137293152
493313.4851704682
451898.2052813098
491931.0431080194
517020.91156568396
520720.96416238946
484183.6087347234
489636.11546577857
463776.0348783791
395083.2876618339
374354.48233504506
326064.03776244214
363316.9414430997
372405.50514307956
441203.4246743521
497240.4430673471
464390.7141897497
470840.39130294597
419411.2922694467
360686.0594139904
328910.1403890929
335300.1154150489
303712.64633100585
281251.4499597223
247785.81464050247
216490.70837403135
233041.26529389748
228183.17778998436
215280.1116780765
186312.75753700858
183110.95190616624
199600.01370065764
228700.73336034533
229137.045188702
218576.86453781585
243694.9045260753
227882.40503044488
249287.99657297347
247575.45280066098
219867.18773420743
213789.2575753821
219628.3048711123
233352.90432645776
230676.93534362086
231026.21937473977
248445.5110212625
252211.5193735181
252108.92776078568
248131.3008991122
247996.64899075154
217762.31326203278
196491.51169676235
195073.44261567248
182546.24391097543
175228.56853879173
169099.19057619572
160021.6881082369
160623.69829146925
166080.6416102782
147761.17747816638
167826.4466456834
159440.97908693
171000.066058377
177713.14014385128
178934.14829745312
144961.16881362215
135840.36895984822
125108.44714126606
142005.49222521056
135511.55725100872
151225.98200321107
147438.91242984915
155736.11683895727
166238.82538781816
159046.65107568173
168174.19635161018
161670.63214652965
