1137388.8
1093662.631458975
1120470.543664161
1125767.97575688
1125067.7274066135
1086815.864597871
1049164.3729656485
1272247.7254541942
1292688.2832715325
1254791.3170615456
1240671.3466653905
1221994.3475236453
1283244.857184404
1256449.658348706
1101482.6278193446
1112343.7462106042
1057024.786576334
1010122.8450773017
1010768.9146689612
975009.3262855822
1010554.9420769138
1033440.7217832479
1044392.4756497187
1061748.6690748644
1024789.217337463
1046278.877331813
1151347.510730411
1080801.173403837
977417.9197867499
1054376.1879559248
1148443.056707721
1222836.7710713674
1048272.2660871798
947963.6642551307
922212.6901964087
912722.8629065463
881655.5810482895
840656.7816974998
832592.9024262419
869117.6853487028
891227.182335728
867869.3830830815
838974.5215661044
826419.8644425799
785091.4453701378
866935.4540909277
890206.3164521425
918773.0922544698
959279.5855506982
907329.6183264266
946800.7646056736
1014684.6583698747
1031183.3068731742
1036384.918836153
1043687.9744817503
975490.9156040979
1008600.3977743186
996116.0593156114
1201427.1315045385
1006743.099157393
868993.6508927596
808097.3149657976
766017.8670382943
742046.9877216212
779169.9464775689
788745.690540469
724064.1952964829
727893.3747271881
733301.0103626507
659061.6384093305
689677.6550505323
684430.8141212953
651610.4687922376
583605.8729555404
539315.6110592238
496546.82630890165
464830.000943469
454010.2175736576
454808.3397419549
512847.582422958
495166.87827955483
486712.3989606196
496247.32778278034
495275.80455083714
524194.59489350417
514040.3522017043
514382.86808302323
511410.41710632364
490837.0788792808
472597.9314650289
459046.1766704512
415105.3934923977
349753.01172147924
411869.8467184997
399142.22260689316
357448.60272088513
323973.68578856555
322112.33681898366
408964.5368597826
440995.5702112497
481808.18600395
529682.0707057079
512002.3467864417
531959.6163822477
566000.8938333651
592568.2853217033
607230.9551398951
641667.4418046548
575315.7647564916
578262.0502726064
599560.4853258963
1137388.8
1102470.0881333686
1013971.4040557859
1017357.388410778
977546.1873279351
994704.4288641851
1025025.8879537883
912895.4768712147
966832.6188435745
899952.7165552852
860874.946458983
752606.5005175036
817920.0684573563
820778.3965133432
773843.9649960919
761291.1512318526
726803.0750465138
767508.6423856237
963735.4792386018
992485.9734435731
896056.6997290017
961854.2895124387
1030698.6575272514
1081117.8813673824
1070058.6335552305
1039977.9753474717
1026586.726171709
1074504.196882603
1113055.948331004
1169400.4287374709
1285076.5050778482
1324710.9781347294
1535964.88365544
1601841.1130797635
1440139.8047663788
1332424.541792571
1222200.3060785267
1298855.0456591651
1598742.1603324027
1681376.3538422864
1693453.6658501816
1596788.202558008
1510948.7925983344
1593998.7633993668
1748344.084607645
1896888.0749356037
1956768.4878006321
1901743.1494977064
2016657.4375274372
2120014.3195769126
2072311.8429786675
1843221.4620770926
1624263.536011394
1669101.286358873
1686276.3314835818
1807942.338154356
1575698.4194790686
1656966.1655129262
1603365.3573992183
1517588.1641999516
1719432.3870066514
1933170.5993629247
1941400.5148683498
1643440.0042323591
1635465.3128993486
1780321.8337379948
1632187.8076583752
1601386.40044546
1545301.7900544375
1490334.1671004004
1642806.2635408852
1768737.5340641558
1757866.0679295459
1700213.7363250467
1711976.9158046395
1791170.7624848322
1868765.3501693464
1889377.7717201002
1859329.8723946281
1493527.061451022
1368258.5918590606
1184399.168928662
1244702.6724419447
1227902.3525601863
1139957.2008233997
1074516.4823266913
1050049.0689135052
1025813.5424977022
993191.0928064093
975837.9548798602
830297.8215826784
1113372.5685496642
1104691.7794039086
1191497.6619871103
1102451.6116447577
1026473.5747531968
967350.1064837205
934381.9997275281
1075138.1141983988
992336.0311946417
982028.4600406617
992003.6741716014
1049827.4837155626
1102332.5672790708
1087121.6209230274
1107059.3737004409
1064846.20263961
988938.2240554268
956791.2321101059
1018546.3215386074
1005462.6188301449
