1137388.8
1050435.9842673382
1008313.6582910577
906380.3469505768
954907.2336562779
1072483.6254039197
1147807.2767801962
1095426.5476347094
1046845.6124972103
1004158.2715750908
1018757.2928518114
1084501.7410544693
905062.1431941389
890342.8796212395
937207.8949870187
878947.5315858372
927252.6618002309
891694.915396473
908921.3333372422
995680.9366509297
918883.4554620376
1009756.0370212364
1055916.8289756891
1165226.4975782305
1244953.4238242786
1247821.2422629818
1205541.461026715
1200431.8416039518
1170114.4699779253
1295373.7969435425
1395660.2962807834
1502474.2264126847
1654769.1296323335
1570421.6774351941
1577626.7228496906
1515794.6269824507
1441942.1133593712
1585262.297572096
1605204.3938585855
1600675.4145029958
1525360.0503453976
1768402.352890349
1657693.3492389843
1710126.5344381218
1598467.9682489934
1522726.5106872772
1507211.903572586
1567874.0558077833
1672082.7263437773
1713498.8642446632
1667069.626496863
1742125.6237828343
1793586.7905788142
1963270.8181489147
2213813.2517759833
2241207.1164395506
2162218.6982403747
2205266.4914571266
2431312.0979989823
2411797.966332887
2481190.343104308
2675005.3776904233
2658698.454926622
2655829.3818598464
2822759.6127975048
2680820.7058138214
2746078.401316764
2870673.857849829
2865805.7785756593
2759663.0733107845
2935245.3654936836
2928624.2085896255
2767353.329488952
2820580.7480469323
2454912.3727801945
2295349.0968451425
2468399.368258315
2387388.022690952
2781770.9114819826
2395065.721065509
2215380.9114717036
2241881.977016053
2139375.853922302
2038083.5018812525
2045052.0058744778
1997496.5367748218
2214610.974401854
2147583.751118209
2009723.5015944254
2149063.2446343503
2507719.0389409023
3035029.881898288
3030142.0531153693
3124717.403039829
3475960.2710347762
3952315.3097996535
4262675.261232744
4184541.468793824
4598695.005098124
4294707.29515164
4283873.046873864
4127939.549141846
3915566.194154422
3655102.2993765045
3787648.4093319024
3889086.2068090686
3840316.9360848335
3839245.8366159485
3711339.6277829213
3712677.5906460807
3177302.4900340983
1137388.8
1269966.5386983692
1054908.4527618545
1137396.172790673
1271971.0748383673
1290461.5185350676
1157915.4625712447
1084033.1001664146
966520.5694062763
1067176.1269459792
991174.9027807201
1046677.5365848931
1010394.5147076303
1039157.8169050558
1051338.0866482456
1042701.5708367343
1117758.2863388362
1103764.524651197
1112674.6751909251
1147229.7950489598
1009189.965819356
1002513.848541347
998097.830743554
1115606.3222840836
1149725.7298346164
1031465.9746675303
1194317.613654472
1269574.437510067
1330977.2009529013
1237474.2299769225
1280750.7333337422
1246593.1019756875
1256052.4144683406
1080808.7780962954
952509.5634357113
1049570.2610985145
1012626.2121621761
1037187.8358245824
1079672.3493526557
1059661.8558516044
1052262.2315902207
1076408.1109695851
1063785.337321616
1154905.3445273389
1275433.8978000744
1223969.8537797309
1150551.6360045073
1122440.5476293268
1197757.628817803
1012674.1107024809
1025221.5574380518
1022533.2205177363
1023548.0979616896
962073.6703109242
992613.6599821269
1045400.6190436785
1071769.2021798678
1089370.900633437
1074682.0101160067
1112752.324076809
931155.4439288073
875761.4200963125
918456.7407734887
935331.266648054
964776.8544652028
970061.4131314504
923122.5327668266
866329.818899076
911166.0271155523
982271.4801560623
1042632.694248314
1044170.0362065015
1128523.5572720552
1023043.887235677
938300.4461374112
923750.7242568277
939795.4373148351
971148.0710319071
872862.8109052341
803138.3519785032
796284.6149206202
736382.0385302647
758501.1523229989
732231.6242357919
717998.5919893982
744484.6189471354
726864.163431703
789035.740760582
714766.0635070944
674422.6674866106
650853.8082166772
600367.2258444155
624031.7404620998
644509.2417476352
713063.8545147725
703556.1449878725
641371.6158084004
624502.9453044436
626522.8260435299
621183.7991575336
648627.6812990707
647271.3801418343
654421.6112196784
662471.5234552259
617090.6877586421
649764.4605987822
658154.0661030711
689895.131677465
622419.101492626
598199.622945398
662835.8535963402
