1137388.8
1131928.85047042
1208193.4802947298
1186612.4158750526
1176730.55925428
1117809.3052903125
1154497.2728982565
1019225.2232215725
1119838.090559943
1217247.842437117
1114781.4850187134
1136436.33988481
1219137.6602787636
1146598.0024455914
1099974.6759231086
1000299.965791384
1007097.5397379261
907223.3922163958
900657.944689057
800641.3794532592
850171.5670782349
866301.6926720982
849950.0019190719
832029.145271356
881109.5475021038
862050.434467762
808006.5613709051
875148.3122059238
786791.7194778223
705158.3754093362
634933.6317691151
667136.9925481378
598233.7321590362
536383.6612934526
627566.5199658189
660760.1989851774
614977.3797900926
574220.68684025
672538.9130922011
603301.9175905795
574061.6535517827
546373.333341539
582598.9978252568
568787.2008324969
552595.502548725
578654.761059913
663175.7267964274
556537.7528928301
606347.8885828285
736759.9184706905
648798.7105037841
650953.6293839958
627164.1204587807
565315.5561094618
550020.6227958543
537068.8820218054
487198.4877620569
550765.1494783
575456.5714122097
522098.6981058644
515861.2493607141
468604.4238867626
486738.19534420746
516791.3827122279
534308.4360035319
485948.4083976235
394580.63031401875
414525.99624736654
379470.6440732197
373922.4623941485
364346.16491167375
380872.1463469977
366973.05723005073
356076.8139615421
366809.62217738817
362867.9545474894
388317.472076298
386112.1836461806
445516.6213766725
477534.3171217584
383289.1136020482
422418.5162587079
443382.76708239625
426124.1583066271
437952.4664642807
451081.4413065183
390709.7380421951
425456.11138260557
390143.57724982227
386398.28281380044
395310.5486564898
496615.676526864
511703.69107878517
550022.630578152
573325.2840466601
566177.8734905403
555451.2613539232
527531.6949119349
431180.109512709
399708.3554512942
391141.3636921552
382723.11806632165
406371.7056669111
430292.920708753
439014.2910587459
448165.8456592709
477368.2112177166
539351.2664391883
491174.33198648336
482439.5652415222
381612.47819340025
1137388.8
1230677.4511627476
1278810.9749251106
1301760.9094194125
1482968.4327353213
1311370.8951095412
1469978.6942902217
1407988.3642144436
1381778.8221166532
1413680.6821353047
1447726.721000198
1381711.2467294545
1351274.013342252
1309058.9011455348
1381722.485135822
1424738.376023847
1554839.8369961863
1672316.457080262
1648492.9172161093
1683926.9741207985
1837147.3671189172
1635362.5656221062
1579578.9883560936
1754477.6192066022
1823521.0324729292
1847580.8641492096
1751624.110026938
1750405.3125431011
1623960.5488810528
1492966.983030011
1416501.2006886061
1380621.4032054762
1381896.006301161
1458065.5855822356
1342977.4027016808
1229300.4131151927
1075412.0212909845
1038147.9945804643
1231454.7198038804
1419278.0637943274
1510074.406297117
1500070.8426226336
1429896.4870054196
1366833.7288804923
1360110.049049492
1442085.0973436297
1431611.207405046
1420216.0251854993
1423132.8762940855
1454824.998118693
1442248.259142816
1428888.6892642132
1488109.77445697
1382936.0224629226
1412639.6776993943
1392887.0999574277
1527311.735400544
1404549.043604685
1222597.7619857045
1124276.7107870502
1102014.2118801696
1071564.1492237104
1138981.5743060908
1234481.980113321
1265428.8368759726
1426037.1682400983
1417956.8224699185
1329949.2389676927
1382353.67803739
1540981.8407468442
1573713.0033283893
1568700.6298497661
1451586.2196291354
1382652.6431713444
1326810.5127844568
1255772.6857178921
1416229.6502358017
1438996.2477662575
1214034.3712601778
1254264.9718353422
1206382.8385328618
1468826.5269931483
1396446.2751853287
1434154.8728106662
1398771.2814444564
1256097.588605009
1142423.1112326356
1132119.0801989485
1396566.4495733043
1372062.3738955122
1372037.551935754
1258968.4405065903
1299220.3531377907
1395800.9899130722
1483923.184740673
1498972.9891812396
1498038.298023942
1591916.7868098381
1632937.308287941
1541721.2731497316
1433216.0490486373
1534613.3074662567
1523399.2592930528
1530715.6476766865
1468424.5346134847
1468593.3339801067
1437190.4982483427
1368623.8819966058
1461597.1027935662
1460716.9640973685
1527089.9435305654
