1137388.8
1029979.8275143836
1039728.8686484074
1015306.7152222585
944933.3602824053
896985.0099521634
1036802.464729106
1089364.5872319143
1041174.5156680183
1259021.1755198918
1313895.6468925315
1269114.360515706
1156418.9883436614
1270737.2286742148
1419048.7601475012
1344913.1836878466
1350537.0090058616
1373318.601373057
1460840.8811160747
1482471.0725578975
1530712.0590292448
1644605.3080752732
1685139.840505969
1791775.5430644327
1788680.825537523
1645702.3348422
1598080.650642192
1851705.2739113097
1995654.6199080136
1955916.272972286
1874776.089276775
1748877.9035550046
1841723.284397842
1881598.4277367964
1724797.4394294561
2037358.0983816797
2161516.819527812
2189212.5239355327
2238616.8225175096
2099137.258824294
2090292.064574914
2117099.537247797
1962422.1889759032
1927957.065345322
1930374.2902814145
1945937.2568506005
1973496.3936146265
2061491.7374363746
2075847.6924014364
2261973.5719546517
2262703.258001861
2125419.9940428445
2135634.4755223654
2235786.258247042
2351952.431591613
2332513.5195477684
2398623.3589132037
2366194.134954904
2383923.579937065
2508833.9587541274
2438327.989542829
2346987.578995646
2199821.8785917233
2129294.819846948
2147489.0042479425
2236967.3473732485
2336410.7670664694
2505560.8449725257
2585871.6024518386
2867636.4937558
2972726.0329077314
2848655.5204044064
2814693.181623352
2841154.6174150617
2802100.1549787084
2775651.7823231397
2905259.201406606
3132897.8949829387
3538868.5491988705
3726576.5083685047
3381368.8191922656
3235159.267536135
3401244.5782675287
3437743.1179855424
3284996.8596166796
3146523.4194058175
3021164.8235001653
3053822.8642206495
3095620.754528654
3181360.771917119
2845960.8964799824
2705049.624424057
2678470.481509093
2558147.026814481
2340806.1759489514
2139847.222711785
2242771.4659946803
2212945.778726802
2209251.841237458
2004085.0221505591
2084538.7006274113
1942868.8179601007
2105166.9525427627
2179639.4607791137
2179655.459921858
2096543.8149543446
1991244.6292344425
1886657.6015302606
1782554.3563142617
1635389.0414823112
1693364.1739148563
1137388.8
1043134.4733735595
1021403.148348335
930363.0711063963
961747.8726225054
850243.5441568957
764566.750002584
703442.946767395
732749.645422043
804633.2361945
852457.0591934721
880753.8369125426
904269.7028131391
883513.1398300191
911607.9730972492
882987.4692211298
865160.653838872
766669.6255536211
734291.5052571328
640808.4138729773
596014.3116013568
603248.316140551
549589.775904097
502860.85866164643
525903.9106220137
515626.6352886458
492472.7653098547
487113.6201283777
552735.8380901475
599983.9556736214
597547.8686158751
647456.0259669804
589995.0526378236
668243.2891784824
662134.0131693861
647915.8877275403
641616.8661861029
704852.070544635
738239.8511508189
757820.5966141261
769749.7447821595
857836.8735628314
800554.7396729081
740717.7009025582
782898.6587426096
734875.4858391712
747401.3922095584
767317.2299192713
700247.7092081744
718554.3685001116
716030.0168696195
747929.9744121527
811524.8427418191
935277.6662897829
1001390.8487507915
1015486.4337819433
984863.9896757432
1007283.7185055073
1055655.2527474675
944804.8318353405
1041721.3557526459
1264510.8336993475
1287840.0869585166
1332391.44569674
1210632.273480259
1314478.6078189674
1266220.2244175414
1448489.05669426
1572942.0301227074
1576609.3444035423
1720840.3340982003
1615855.2772359608
1982903.3175875256
2175284.310849624
2011913.292216368
2127938.0375133515
1805585.538156491
1889941.3454269175
1810246.4230664438
1935966.574091085
2106664.892519625
2269118.646547161
2426423.465909668
2720879.2248626547
2584169.9984666095
2675285.2362736235
2210410.67072063
2100573.9630865627
2088359.6627936282
1969629.0984245713
2170360.752296576
2312053.880590509
2328653.3720955784
2025644.712562896
1847011.9321421788
1698570.7071121263
1568460.8569508821
1662295.8993133449
1844988.662323503
1757587.0165719327
1636507.069422225
1692529.627119535
1633373.6984273046
1506286.078371279
1582763.868306716
1577901.7628514222
1424164.138796236
1461262.3362645502
1542927.9004833295
1526017.4708286144
1437169.0276582518
