1137388.8
1205737.5939665402
1207839.7868550566
1230452.9168018524
1295324.0203529696
1251833.4177209544
1359493.0407076022
1244589.7008262717
1246589.63930599
1341129.3681883034
1198727.7748080653
1072002.2237080638
1028808.7284291117
1020028.9153851046
1110824.7947218064
1203569.9330966123
1231583.478772844
1165726.908364249
1242292.5848302697
1365309.8946234405
1331556.9712873271
1319920.3613975078
1245736.2489642834
1237672.6626917648
1067786.1167483686
1037746.1845785477
981990.0588560686
1146564.4323915245
1110988.6078333152
986803.8989060357
1043384.3010268115
1070691.8937354316
1042080.4359088334
980597.2287453043
1013735.8527323194
1068791.1901951793
1100155.4512738967
1069694.5169541035
928894.4865663202
954367.4752376776
966425.924443365
921888.0885290429
955960.9498791235
1023330.1013890419
1070867.7496788204
1279635.4994381666
1263992.3240003993
1207577.1034217654
1250809.7948948462
1198105.6671083367
1206062.5168992856
1228877.6951361722
1162923.6263755348
1102313.9568042639
1010610.223624986
1046255.3936317662
1054289.4520531918
1144010.1246224311
1112483.5749459364
1074672.0460073673
1055560.2274243766
1024685.7878201457
939237.807356361
975440.2363844992
932196.0625428237
830884.24936062
933112.5988418389
847420.8055688853
805061.9660162342
869943.2887706434
853740.1155185451
932391.201411792
971249.9833182207
1006207.0544972919
1168377.350382136
1109533.8335003625
983890.8828404805
918184.6759449716
906742.7118268996
949662.8954450377
1169191.3815489651
946528.9999524411
927738.0810477667
927681.0928994197
911194.0008004161
769240.3748180454
758520.4141591055
764749.0140796748
759564.9846788851
747906.4932742452
695442.6432355426
745909.9253626817
748121.2381150681
823689.8722878959
891657.0982126116
1028405.5418017805
733951.5635326653
780127.3258072031
797380.8092457384
832199.6010769542
930173.136400679
1105728.4091215609
1121649.3156327156
1091920.621607704
1013739.1213707358
998159.2430092538
1050635.8998294526
899966.0491754398
788637.2206831559
784757.2309342931
792163.5420057463
1137388.8
1059022.6067363329
982110.440667628
1055633.4962825775
1127337.8405148734
1260341.3518572843
1194747.539650664
1083710.5119862673
1079733.331023686
1111810.9257099456
1165111.6106488756
1164241.356179689
1167816.9515845636
1183787.6393241535
1240435.164711792
1222785.23478074
1139363.9992621168
1061068.5834553614
972212.3352530815
1024111.8168024701
837475.9523758701
905933.7393918907
869098.3186133179
873928.8853660972
921583.2651396133
1017676.2670160487
1054192.7516513313
1092655.116838248
1031645.4620347485
1009680.2948884462
1007320.3408094307
854488.3578874078
786607.5981525186
734334.177962894
741197.6828474138
777617.0105952343
806535.5234945163
773811.6579256686
765638.1897579551
887051.5827115361
979201.5551043333
961660.2509899605
1044446.9310823109
1063952.9858031848
1105736.6384245711
1198923.998741718
1054184.6480812214
1126058.1349856367
1134808.793726639
1388491.2097394257
1440444.7276680658
1465599.1595904077
1467682.2260363086
1477350.2490996632
1329114.3104317326
1166528.5446517381
1173402.3220697162
1006680.3894415469
1062342.4121182305
1349960.9692163912
1386954.5923680111
1466918.5549207754
1438784.9316733708
1387355.9712582438
1479265.3341177518
1536474.1888642749
1513037.8494410843
1581300.7782257851
1516580.993232201
1484523.321872512
1640417.0900105124
1600795.2296104517
1752300.343712692
1823685.0006372067
1878861.9873159206
2191910.5049630282
2372112.1094173184
2363214.6028040126
2408698.242229173
2439829.9820754053
2442003.316176744
2408586.826078837
2475146.520752709
2465458.1299849176
2562242.814276015
2570457.2128191045
2437274.20825007
2517400.0965144606
2644323.153799898
2427958.794348716
2394052.064004235
2477699.2747522723
2370164.6349814213
2310010.5256029484
2225579.856857151
2292347.7671534144
2357426.0005755867
2085744.2987930658
1993635.1383076697
1837249.9055333864
1905182.2268111836
1839994.6123320893
1894786.0880852514
2049105.0687162555
1910391.4765441085
1748288.083313582
1884600.534190387
1815328.570711538
2181614.101829812
2116980.4528719704
2315602.225701193
