1137388.8
1081954.5226749808
1154153.2530991393
1280180.845426499
1306827.6509949572
1260695.893277794
1323911.3144575343
1431172.322838861
1478726.711225015
1525119.0159291853
1328862.4357849078
1169802.091119652
1042217.0847288828
1137203.9375462066
1183180.1479315322
1147812.7335280888
1277233.0052551206
1276367.6940774368
1388398.4010330439
1469249.2156014782
1515780.777370022
1509800.8502052221
1565267.2814650207
1543958.453955042
1518431.7248519063
1620792.1802421107
1690478.7344772292
1770798.2748546884
1642633.0474252412
1541221.3631694221
1564410.9932439555
1630742.759917753
1599316.114582396
1825361.8541261535
1685551.3618255446
1498519.5552111405
1543644.8512896986
1811953.7702624851
1948670.2720549677
2078369.2391910267
2114299.115775863
2267082.1957214433
2195136.7625963558
1942833.8029281734
2028294.728605747
2121755.1312580374
2219467.0151694077
2337241.0114437016
2084202.9817584762
2188815.345134917
2128821.609382486
2086636.392625543
1840620.3433243579
1827797.448534954
1834450.9788055078
1693154.1531003169
1685728.7344854395
1665525.5112016608
1700456.6989071644
1626603.3686900374
1691625.920345965
1624079.2833016042
1834173.5960459474
1963978.73053734
1917050.8917358404
2027279.1368144858
2031939.126930922
1967596.6740910183
1845194.180634836
1706659.236288742
1591282.9598483124
1487439.2282794567
1462097.945062752
1529907.406744525
1499584.96046956
1668300.179657817
1595082.8266576885
1542837.9160412308
1478252.3485553677
1573014.5660062323
1573093.06667369
1389779.252504153
1567531.1160132806
1573073.164252754
1549369.1636309212
1580022.9740477018
1635213.68263408
1705132.692859157
1874812.275429108
2142312.074366268
2042806.6031520343
1858397.145846449
1962668.3561746655
2114275.2536473763
1971156.0986821468
1920768.5460099862
1777016.0862437512
1768140.627047671
1599452.4487804056
1866505.8990916037
1832406.0247678398
2015664.035368468
1991323.8250518742
1989254.6844998924
1786031.0674651382
1830370.7656686543
1985230.071678498
1949575.4309572622
1977618.3725224945
1813302.5006208424
2005641.586429681
1137388.8
1051758.0546762953
1100503.3690361716
1087003.7130932151
1064212.1943595933
1071559.4380578536
1017177.4216060195
1088118.9676977678
1221439.8592834447
1222424.3100807236
1212631.4001779838
1253760.032245096
1229158.392714831
1197442.5387706892
1297929.9293726948
1359683.9152470916
1485761.9450875118
1539755.5992849502
1415929.1401600486
1596992.876553172
1603515.7130850959
1574204.551594011
1661690.2585627832
1692738.4455533354
1696681.5804692293
1589321.7526237108
1717559.1004757716
1701970.1275165204
1683483.1056219393
1762583.2714828902
1811185.261981503
1674328.7517185793
1838663.7821200704
1821116.7468631733
1532963.4901612196
1618829.5459167168
1456772.7113106465
1521282.6699052358
1357186.3725243341
1545061.8561911208
1693782.0357066612
1594822.2001839697
1745796.3382771467
1930271.3921637717
1726824.2137542332
2098545.872718927
2250259.967177427
2410158.242480887
2299292.1158596906
2347132.076356982
2550921.2178015523
2899669.098395124
3180082.2342339237
3141775.1757742236
3257584.709586956
3269599.298947909
3553880.7217867416
3588956.3215751126
3906812.228966629
4177555.8982065646
4229337.265782562
4374944.0834160885
4753108.800270795
4518372.932424933
4486691.369621662
4579523.394841878
4791226.001959344
4990749.182716684
5183507.059157336
4965580.223219442
4499976.324034443
4287588.747310437
3802677.860579384
3912990.096953564
3883951.660948409
4078268.961606461
3814348.615267192
3907318.360859883
3858600.898192126
3793870.998739554
3735444.676282281
3747048.585754863
3607401.5446065767
3411767.85144497
3083618.633411024
2696653.328298685
2599239.870758861
2397337.0959624667
2572881.5893418007
2424826.486213818
2459586.462163895
2416141.4398961444
2452522.3256997433
2578006.5946902223
2707091.100045052
2567217.660172956
2733760.513977789
3018949.2283462062
2967190.0270241536
2804739.2947492646
2878639.3696032013
3107784.6719982545
3407616.515259047
3257452.1950056776
3244795.4894855465
3327065.045107496
3266548.6857819543
4100076.220438324
3936863.060714422
3830346.829729866
3687617.9342838307
