1137388.8
1151425.5177183459
1098205.1698896922
1139665.032554608
1218550.5773167291
1277281.793325186
1112268.1431183582
1124293.8579809938
1130836.7986261446
1081289.251573239
1059117.5497780924
1148284.479163794
1173126.4694125091
1228733.5720120168
1073846.467607848
933717.3036663879
890681.2053291943
820042.2125255935
799838.1039589691
886819.8059092122
862809.6464464309
819730.5321939829
841077.1071905233
855802.6441354859
833217.6569116692
868607.0849331501
838879.547225865
644284.2014709556
693641.0472491513
672146.3038516269
662345.4264989448
714358.0756943715
695231.3861826211
629656.5871082569
680376.5679403159
716155.9698852891
660614.7522308344
668792.6889156266
604991.1685428716
653985.3988470664
546247.3220611617
583322.5633331081
536075.7946058994
550119.0699428236
558680.6058084506
600910.2050328925
728415.5185958361
720147.1414526325
733453.6750456564
753270.1137925469
730773.3502078127
809567.7714165268
938596.4866019366
888973.0961839329
875592.1680221043
914610.816348357
997741.6396937605
1255582.0175020082
1293200.8371741578
1150699.674110004
1044590.6735753395
1104812.1376755543
1016940.44372566
986860.2345733742
992331.2621309471
921888.0286397152
934527.6016086984
982744.125513306
987790.1037554741
992605.0110121956
938642.5110275286
995424.6823818979
976073.3833745052
996664.8612698189
901461.0210460424
986783.9000061904
1023660.7677919266
1055052.0789427182
1058032.9423176653
1050384.1702609651
1117597.7751860279
1088954.5049057193
1164232.2085310554
1207966.958727262
1258765.1930117973
1354277.2551597701
1262287.631772556
1248505.280342024
1188564.8793912772
1216677.2351903212
1079997.2589249166
1082412.5682517262
1132754.998856508
1095975.37390333
1073253.3441591721
1147227.1179413407
1039504.7486731999
1127455.0092152106
1252138.753003713
1099082.441618877
937604.072531785
990008.5357752955
1133525.5023874242
1043627.6539712537
929560.3562531051
858967.929980593
706385.4376075962
734018.2462847949
695765.426233071
628293.280419311
624712.479364139
1137388.8
1155269.3349655734
1245237.188721924
1290714.882585822
1334193.2952137843
1406976.7435850592
1433976.195285558
1727883.7776611994
1800788.2382708902
1731716.3699726334
1664457.2111650694
1599704.043429653
1629011.5889145716
1557948.9972511786
1436389.5739743602
1491118.5732549895
1347238.266880647
1499838.9265715198
1451415.592343594
1713278.988158554
1533056.351433319
1474516.8608346751
1519381.2983131707
1436558.5550941427
1345600.1088140167
1202301.3900798743
1175991.4191850144
1005016.699021661
953957.3175282809
1059721.7457922942
1064984.1189708456
1237276.2773187114
1253720.6374702821
1279552.0361541552
1268461.4143952904
1297777.2242541355
1308153.4252571457
1293683.237405688
1338744.9877907655
1377684.121816121
1549348.7090885986
1640058.3628451547
1600140.435009072
1534274.7831566238
1578412.0075747895
1522692.044986456
1503137.0389891004
1568143.5574659603
1642978.4949623013
1729794.4636702011
1711252.2336685243
1612519.2044566798
1510822.3092728064
1486672.237226591
1388254.4194443873
1454931.3301202678
1283021.831151462
1374866.732450716
1375660.8035221174
1408046.91381213
1294232.4154590238
1303311.213868837
1334374.8540400253
1246999.7152286507
1258654.3764727616
1097915.4151534608
1296572.3907774189
1181964.9496972004
1229193.3159451913
1112398.8204835027
1027751.686152416
1010096.414329773
993447.7860910556
966433.8173051623
900990.6953822755
842091.3943899127
728759.2838565238
744030.204343436
736566.9046654633
731382.4173816115
631167.4137820855
625667.8005118839
598074.4524023859
686290.5921834264
731716.2633062247
755585.9063234649
779016.6186241439
815632.9316763589
907871.3300348533
908132.2053393851
1014523.3056290662
990723.7762054123
837330.0954366311
957819.3204626291
977545.8886780511
984845.6925327256
891310.0110033564
869195.7789643792
800830.5900765669
863409.4141159231
914755.8484154353
950022.5865319087
890797.0430335433
881546.1393540342
905233.5663561091
800101.142512115
762564.2294846578
680884.0781108086
618260.601690901
577731.959538688
546374.549963565
