1137388.8
1284376.3400354134
1300374.1789312838
1279203.8659440645
1233960.0680774462
1269376.678002061
1205236.2988037649
1145415.70911969
1143144.6888546706
1287340.2714490723
1245085.370120295
1118377.9819452201
951521.2272935393
958347.5731787313
973505.9001763932
869728.8662787573
796239.7399496508
790900.4099304994
848716.5757550972
773958.1211918772
902857.4796399964
855544.4529165147
932740.787731307
818650.8978188596
785336.169336978
692976.5204078107
730852.9618680496
777468.1992526811
803362.2917515009
854584.2257997158
773834.2697590675
830848.2316480913
798268.6883523877
796918.3030322331
790377.5998148142
755163.0543648271
803704.3331637174
835750.0911047916
782529.0079198459
737484.2573868843
697769.8250084927
626849.6320179746
609588.5078994294
648453.1612788083
650949.1422585761
606716.1547812021
658086.9699101057
644451.8262442601
715782.3370827088
764820.8093679728
777231.4774554773
834857.8651423769
812914.4324915427
802170.459067637
764934.6641119691
864245.9706878082
912430.3168227462
839911.7433530444
800865.1928020192
781772.5141015733
779246.7799376654
815991.630184756
798076.9991317791
858186.818904052
856942.7081119217
971366.819412465
999138.5546404432
1282988.663324613
1395047.9035950482
1355613.0492670317
1392314.5557962002
1372624.2735578918
1112032.0052485624
1060251.9027993788
1133513.809456741
1147249.2726133165
1025027.9554517616
1117520.0363279998
1065632.0422146423
1009941.2763936536
967790.6842678601
863692.1536023421
863606.2935155592
695906.6356050674
655488.0935626252
707027.7090113601
726344.7963332833
839715.6696812473
863246.891775444
889646.2530333742
914962.2508750348
885832.9589244118
841755.3752752652
857606.2133939957
842902.6057186755
811187.1546343804
912567.0516109499
921741.0626892583
949780.9201185753
883755.4232907682
920083.690299303
890202.8535444852
917046.4634946676
835899.8207713806
755257.9872939733
797710.015228892
862602.8642212772
1029218.1556012094
990792.9221509148
1017900.1595917635
976273.6751585922
1137388.8
1133175.6487975642
1229708.6964138525
1100587.0103075712
1180780.9869989033
1159376.019982392
1210618.9446291174
1215463.0094289428
1156659.8970563088
1114191.6882232362
1129932.263030467
1043958.7058409047
928248.6558366894
934968.9077971298
938587.350062764
795977.0021575103
739360.7466414317
729924.8710834335
705294.8815691852
754825.7420295544
693052.441436717
725465.1298423022
706380.2458242308
688081.9237439436
611921.8007169918
578866.6669285604
625063.9010144415
552914.634788949
624154.7101079775
575634.0498746764
609303.7762830317
581842.8480476837
491425.13955214794
494603.8592497291
488275.4717076623
555174.6881621407
651717.7853939679
713877.4802733656
683481.0882934249
783224.7206013221
747618.7849359473
693867.5425892255
623648.441573084
672410.0352683907
684728.1296822984
605498.0065210926
553887.5045105261
645574.1359316298
688481.0608950972
780690.4891118077
728075.9079409479
731117.2033501593
753080.2900648945
802324.0630918202
748490.9421750134
797318.9830323436
852166.3019010036
728984.6379944809
768248.725828558
697540.5198417809
768517.466810222
745361.8507019194
706961.3007847342
668715.6933854438
736892.2436687285
706565.1293157001
714432.0459281646
687443.3863617677
716547.3607909146
726930.1176308305
702455.7523339996
642431.1647242414
657737.4217269635
651099.9527158863
672091.9182219256
669580.1204928556
705987.3081870052
749122.859950195
768198.921624762
775037.8778825402
772983.180638435
771866.3992024494
796331.2958069206
756970.273555695
743634.3525200848
703907.6785526013
707979.6006510112
773791.3633327892
828671.0532649768
856326.7988719479
859891.8375058352
830887.692761843
840020.82394964
846047.5584326133
880994.3218563392
863474.7037980069
938062.9054783058
1091121.177040474
1029219.6566600164
1036363.2872870633
1272595.1312981332
1246466.6378424352
1268561.889929045
1306407.7278390937
1438684.67008508
1376265.8643071665
1513169.5089349414
1503006.0801886057
1818322.070244073
1630504.6747975328
1795072.7665036737
