1137388.8
1243376.9448966836
1211530.9862959045
1220985.6267138412
1184498.6579707759
1209525.0046704453
1273244.9063603492
1324985.4474803847
1196497.042254913
1151173.7657974407
1214908.4057975144
1087292.1055393985
1050267.0515487213
1140530.5923197677
1115978.3771225612
1146101.35668376
1279718.788266843
1242385.4104316363
1026877.2666168613
929526.4140314837
777592.1082157077
743668.061663554
737188.7547958826
776239.5143109927
716302.5150793506
752629.9632181141
695567.2571139693
703812.3473783052
644490.6033065332
602789.9894871755
574542.7667652196
599199.4816910214
672233.8547015184
634853.1565209316
625991.7099727542
576049.3103402692
567313.7855528699
616820.2548469182
617377.6096073288
588134.2003438675
615986.7153784689
589291.3817631697
587245.8336093423
594054.8771769576
600251.1938468679
676659.8844208481
685258.1251349812
689878.3877662387
683482.7114128581
729549.3304889632
749641.1804566255
781880.9244832061
802155.2306490905
759355.7389292301
830997.7651604099
661373.1674994869
623671.0680750632
611771.8942227428
562068.3307411869
491895.15618641657
493808.73241926177
518678.77754081856
542066.3078000011
595482.6966185338
559296.7415702798
643951.2486499982
679850.0440192113
629287.583086225
576784.9567650106
645664.9546558167
651146.1604098708
629683.2853596713
607232.994978229
632737.1060136795
569876.8298249921
542626.8045368067
558726.0492625249
628097.6110343093
570560.8735536853
653916.1469265919
667073.8136595562
712890.9820632807
730121.7686156417
709919.7433738026
715833.8429306023
644581.3781520283
787514.3549873173
742437.6463788735
756859.2081413127
841941.400400263
763580.7401310062
767688.7328529046
738773.0559214357
728970.4394015615
676718.1578721121
723850.6612060498
726260.9278617399
736368.3659447337
782441.1949763469
845666.779939488
813940.0669576535
828390.8886485067
820481.6178246769
854432.131251222
758624.6744217117
778132.1710424013
672015.0754506658
690308.7170433274
707787.4926022763
736954.2464956038
757986.3318512321
1137388.8
1140876.2963062173
1073397.1423216828
1087218.0493482954
993313.8799771746
1195673.3014200504
1232238.730172125
1156864.1398223643
1315811.4272705158
1308715.799308123
1384761.168258841
1380715.222166212
1334308.0451097926
1491693.9475343942
1586097.2364718637
1309543.0655095244
1254647.8086611417
1260464.3142076517
1146261.706052833
1191823.659657038
1276907.0452079987
1412423.2918611916
1456635.2388406373
1548245.886417501
1555421.089716196
1652642.8859128074
1691261.077723068
1647318.354438691
1804138.5895389782
1858913.1841522856
1808374.197072153
1955318.8605900267
1920218.585156643
1921211.2644046794
1739997.5980724075
1818169.4629122263
1792184.2120746386
1839637.3234332015
1712195.7950075106
1760069.022179122
2095343.6413669747
2087130.0351666384
2211484.824942697
2134722.5802167067
2151782.393516723
2215756.224806694
2051076.6084800793
2049751.8577240445
2077632.9619358694
2005800.5331167849
2213137.86003266
2556573.649548793
2557233.992451085
2718657.3688588133
2298732.282407549
2500062.5814525615
2351045.9960239166
2197913.076487756
2037268.8515536515
1955384.0693571388
2034757.4374888649
2236871.117033157
2226767.055890416
2239287.253788014
2359277.537798776
2325502.092456421
2409702.4603687855
2106030.461904616
2150897.540560984
2074026.5730367962
2015449.6488544033
2239884.2946718284
2575122.6708910977
2724829.751082624
2605358.6311145797
2487087.63164684
2084720.6765667468
2022117.6769769453
1990695.4849306499
2008575.7762995195
2400236.143841287
2466315.194158795
2567587.9585356824
2946540.6544484077
2541398.840302386
2542243.463089044
2340485.2412077845
2407321.8644719776
2317948.2959658373
2456162.712337052
2398603.1132114106
2477531.5759795937
2573768.3332991344
2861170.024554467
2645052.0307800514
2725269.0866229036
2693758.059103038
2648861.8240273
2934582.9248150378
3057122.957260455
3045470.5733296145
3566350.9372585816
3479552.5943443878
3353911.8686490417
3451540.4575294615
2925827.5794157702
2843278.600094456
2844546.117941963
3004060.7952697645
3065492.5366979535
2721963.6507782317
