1137388.8
983628.5597385917
951700.8735332924
935332.0738136285
906670.3683339439
924329.0628120543
930094.7207700993
850656.1808884381
844052.7373837313
799914.0642341757
824718.8251536051
787082.5655573787
775621.0784822446
842815.3111626393
787392.8019360066
753379.8858529635
723898.6364575167
747121.3074613621
758766.7097151167
709429.592865608
715630.8985143113
676867.192794527
685840.7608063368
704394.2481419138
629189.1749506824
523105.027906385
571020.0814372827
482876.32474458875
537543.106348328
524546.7616871671
518879.64334088913
460049.0422587063
411230.3806182324
390808.30097183
330194.93222447374
303229.98859857925
338758.8224361815
371720.86188077694
353043.17299131077
331385.20901677717
320862.4124172694
349978.68712258333
388175.61723917857
343920.9164404403
363895.7710180428
380769.4583653067
393059.3989986231
406254.65015513386
427506.97964341403
499161.15142463584
467864.7559267823
452500.11526398757
456262.114095981
455819.09726031753
421298.5703665765
388559.16416592896
395959.8467272615
343013.7249692586
315395.0418757974
279602.1973020716
300616.25840112526
273387.1197635784
263599.20277308585
281631.48137480393
303776.70518614526
324970.7009229037
328843.0735579842
364405.29352046945
375928.76992912125
453368.38587394403
429581.7588082161
460744.1306207784
568641.6821405207
566082.3251374186
572671.0931081183
604641.2651450265
657661.5898617397
669518.2605148188
762855.4780179053
761631.999468832
783863.8391302142
668606.5375273447
674045.8398332447
679193.4876230466
687338.1218435264
621389.928591683
617716.3801554139
625282.0828642879
631327.0951831723
632264.5837199406
577795.344183417
539146.4064579592
615953.7926658471
614451.4269521589
641188.4329592217
552627.9826444867
617866.2279868026
647659.709174319
694540.9742847845
692661.5562370679
764647.0756790965
741732.2197006678
758381.4830645291
818836.9522655912
826899.2878651707
769242.7961364215
734624.1634296101
670530.3518391585
659428.5116455246
614637.0004128399
675268.1204869194
1137388.8
1083509.3705655367
1007130.6890590988
986255.5054957201
936833.5380903684
945164.341281495
1124171.6633816229
982704.0199459109
900713.0063526671
796640.1398372637
844963.4999864537
910141.7974539818
907392.5250517271
897321.0457950316
846316.0095339963
850558.4888074314
889584.7883362438
890483.0172748377
850236.9680781019
927982.3514987701
933367.8801199048
952441.6095873552
967297.8353686816
944548.5757873675
882943.9080802137
828694.0900070552
744726.4114939749
718964.0855609609
703634.2722616565
658649.4525317719
619102.210470642
617028.6334677218
565585.2054465724
543266.1309789082
513592.7744177617
550371.4346009587
578408.7904489144
613598.2802869492
607233.9173625313
636675.5643552797
626433.7036341975
595773.5095375167
604291.7305466349
540288.3758888185
636479.3803432982
683613.4978764175
766272.8104907667
736288.3109966676
721631.9700950864
791568.29470923
735025.4802114702
658757.1813309424
738102.1095445496
760475.2034358684
802528.881763839
836157.512351995
869904.1435081318
839219.6854731595
937792.5603333928
1032467.6895137413
1170264.089760805
1107229.8905720059
1183744.6933077048
1265944.8294512075
1412361.8715638136
1488077.12305152
1555047.709417074
1511446.5076009897
1435648.8519354165
1336633.465283525
1252853.833703614
1253664.6779693498
1010787.7482603475
926825.4137460387
940400.9587054233
1000873.9612503788
1055861.8667475476
997283.079013628
976702.0262340789
1115415.8554195527
1225169.6946621926
1315971.9254427794
1341594.6019845607
1204034.689069802
1240154.0941770442
1159528.519941477
1036461.297651898
1016028.3337448034
957944.834857243
982201.2491436914
950265.5923648603
966356.742898714
1052197.178957349
1082647.9861991669
1049474.4331288615
1047006.971551618
1016723.5527766792
1087620.58082391
1127144.428933423
1113586.978515058
1197799.8808965378
1063116.6499076206
950214.0899959175
1083925.7009432719
1019653.0545750055
919694.0412466994
941678.1746620166
903267.9434201489
952705.9611988534
877616.013526366
999797.5196359649
