1137388.8
1023889.1923612027
1114646.3404463308
1122738.0919299172
1140717.7104198495
1029356.9618442543
1033959.4678795919
1016328.4364002657
1066735.8196912485
1057013.0207331376
1078087.8980654716
1117497.2194424435
1209817.929033462
1223312.675729813
1357318.603342798
1277093.0793372195
1337433.1745048186
1195213.573879908
1205515.9266599827
1105054.2786400449
1091413.6139524595
1077375.6567191132
1007943.8713945617
951866.7828458379
984219.3819884564
958234.2990903549
909597.9084096621
885953.7040856429
838231.9862960073
1015771.1606136386
950421.3782678412
975237.3609943038
931083.3132243785
986099.9847893647
1057513.0764841158
1013905.7226838125
1042547.8300452924
946324.4261689236
925892.9492311225
943661.0767901175
922618.5348848458
852142.1553440964
808920.6092535446
735380.596860765
752319.2579315008
885724.1057922539
890843.5007559255
1060622.1348333606
1059483.423081115
964947.8876098887
940820.1305202093
927836.9267745344
968774.860993862
919729.1847576762
963161.6572593682
1159590.9449767668
1228854.3015278387
1272574.8855516016
1258688.6053578747
1365291.9753823127
1311063.8453048668
1484512.303024134
1506689.7768662046
1387434.4949453918
1567463.908439902
1556694.2701847097
1673892.1945455407
1662639.3302631492
1880310.7787240085
2118242.961784034
2211234.3447456174
2540195.767334745
2605701.370337362
2596240.3400263092
2630489.104396881
2221002.691892538
1952878.7333224951
1788267.9776987322
1766307.6559840364
1723826.6099364571
1602411.4414262013
1574673.3242839992
1580824.070771699
1566005.350947208
1440613.202459983
1370597.5077675297
1518036.4798768575
1499734.8320686216
1393162.7776854185
1489694.3276132348
1527786.3500618476
1356080.6356601575
1335893.9936182785
1300430.237260781
1187683.4016867634
1310023.591231606
1280310.8893526571
1349276.6373402004
1290567.2501681305
1087262.2717642179
1126928.0596647733
1001504.4215034811
960556.8430439961
977823.7918914557
960644.2227319703
958847.7123741662
944307.7159845233
1040938.6194190634
970697.7953393717
1000713.0792360669
1153843.9767286428
1137388.8
1168400.0618772078
1168221.4943165586
1197996.6069869464
1256674.9983919135
1151017.2010993257
1121935.2357440698
1072397.3585077792
1178881.5454592316
1028251.9195089538
1117516.9976024455
1070557.6885985408
1082934.877161561
1216670.830840528
1163345.2134230726
1064114.4509846698
1144555.9700821356
1187481.5513552853
1031470.6829059987
1017370.5681742348
1038199.2742233685
1032080.7822245732
1083344.1083497282
1241222.9989226307
1259746.651535255
1330353.9641455463
1342935.1280027663
1426813.4023103048
1418631.5753124582
1351940.8449969646
1284577.2421513828
1406238.9180202424
1582986.0111140127
1478793.6739034615
1451250.428548749
1606259.4743615885
1685885.745295654
1780928.8331565408
1674566.209750707
1692694.2935659382
1508607.152977485
1371904.57408732
1422595.8187669967
1533687.5078811324
1506223.3946929506
1544494.03764585
1488753.0305689229
1470278.94560122
1402128.2068839683
1604599.6657472698
1538189.5893882501
1427947.740950488
1728418.9066537642
1894933.8418767813
1595696.4679449557
1489435.5101805748
1518549.9896968412
1356400.0361122033
1348562.1918934723
1182232.3325781801
1196706.4990842289
1335653.5463237758
1483388.4220806807
1407724.5661118857
1429793.3183316577
1430221.8946476302
1505164.1886196511
1473900.8547891816
1681077.9350739352
1685405.4779529145
1706995.2300898733
1684746.5703049586
1668425.0693920217
1641861.2594835537
1641318.7014269207
1633554.8950326766
1731059.672820803
1735377.6665531164
1859362.6317978534
1847056.8772667197
1705578.358326706
1734318.9302794363
1730487.2838815176
1725136.4029981932
1938600.8719397637
2074867.762913064
1879549.4962912078
1697135.473499528
1788673.6026040628
2004362.8332344324
2047012.6870086524
1995640.508519048
2047954.0082894166
1925976.7903878682
1995039.2936894188
2202502.853365783
2129267.9741444183
2117862.2481313385
1999533.7789476383
2384919.7999252933
2417540.889211703
2412578.4064035253
2667754.074983885
2954243.4749706853
2929070.442710148
2813638.3047692217
2965603.158617394
3095849.8364441246
3103705.446482357
3042972.5919309147
2841752.6331942654
