1137388.8
1145236.8519100756
1303945.6253145754
1282533.0706131228
1303421.046612794
1292436.7041945928
1266288.2250664989
1237952.9708577248
1337940.567136212
1101491.6778741074
974486.7647068307
956339.7856270703
1044236.1080878717
1133408.4160488497
1163934.5063411703
1182771.4348121618
1220458.121734872
1334402.8934683462
1335054.6929152922
1219182.54350195
1205283.2586988483
1188624.786108521
1094835.2015239762
1122091.9571773529
1162900.328674044
1328337.0341200442
1166326.0740302277
1200869.847528263
1135193.9076389105
1064086.2036527712
1036231.8527106363
910493.0338113261
890645.6960700856
995181.8884843999
983337.6010835798
965209.6578568305
976621.0915172431
887800.3041867227
879832.1489915933
854497.8655240295
727781.8239599732
674472.8344303565
661196.1711262856
570501.8837215242
570341.6119758586
656173.8714368726
721434.5356993066
703014.6993475232
678307.5571152081
729017.9554384324
692577.0627346891
658677.3524647887
698704.0899790649
611870.0405959302
706973.9866376121
687666.9039274461
703203.5517761692
769930.0766268673
738137.7151114428
774939.8463088165
781640.9610627042
824230.913125607
749233.5152277062
808180.6782434075
742294.3196404186
733889.2744882253
762790.0519161259
780045.7910778972
759063.1971140512
782033.3552902961
775746.2753342112
812014.4638706669
716534.1963882546
705275.3889300949
876867.2915628513
926077.1977105538
1061958.2758498134
1200142.9433289303
1187658.0289034713
1156670.3113375397
1131582.044414041
1096081.2791394705
1200182.36291962
1204466.1157757915
1182309.9874155354
1133771.427659561
1107831.6885345962
1189306.950020536
1157661.513968966
1104301.4103524922
1153624.8524071656
1149640.934378303
1243297.1128296454
1213266.2131221038
1218190.5338419273
1229318.5871281514
1189876.4047640527
1086207.455734276
895389.8639868819
847537.5170489185
828874.7706469657
830247.079173797
793595.3640972804
759671.7776245777
858322.5100628379
947697.0119865595
967906.2619303958
923174.4688273234
936403.0381020368
927436.2394805196
855318.3581488885
1137388.8
1176447.9112154823
1407544.9237300751
1534156.112119897
1676460.0071669978
1456895.520640296
1529726.521462526
1348205.8475184327
1356334.1554661756
1376087.8745572597
1355809.2773913953
1445117.396477277
1542553.7552556752
1545804.03272932
1515836.721534339
1411382.59698355
1433691.6531292547
1387203.2689824551
1292949.677007829
1177171.3578002185
1389735.5310010572
1173538.1879855301
1122392.054438477
1158632.4354448607
1133402.176059288
1034963.6018103124
933227.7083835304
950080.9976695047
944826.593988831
998073.9521283042
981751.4018918503
1014862.7343877383
816708.581647997
775914.6893779554
720452.2725183296
657502.9264972506
624970.2006442675
692228.1560382205
715812.1584055029
650891.2887047979
628017.520025922
635783.5753094984
594931.4282159965
571512.3406236018
629239.7671747257
594364.7122321845
624824.5000412322
662665.6257094237
732241.840732973
839366.0902649539
716332.1442363389
706224.5868114854
684700.1388680601
724125.3665029646
679582.2898807928
699176.1796266718
679837.6773166729
658314.9204263586
704361.5889321343
713286.8734615673
785293.2013293536
758405.1759537085
722292.4457515328
704821.6306748278
732220.8515056747
767268.178207578
805302.0976642122
751167.423856663
686506.0577386825
700025.560184425
819718.2867480229
870740.2132539051
878312.5375756624
935790.5293232456
990943.1200664926
1006835.8928382932
1008528.003253138
1041317.1030121393
944121.5549750847
1020982.4349332394
1098816.0566201613
1136747.1801317986
1143533.4286141705
1061730.5012280957
1047739.2520048998
1242882.0589988572
1201532.587028748
1221645.6147414916
1186868.0163388497
977374.6684795571
1013979.1953798775
1011198.2916513557
984125.8360658506
1037938.6941977033
1157208.3677711117
1074621.5634763434
1172343.3826863088
1089887.9084540033
1158425.5068992109
1225410.7024260305
1222342.5213921587
1269447.9648603098
1374038.7989358695
1213128.8002072414
1229458.8889675231
1356399.536554126
1340511.6767865533
1383554.1537812965
1424507.8644386171
1274949.2833506833
1431706.8010861096
