1137388.8
1134051.5735916577
1128523.0830248669
1075080.0495841368
1125569.1204827228
1234920.0750863543
1210923.6970749155
1170061.255172901
1240363.6542395523
1190392.7870948098
1172746.7681206544
1142081.945811057
1258296.8465995411
1222909.125006217
1278927.2878152714
1453338.5003765915
1449588.1169615563
1294905.488783316
1290832.7955901944
1430836.5026183089
1267549.2172997058
1199400.0503447994
1247269.139253953
1302371.1990923367
1394664.269858046
1327376.3605833207
1096200.1987010296
1037609.0815991788
1062123.4450644224
985546.7542429657
1050758.403547339
1042988.3180808151
935058.2867992816
1055667.867219996
1143381.9011299205
1109240.4511165605
1182547.5951328645
1212979.495090776
1234344.8363640183
1192015.9377460016
1179171.8919233913
1306577.1940480329
1408850.664423013
1327040.550961016
1226166.452846223
1199238.369874194
1281209.025371121
1336516.772676505
1211628.040265441
1321797.2589434972
1307783.9240422936
1280573.305856485
1359397.8215569656
1302175.9413745033
1380719.3803408525
1406797.3397479516
1444892.4950005712
1401778.5200297064
1455821.2969174448
1542551.215254584
1479747.0354863089
1327230.235916754
1194460.1102790392
1043902.9706388304
991765.9503320935
1085878.4692765535
1100161.52184599
1109681.6946501154
1158805.7014254523
1134275.5237507904
1074433.7767864263
1066102.0805521826
994672.1635104052
924783.480572761
930207.4497307217
931264.1571433047
898770.248971055
731084.5235686302
647153.2588832015
616806.825202352
549726.0455582092
498603.7144353948
483204.06165576767
527360.3746685558
599699.8809015647
636438.0620294245
595270.1469229511
601878.7212991054
643580.3339167056
683956.884282279
776250.2827016499
747956.1201767357
684055.5725485448
638963.9789113441
643011.4782826707
650241.0032807015
633282.993788984
623802.6248287937
552873.525623356
510665.44946150004
529300.327313814
512004.2457203058
528564.990023674
581713.4414218802
562928.433654674
626767.4970354288
612925.3967394801
561715.4840409526
570010.3839884736
617639.2557616003
573959.5769466795
1137388.8
1200798.3693172496
1322084.333639308
1425840.8040877492
1518581.0707377803
1378654.348706346
1506931.260460881
1504611.1435812523
1719864.7680096983
1471301.7704115969
1532261.6803614378
1515627.4453208253
1562967.8801352815
1764000.267163018
1793002.194538312
1577405.5961886374
1580218.4000842765
1579024.7861315368
1530561.6270301393
1578265.5526355384
1714467.9770441607
1849477.0292026354
1894220.4027939516
1839909.4935023412
2108858.8098791386
2045745.783554109
2000831.809457739
2251331.5683520525
2395368.708437393
2501275.748165947
2216084.748429038
2100028.1796265743
2370405.809381475
2340885.603907358
2280109.572893098
2489500.51551344
2523059.3783899373
2375956.168297615
2405204.058211854
2599841.800413024
2631564.261982357
2718470.8165956535
2762599.1397070293
2576339.9596015485
2694325.7628115285
2796982.440326455
2710513.3829152533
3124825.6900363066
3134800.4000506164
3141463.122409692
3179193.9786852906
3499825.349654765
4027429.88165785
4067146.2590112984
3818079.529175266
3959684.368545752
4000391.579423618
4115806.285923735
4075385.636371374
4211998.219260821
4099776.0696189622
4285216.285246909
4052088.0040477975
4231014.8369981125
3845509.845178735
3775343.9163446818
3440303.3380999314
3354060.0046359785
3169310.5819387315
3036903.6737096524
2850639.3830622244
2877869.1695680562
3142487.242192512
3285072.515722056
3040265.310358442
2805153.4334474877
2950978.8107661665
3243634.720045414
3665232.500331625
3423078.263024549
2913990.280327855
2952744.181304324
2787110.9573489088
2844671.668191323
2911985.006913532
2472237.6872361507
2616187.055905256
2666399.6257055653
2721841.832826191
3000247.4841543436
3089949.5079088146
2911889.174738805
2876856.6821207884
2665996.9351206184
2956964.8448584997
3038129.3809261336
2890316.5021481845
2874267.1557755647
2790020.1860924545
3127741.0317505654
3132084.0340682217
3003394.489977592
2897988.4096794883
3179933.3196579553
3023758.385481711
2720720.2811800144
2862038.8907175907
3433290.3046564977
3429580.420222009
3203052.391778869
3003783.295997551
