1137388.8
1182391.3227010274
1284029.9505982248
1277705.0705573168
1250944.9520125515
1207942.5248555634
1143104.581273477
1172662.569224332
1033177.7224581437
1025507.8660792239
947755.4658361637
929519.0856422776
862807.9730125755
713635.3625782263
765940.9553793466
759091.7964750597
758187.3580739645
761334.2365786412
994500.9248975116
1075503.2079429836
1113923.0112171203
1064457.6798520638
966222.9109074377
988774.4983885376
880186.557259503
864256.9037128
797025.8235131974
740881.8736374974
949219.8623770132
989878.6780025819
1022398.3527860576
968326.1756773383
877388.8771061504
903251.7405757646
1104117.0211656066
1139936.2135464055
1049981.9331852887
942059.2561413822
1009439.2014398519
962676.6364344158
976695.8860049653
1078921.4671637036
1134745.33121362
1148636.8690315757
1100690.8293319815
1169954.4933203268
1213804.422939246
1274946.6163499653
1330534.4699856024
1256428.5115061887
1193361.1570558858
1192748.4551865538
1230601.2457815516
1202048.4153825375
1022850.443607895
1040438.5730985833
1060391.3030541132
1235813.53430447
1215873.3195079525
1135568.7199249144
1177549.6881967075
1259746.6083821673
1319411.3902296983
1288112.6001957566
1129050.2999405973
1137214.9583079673
1106743.0253898755
1140648.6430491183
1002860.7572825656
973761.046746013
860766.4996782965
785764.200313593
890124.8815502236
924505.4656714852
918671.2484677518
880615.0739345188
745603.3467820269
797222.6439139108
849413.4498196143
913515.0416280006
914581.5090996245
852624.7309705918
1001897.1331760631
1098423.4467907392
1299139.5774509697
1192452.0201450374
1400702.7474861068
1424817.697989417
1325430.9945393556
1256532.64895107
1334971.2581497268
1147318.5140399497
1110595.0722266317
1173583.4437443449
1028695.0694308319
960531.6058648159
990531.9397336558
1191691.0817990133
1265808.3700289754
1273284.3478156626
1515494.1033720842
1618424.5639067548
1708508.6855936286
1631603.9503399108
1409087.3268180317
1542168.8591965758
1536217.97013317
1507477.0607872133
1513778.786114806
1510246.7387777255
1559413.0132560998
1137388.8
1079176.008937227
1076907.2918774874
1048032.604647935
1073846.7209134048
1058487.6304832278
803298.8309375179
855660.644980266
887881.4077151502
803194.4758910168
870093.2403660925
805257.5255979467
809844.9750135753
917629.0036959286
910286.9281238385
1010063.9963730017
1042143.780512587
1111841.6515803835
1172078.1334384305
1406371.7040689257
1372367.9714818695
1568207.1618195341
1725958.7920682996
1534816.972693917
1475082.2611680152
1321629.504976247
1184795.5074000775
1248590.8171937882
1221199.5307148409
1219266.4300548588
1096713.8989657525
1149406.7694322756
1222690.3301912178
1115397.788965029
1122325.6506744064
1299336.1757506228
1428516.6089247146
1446595.6216549962
1448018.017336433
1471938.5464432132
1612774.1438874914
1602318.030762817
1498603.3556400847
1545970.413937281
1335040.2848183091
1379054.8331635853
1493894.8652667105
1458392.8271462878
1602143.960206491
1376377.4772490282
1292416.3777893668
1235776.8022938874
1453313.8925668963
1472463.982785938
1628391.6712897627
1823587.9567479035
1678312.067731263
1614274.051259531
1660617.5504498517
1651777.262920716
1749289.6517475257
1957831.5140207668
2249130.5484821256
2303713.6473422903
2191569.555374604
2076018.9981858463
1992476.8054878486
1997480.6601079765
2360059.441262016
2196630.896627553
2163361.3483554763
2307302.4086363395
1960913.6413996022
2204730.6611155136
2400115.4546388756
2400462.2723769713
2538480.0172678037
2396816.0713896947
2383621.0905438648
2305231.88776327
2183090.103788929
2284621.0001786733
2499150.8138409
2401449.1768486053
2201196.127855018
2232586.077432109
2291371.182002611
2067964.046944048
2100548.2138986513
2125209.220038131
2082414.890320967
2184560.545806279
2099295.277417896
2077419.588269428
2165005.9856848493
2075899.6200852576
2172608.3690447747
2121497.9803718426
2199048.042880745
2305925.5165808164
2397559.0313162873
2405974.5038191746
2527460.1998336385
2673218.4658672297
2335220.4668901963
2364083.086485524
2249832.6684712805
2380809.4453163072
2546135.118266601
2604271.5124653145
2373479.6985065727
