1137388.8
1086275.1487695598
1200855.9624528936
1180047.7897969258
1176072.0965479654
1220584.1339908023
1369424.818448954
1396600.8122807727
1578720.2637530903
1653451.2959894226
1593367.1119876893
1565542.9351823211
1532985.553076226
1564612.7601097452
1634721.892064803
1576136.2735446852
1582500.8289238643
1307732.6357594128
1420613.837058465
1241655.510415345
1182432.582614548
1146504.0196881427
1259296.1484077352
1251105.411435493
1204306.5513886597
1218074.388527856
1383534.4905512226
1348677.780098171
1289818.5338709776
1179262.0258975385
1037565.9903435712
1028406.7252602469
998082.5476389342
1038748.7799346504
1014897.50232643
1043300.4503016148
1097291.531261862
1059981.0016423312
1031147.4890886546
929780.1239676264
835970.34000379
809397.2778961196
817923.9858899893
848569.9124470679
896961.9621929377
893310.073366114
871418.374936076
734877.3343345731
761518.6781023968
732049.8679316072
748668.8640415756
800938.7939549668
786199.2928967722
710106.9381585913
701926.8493620896
729651.6155550827
832560.6607555201
876483.694123898
723803.408559717
810682.9129546797
783864.13389983
825362.202627753
845925.0956326589
916824.2555934293
935948.6438653519
915627.9066382574
917639.1656163221
873913.6364250878
864660.7170284052
984572.5331017438
1033823.5482529098
871452.314172463
782241.0785629698
811190.4668027831
730550.2969641965
653782.9580575854
628108.6072778093
618877.5950352959
565353.4382824437
578206.2238765024
617844.647242679
587965.4728733016
618063.8679751443
592136.3553440272
554316.3360223499
615774.5789711347
582194.9969399989
598057.0110794591
623004.2041134582
648582.3601153626
610353.1363746477
628980.0460318226
650278.7194693681
675698.0966941873
590738.8808334585
596586.1403082525
628084.5702093997
629486.7527648422
624703.8374015623
660929.388134085
787016.4334466824
823292.4397191554
932960.2463712752
1020444.0738485146
1015931.7373345393
1047102.7957116992
1065165.3611076216
1019040.5673036521
1040880.2049299462
971476.1646754058
938694.3535137208
1137388.8
1107733.2214963066
1018234.4061859844
1028146.8657699878
922848.9475146557
953210.7284471336
930543.8825555488
910171.2608291106
803045.433547871
805453.2122758146
814659.6772768768
781033.3095326442
746502.7635934278
809151.5964853963
685117.37162089
602825.4370497154
619279.3682148751
652562.463403614
634873.0800881146
672807.7755169665
725508.4345282436
657492.1331142137
716650.2391782642
786123.152564304
785931.8897237037
682333.6853694543
729950.8796809358
751365.5852311929
715931.4346631313
698943.3219093254
677373.8456137377
605868.8638945093
615304.3149783426
661343.1708449072
622999.3853221837
601220.6071664399
585613.305895241
597561.2827999019
597778.6334256821
557028.7152921731
539060.2083106547
482389.04250154254
503908.15793798916
503829.24129041214
525102.9408072021
590567.2586580751
542447.1477056807
545859.8176113142
555956.5498891356
549302.0857495446
600579.205913094
553957.621019186
532572.0823660986
582197.3214367973
520681.945534706
453688.08197400405
451168.6889346978
364264.72675768094
393803.5726195814
355987.8469890487
358705.6673990073
331318.70048545557
347275.8685181635
350370.31009650964
365726.05206845
339464.56907009624
349824.26353811
337777.09323675977
330669.8724779367
381810.22833213425
330939.0332900178
288666.45517045236
279915.971836749
257914.61071120182
287221.62542011077
289509.82702573074
295649.8555887207
273846.43844162114
275015.7535512336
270447.2289013845
253839.19399537568
223372.11299594422
219144.28197377676
240294.15455247083
258016.54185978312
272589.72820065205
283791.9745626764
297312.2698902225
296309.2398374019
302274.5785390483
280968.4068927151
272653.13214732276
243626.7172429159
239719.56797511407
220418.90117331676
207045.07730590334
188679.25365321414
160720.4348203862
151955.35342727276
143899.40134479606
151759.00181869286
150329.46916307387
133698.81460351462
152511.01365335673
159624.66189886894
156561.20954862892
143527.84888269543
133128.39850349893
150349.72544998518
152824.52839626325
141952.92741042946
