1137388.8
1222080.3043605438
1268903.1025106676
1283471.2926845031
1419004.630425625
1189881.5673219834
1190489.9366445506
1218317.1661384683
1466770.4558508461
1564397.0427101192
1668509.9048787325
1938048.5547738264
1906252.944510254
1899748.149196295
1913880.3060452424
2094587.8880015092
2157162.8851777483
2318028.0404267414
2149849.6850043796
2179631.3960816315
2130692.4696900216
2424339.5104039535
2311616.5898899976
2315044.6644711853
1919190.5260023987
2058742.557583751
1871910.0703763333
1855275.6945565636
1893676.8488481133
2244953.591153898
2089768.9095487797
2062391.026585001
1998907.5326779536
2192157.9859169656
2184328.765986191
2316141.742122404
2229083.2453238782
2246370.3641242497
2217373.779650583
2039790.8178228657
2285585.264678766
2070412.1377558112
2102057.7065447154
2260573.1401021653
2411374.35863495
2356873.359532268
1887977.2090112711
1782049.326898071
1784419.8165050687
1750552.732566196
1869258.9941639302
1751973.0105645158
1858482.7699665837
1849437.4694163885
1929480.2253385962
2060621.6166753115
2084489.5974407375
2115673.337242557
2307801.476843282
2612086.5405663596
2686175.300189942
2616281.2493872955
2680372.606179334
2814302.1651735427
2979955.8193699378
2858365.3174370257
2813972.0846532052
2833174.3646237445
2927529.360272114
2799275.2519631297
3088726.893172957
2918364.392246981
2825986.008298752
2730050.0181002924
2349782.192878011
2858553.2671607607
2983740.889222162
3141598.5028147106
3368363.600505846
3288853.8817801992
3262871.608549823
3326194.1422851337
3614814.4736933024
3364578.759067881
3568748.409995499
3706740.3147065104
3475418.6279673916
3636032.020982704
3598176.647286804
3503943.606552425
3424984.4937158446
3163050.3825908755
3111691.291263428
3342915.27989673
3502615.9141621976
3096584.899151433
2804606.98301355
2990755.979219972
2922932.251237899
2896670.6234612814
2912546.32504832
2945806.4038622943
2819218.5792896184
3307586.2251884863
3474561.0714205443
3573451.4080173983
3416742.0787045523
3274618.2323978525
3219206.484131885
3486060.1953964285
3588512.9013605635
1137388.8
1163125.0936202442
1318112.5265751104
1301382.722137427
1181452.0105073815
1371527.8083566672
1388610.4306178088
1332372.850804562
1511860.5060831485
1373256.3265039057
1597725.3200730258
1701727.7145071356
1823319.1359217153
1676314.029303693
1748496.5394939445
1812268.2990608918
1969812.37776748
1934640.8278680423
2032521.4484697483
1925930.2701607633
1989887.8069012635
2038549.9419885704
1973799.9474879615
1981132.022458641
1992689.536016059
1980943.9906607298
1835192.3935757182
2134758.536479057
2092962.5665331897
2281982.5279412116
2271751.898512311
2238423.2523618727
2424655.5831795842
2324943.0417645248
2384434.5591538996
2370161.0899971905
2549919.190131479
2398283.372664767
2462952.2678731866
2434963.9209273197
2546166.3383503524
2655883.178380446
2672858.0467752297
2821821.1576155606
2911171.0571344695
2813047.534911567
2839781.582172584
3131481.0212031645
3169493.95063793
3300182.139113659
3119490.6177263996
3125375.906758397
3210356.7220251653
3193678.402898883
3328441.151363044
3263352.405916605
3883911.7308776914
3528090.0884123067
3674584.512821156
3877147.8512106906
3844095.3079830087
4084638.674161949
3965330.775585367
3782436.2276036367
3767000.561955629
3305115.271818968
3256406.5644969526
3176560.416294934
2892722.2309667794
3387938.256595653
3105928.845447049
3100166.909176082
3243163.2085772045
3445795.621242304
3320008.393053677
3090906.2057525585
3314667.310972942
2928638.2746482054
2988532.7633516304
2970680.962075437
2966799.834855139
3027018.641589442
3319990.1630700245
3139181.7767344452
3480609.1450716886
2967956.5177118424
2894384.5674002883
2586066.334741218
2885901.051700935
2808357.6685844855
2705680.106287936
2860159.5230827285
2652422.3693747
2954153.2177979085
2978992.5575661478
3033101.84536826
3050873.9535455117
3309890.5541463657
3691975.511041742
3058136.425500905
3486516.212350435
3152913.550724165
3111391.0612656805
2563831.910349236
2372906.6795832543
2239342.7024069093
2238875.9256892167
2200093.518593744
2281678.2202142817
2558713.0387333827
2924846.069207629
