1137388.8
1194605.502828042
1148377.4387953419
1177479.285899145
1207399.81594671
1347567.3835631676
1336180.8049749504
1239376.7672603505
1327081.8712141376
1394331.0681504055
1248696.3948811032
1256748.3858236794
1239017.7298726158
1119914.7769105986
1017822.1676679809
884975.0788498838
835922.5156017133
783460.2315347955
947901.9911419376
903830.298333735
875372.9753803628
778879.97783215
747527.7722810262
738827.9653541337
771854.1495566452
750901.9010979577
687782.1296678744
679428.7080356547
645431.2115481297
656958.2162002008
676250.4884153571
771163.2067915422
786505.6384860002
721019.0068108251
720393.8735064854
755631.5258184787
814041.8703260799
723022.893257363
658338.3282489234
723700.1765247271
694490.1567554657
723882.9153995055
718546.7949261236
709028.3138283559
699860.6744290277
704142.8971081586
663436.907225883
594462.2129860875
598082.6619706149
572702.5786187443
542373.0835068217
561886.1362361878
598826.1267559121
629384.6222022888
711310.4501959125
720713.8523455128
765733.0495299903
742062.7712078692
829255.0705211036
842222.6609682224
827438.8413481826
952621.019023364
982489.8734219074
962339.000650445
937309.369794269
1032458.3067452427
931570.467247986
1041264.9474628725
1153152.71002405
918500.6992573169
992512.570864653
1071197.7631311726
1019052.4004995922
1018029.6348266526
1105258.161897591
1040726.2698811208
992082.6751429392
956633.4904454722
1035283.3481494371
1065225.620394036
1034086.5971360995
1144645.930898443
1011839.6415189337
912351.5472602102
853263.0296702973
703183.4743985682
647303.0165675604
614202.5555683029
652993.5876593281
704252.5472235702
687307.5552111134
803712.8454342716
801160.5672015707
759633.6541452091
950430.0066464476
1024961.4530349466
1056786.1489497728
1067361.448800396
1073925.3622251244
1186375.8711986498
1264076.3077787713
1312473.2370900554
1266254.1144295714
1305893.857148431
1404787.4171385115
1178757.470361559
1351874.7576726847
1131398.733785832
1045177.9333269516
983113.3010437418
915963.1173753862
1137388.8
1149441.0378715126
1227492.4453772926
1077840.8290390682
1061243.088067101
1253248.212844361
1232562.8711734985
1210003.3402435544
1103986.209245108
1202427.0327047892
1153965.8384446907
1266397.6493233186
1376507.0725072906
1258637.4895439472
1250104.8078078676
1277764.438156615
1319538.027005813
1228980.6059874296
1315796.7254922993
1348562.8396181557
1316340.6518060218
1235337.0726010606
1173338.993453057
1247213.384054021
1221597.6736982465
1288912.8254710103
1513892.0689962755
1386931.4388254513
1597562.935353844
1466974.311264856
1364901.568559957
1276474.5835718315
1196085.4108357618
1256036.8073753682
1159462.0104725135
1178486.2110486326
1132901.466489795
1118229.8640456982
1106351.774107142
1136837.908251056
1284226.3412999546
1311998.1586544588
1232111.4957018076
1261537.3784227124
1192088.2164861658
1260044.67758281
1244798.4680916807
1133733.5512331268
1334229.0484462911
1440607.883575605
1529302.1936237363
1654940.84773386
1666088.85768322
1817694.8285662304
1884836.117326199
1942991.046356048
2150771.920777241
2413991.5787427383
2434286.3721797303
2977342.222120637
2881949.746040197
2934069.17985462
2991725.0306298886
2957099.0816354565
2835333.2599913855
2930025.8877009596
2999240.896097849
3340661.477401279
3408653.555983484
3286153.5220129243
3098458.4423874835
2923260.9144070116
2855548.3759423015
2543303.627146879
2518714.110333168
2277408.3916691653
2618399.9184415797
2646227.72900008
2678477.006989821
2974193.3086690987
2712493.816508358
2816093.787127094
2910849.38473783
2744779.4507880197
2655744.582445578
2986126.067005939
3116557.9495756803
2708716.0377202746
2688217.544444687
2765014.939701511
2866181.211736635
2754769.544047392
2529812.379930336
2133586.225265301
2153383.475134442
2008878.096178529
2080291.2965841263
1951126.3149760044
1919408.3167720865
1799482.3360269873
1759008.1851893389
1773764.9137022293
1877435.2736012898
2077372.6253080524
1965379.4667332591
1859757.3794207927
1698307.1434165842
1677947.8188099796
1534911.4281880814
1517357.8839977856
1547977.051961085
