1137388.8
1223884.0881573455
1248782.904446874
1173332.7827875386
1148457.8902262538
1210901.6326615121
1341542.358474995
1331655.6810609836
1455465.2925635942
1714395.1358785913
1918312.1805969106
1915207.1915439884
1776847.9966612794
1858119.6868017188
1658808.951341997
1616673.4659955183
1563081.0018768506
1429046.7140899159
1480677.0390707087
1520290.2136195253
1343401.1134762093
1365046.0113854154
1328576.4681671169
1196725.0635541235
1181696.634250966
1239026.3375050237
1184218.2128232357
1139104.1436709259
989683.662352822
1019233.443499487
862664.1392575697
808251.0693620831
706318.2743251455
725235.8173289673
762413.0212267074
771429.6964625672
834189.2259329706
955434.1426465258
907973.7178186871
819759.243900012
911413.3577987198
789896.0404656524
731548.9738591642
816637.1580453055
978481.3414967753
964839.2105083998
1087224.8126155667
1030827.279832293
995351.2280563194
1037741.3720644312
1094295.4755661194
1072641.6578147453
915237.4767014707
886702.2197408106
840110.5211493345
900763.0661920835
832646.8500922242
834952.9520605264
837813.2914788179
813547.9074131652
790437.2154626433
908016.8223860528
765369.9706566915
858280.9190078472
789580.5538118028
816871.9550875752
823428.1467946988
811834.0126953684
786310.3126852539
768235.9623339545
899785.4636582484
870087.5933124482
929576.1038671774
868204.2933527078
865531.1615714864
854172.2286022608
915158.8126797791
926080.4610415271
960722.671456544
902309.2360710244
1015569.3958459271
994870.5536966338
1016291.583747533
1000899.6927590942
938974.2411354925
960377.2734105538
982650.5288716113
872663.431259771
922500.583198223
823908.3520683448
761803.7233948448
723643.5172542222
782423.2683144523
788220.5511393581
799601.1726194388
922003.8749325795
945906.2460560817
963569.1854245416
969124.4782754838
1069188.5356185702
1048198.0537690596
1067856.5844136872
945482.3174706796
1094345.201773412
1068898.324591247
1025370.8173005368
980484.3036079073
838120.6410588194
899590.8955079601
776345.3200561316
665609.5733625719
1137388.8
1110571.5033084063
1123025.7435768007
1253518.3738564649
1353772.739377425
1345767.462739595
1305976.196035015
1328412.5408616904
1228078.4964223006
1213895.0064483385
1295531.6498718278
1455780.1949255718
1595205.6172954347
1671839.9746962185
1669680.0341277996
1699928.116752973
1578946.8585309766
1312445.4598526459
1235885.7133094836
1289481.8490607296
1286702.0481397777
1314269.9377384256
1158474.1563188077
1130354.7363742497
1225735.8946198677
1352116.784592662
1321390.7675781534
1300812.977992768
1264668.5997991115
1360652.2153527935
1380677.133775895
1377142.9220585334
1168829.990021119
1172155.7953290062
1036158.4674075161
960409.9487402488
1024121.0160496146
985039.4600812966
930129.3560932088
950549.4334052228
849751.0067138372
802035.1214003455
1028963.9571248903
1238441.0738475332
1175822.8244883867
1227334.697461192
1288515.0443300714
1164279.4840052025
1110218.4853490463
1005863.1435610162
973018.3382107631
919429.8362077166
853934.5273839934
813653.3321668734
743654.7860495655
847264.2997284028
872757.7850055333
901853.9718380013
942418.3914402538
930072.3998099674
905111.6181045619
971879.0908851958
1060854.0066953406
1169148.0238045603
1238757.1493351818
1194708.4636109096
1190561.7153417685
1204472.6112866772
1079223.6359422328
1146738.7603207238
1152031.2136644656
1113344.3041180845
1040523.8629128701
935143.7205432092
978548.4191182816
915828.5062125096
909894.1734182336
1061791.6735397421
1060486.616211819
1074296.6639828652
1218996.4915567185
1092619.0355971816
1160912.6287069716
1057034.7138277679
1149025.5632707824
1278554.5682215523
1196747.8300882888
1231232.0411929425
1070186.12682686
1131277.4184397208
937221.0793317308
912622.3115266373
824176.9190153592
934964.2283758564
1066675.4307367527
1156490.2274827966
1013834.4086836401
1011018.8963428276
957278.7807289434
1005676.2285586536
832791.7230844006
853155.1231430174
844470.8402223047
877931.4287856084
914751.7579338159
915747.8759300594
901628.2210975282
844718.8034140727
749922.8109946863
804396.4343178294
802467.3969694974
