1137388.8
1013102.9938077526
942272.5719838213
1084497.7472564972
1062544.1993829568
1088378.071514599
1109204.7797385072
1115128.8403881462
1152587.6089840687
1109389.3660918649
1199010.5133957958
1315318.2146854869
1311083.842462466
1292198.1659230427
1276074.7467229487
1281630.519120808
1270980.7943265766
1422114.387707047
1393297.9132277896
1451297.9732418146
1379121.0724585254
1512186.7228852718
1830997.940241873
1970932.086250518
2065343.7985415265
2247249.991279221
2182252.085909865
2255967.5664171246
2063337.1491131666
2022520.210594023
2092729.4192644006
1677051.7378584424
1784953.1840106028
1939482.6414361263
1714375.921548456
1876060.6568548228
1843060.4694825758
1754063.0477107966
1714655.5526837027
1656288.101956146
1817736.2972317785
1962992.2504791454
1897727.5004604484
1726416.2103051336
1687176.8627715798
1650714.8281258119
1540723.4640202224
1456328.1387437296
1375150.9300529612
1314516.0940814207
1338177.3170342564
1419844.858394165
1378722.6608563615
1373780.8010777638
1471006.1480752889
1434276.9089600716
1475988.5939513717
1668697.4568229497
1574522.5056943742
1750879.1674196057
1841450.7554913652
1729121.1969753318
1845866.282367701
1837666.4951267769
1766503.0566023348
1615883.2361625114
1613766.851583088
1756654.8607320853
2151723.2087385766
2054111.2306416808
1979973.2046575714
2117531.5630136924
2184701.8848341955
2243536.072368667
2400585.696365239
2555978.2235073354
2355420.292513507
2516414.5573104867
2673073.1015388863
2654420.309420025
2307426.6702389503
2303380.9373210976
2150927.1799642583
2365465.903632935
2555843.884702042
2583765.039813449
2751368.8798457254
2751087.422113625
2959911.5150165176
2976893.2460134737
3219037.4463761775
2849877.3405856127
3082507.885865097
3300376.862773618
3333399.7110966207
3009900.896393337
3098490.41557541
2935452.209574304
3228676.921564637
3154968.964228002
3504439.7512715277
3759697.666042752
3859280.9251090167
3365675.0463498747
3300317.462659279
3500211.1832680316
3534574.566847614
3580285.8316576765
3563253.2375238
3605415.255643766
3830869.236038429
1137388.8
1224347.783275284
1174553.5594173865
1244296.906439171
1326910.399116682
1350688.8659565903
1234306.4534271727
1332864.388363886
1245746.413175896
1226764.5005330625
1016500.4908408977
927868.9138354762
975920.8369148322
1026790.4551437607
998142.3052185184
967802.1494918178
1004434.5605694633
1068262.0233749442
1207365.6546403645
1029989.9650859091
1144212.5104910554
1139393.2939315066
942996.2740877667
1011456.8975594146
1028894.1516040078
998019.0904352218
1079437.5915211765
1029417.1176259733
943210.4107861745
926032.9039475629
934437.8710874424
966432.4313348562
986246.7251458084
1024440.9120486415
959445.0712293395
949816.1091544281
943896.7365513813
954702.9647710299
1087639.203629976
1287149.5189796758
1192391.701939832
1436182.5767275668
1350873.4437900789
1302884.7419057244
1294444.9939393385
1089108.4296654458
1048362.6011112405
1068910.2976766725
1145837.4238568416
1090964.3534399257
1199449.3252598813
1362595.69560222
1440978.0561854918
1382024.2590909714
1298614.049569759
1266781.0671019338
1269138.5384755712
1331667.5497806622
1309307.9299815118
1371967.8075939307
1431085.4296195023
1402145.339585061
1408683.8171024602
1425234.4321653468
1472840.8836763299
1383516.9985909422
1269949.6139057868
1241488.2604082678
1394940.421830839
1354448.6617155876
1348560.2497787403
1436976.3246639855
1325108.1614448412
1274229.2263241238
1312463.0757261096
1388578.4767377502
1536101.8779694368
1577175.7356629402
1684329.4304121642
1658364.6665434758
1841262.190703446
1663304.4638499336
1527865.0048605416
1471647.543318399
1519866.1659460086
1477814.9920731103
1463705.6827215014
1585715.194809721
1713279.5988125557
1866228.502866222
2079580.7107391597
2370636.147094845
2618240.8487456474
2675305.34946627
2739473.1980230245
2850369.066772789
2699712.444044829
2589589.9650582643
2517487.9459400945
2389913.7928679455
2139549.045759763
1959087.3262944014
1793850.2908236189
1797220.0241620673
1723009.9251495982
1826981.0477559268
1811566.9571568673
1803522.7857022982
1784768.9486645027
1745898.8118283635
1967414.2344607115
