1137388.8
1237655.5022840865
1318226.55910563
1392123.4376866429
1317261.673442347
1320096.8126857816
1207288.3214193427
1197316.981988281
1205438.8606031057
1041495.4939383026
1024531.8886198223
1105824.4268991791
1000841.4999979318
1037993.8029182055
992874.0653872751
1175021.4334600295
1111826.8458364098
987305.18546796
1047536.0333464302
1176081.8112854962
1315729.043106154
1218152.1286206935
1390358.4628216373
1656036.0961872684
1890132.0583269952
1814482.467362081
1699993.2720501851
1630296.49843045
1512567.4088970537
1766860.2618315816
1703831.0519836005
1703985.2963075459
1546760.7879343587
1435121.9272602857
1497749.383367344
1532242.7239971645
1564222.2405217849
1531938.7600457724
1580302.226396438
1613103.8179727853
1731908.4961244927
1827394.9534323057
1988498.6690770336
2149235.93847886
2330329.3875411954
2412079.6322787036
2364800.6624180106
2618627.0304830875
2566868.634815493
2741263.7353700562
2817885.8737312984
2636156.5250993217
2316918.587747444
2424894.51609018
2459228.7258969974
2501673.5052817147
2567879.1563860076
2270439.0147413323
2536625.852164479
2345292.9798113243
2292868.6381154205
2544049.65097246
2689655.0140820416
2652162.5246401476
2605503.6837368277
2520486.7878763196
2379512.447319956
2162574.575867395
2225759.3524912247
2131602.5594163407
2368211.5688369614
2073444.791035171
1947120.7273023648
2069520.7865522178
2052065.4387965724
1938663.7239746472
1947585.79372662
1933218.8741058721
2136638.2570984336
2171341.9918839894
2073430.4315080608
2010715.8314522747
2431717.3200381375
2580757.5647717533
2902468.3793840776
2738806.518536399
2840567.334997682
2991469.2033116864
3297389.3040233077
3218685.3974641985
3416053.523724496
3195766.3214998925
3081541.017479306
3081108.243599045
3137270.8957927264
2965998.397753567
3071867.931179391
2975124.2728101076
3352294.8619391294
3512558.222603408
3713129.101332402
3584337.9874751056
3251383.7765789386
3071969.6570187695
2969002.0533962375
2961389.3782487838
3175321.5404725643
3113047.6964035067
3063918.4115385595
3576882.51802045
3909613.7197427396
1137388.8
1247163.5866240326
1159649.5877645656
1165943.050276753
1087343.1508825752
1113230.6186611212
1159750.0007521878
1318738.1912667805
1366125.1888453872
1446446.7994523698
1416637.966932323
1579036.7111375218
1536109.503722973
1504490.3646371132
1520418.826534976
1773000.5843627336
1859715.349633374
1975128.2458485086
2028813.097326324
1952062.093333174
2234991.00498569
2369057.2740975055
2444482.5181924426
2475078.2103254464
2137921.6178681497
2131667.7123834356
2518327.9779541064
2482459.7800964
2595409.0326149017
2604570.5459228195
2190628.144367127
2324704.2967958045
2149978.8599213646
2284762.207684221
2474131.0790145183
2699492.7020033896
2804694.02469885
2692136.15295085
2463714.743474079
2462312.361661903
2567831.010721393
2869845.3265053825
2819122.905652405
2839493.5125823505
2992134.1062086644
3024248.339918372
2988573.108011887
3009123.9982980574
3253148.1659758883
3271941.426889898
3822597.3374620522
3599610.5027062893
3249114.2338197
3685533.5998437614
3669771.80141819
3995047.2299430077
4070488.2181220152
4222350.021389975
4838669.472382219
4813789.107927963
4887079.698746423
5142835.852115751
4733475.187336824
5066741.807328845
4849624.884855342
4741986.357095641
4427350.354080664
4266811.849278768
4400064.496010104
4432105.226048167
4673251.569057814
4208092.539128347
4579613.83678983
4654894.667809543
4614733.837050254
4860349.393218434
5071185.119390313
4637943.405816837
4713153.613671413
4693229.842493881
4759829.0909171
5021357.047175976
4717742.30930597
4817553.907171032
4874425.759114407
4885904.328417048
4152385.110196968
3822514.307763321
3599261.6904475326
3571073.08981155
3479584.130395436
3356658.794221673
3099736.9419150585
3486004.2903293716
3113625.804705899
3360853.008805366
3549419.3310685013
3470901.0921256337
3752203.27900684
3607552.5013855305
4049290.094797822
3486463.420335003
3489079.73248584
3564661.4873196925
3931852.3888007514
3807003.7181135286
3610443.873930649
3745439.7399510546
4148545.417241388
4165154.1028049346
4736011.5550588835
