1137388.8
1161666.6648056344
993834.2334755856
1082019.9909369296
974918.5094676944
1143628.2957676956
1173312.0019315437
1290220.6647002874
1101308.948737526
1200061.6095468693
1251943.2820982495
1263735.2226273967
1263257.051677784
1255595.0510600975
1366882.940841491
1284635.3721259942
1230249.2439682512
1178851.537885819
1225135.7684974333
1384672.3209511333
1590210.0368844501
1717443.9747824422
1909514.1560362377
1855451.346643211
1739637.422541107
1579105.6820683777
1426288.1824396725
1446369.1787447669
1322988.418313517
1238218.5929932618
1364542.7508639374
1432298.8489791206
1517456.7445637467
1440053.295885131
1417894.8852850473
1411297.6353742664
1323857.9151563472
1418032.8200872617
1463663.5542657215
1489602.8470885814
1510491.6685199707
1476767.2682547248
1390294.64545619
1451400.5506638205
1359537.8942327432
1269456.6791430486
1164686.454478958
1229823.6431707132
1165988.2798181807
1168102.0723475325
1287183.8304470966
1332725.456471551
1528022.0447095318
1512921.698507843
1731581.231808403
1687463.9154049456
1561180.3108744307
1701173.5605014195
1730533.410057898
1693476.6637004104
1644474.3674295256
1476805.0514695947
1585260.6880131487
1795763.0871243603
1711559.8933443776
1671500.3490700752
1568752.5209486044
1782561.3299142136
2015059.5148486805
1989100.5821923593
2008800.736722469
1930834.7879983892
1886463.2148202483
1931924.9760782178
1603484.2824247505
1660156.8579310544
1782813.6685009168
1564930.8910111063
1469059.6364797
1437938.9528433832
1441715.8844611833
1282052.583780672
1310982.5083876876
1283354.359936487
1297118.6486921199
1364476.5229728075
1372002.8424154518
1346552.4241474995
1278418.3075821474
1225134.609274843
1348073.281605325
1216819.3610178255
1289563.3661709742
1267653.6944238706
1384430.128230524
1417832.470385314
1228049.5568585983
1248657.8247818102
1207353.727334622
1170429.1030862695
1154344.59905671
1057118.7581672966
1059246.4879530824
976947.9803903833
945029.1024148265
948248.0416378719
931163.12218124
964690.1895239509
1098054.7100820288
1137097.5126691705
1215998.4278946158
1137388.8
1242900.2812850538
1382182.6225390392
1444223.4537669024
1381110.3751552806
1688804.4420816936
1711036.7797139555
1630692.4740065841
1634577.0187061462
1712768.7590274648
1667343.1066141021
1594422.369212355
1667665.38905476
1576964.3861017746
1636172.7420466733
1698141.6585657606
1702049.1079326482
1581716.282753332
1669009.7052811026
1779813.51845949
1731506.8168673075
2180510.8159199236
2380713.7788671157
2265006.873957816
2303781.0126673845
2488081.7143256515
2567646.438521281
2575932.9689796483
2736761.122272126
2724658.784894435
2677584.8620768557
2538926.494928638
2693129.775735943
2967770.9360385705
3204113.456824234
2903778.5449397904
2422237.091544096
2514841.611487908
2392709.7166005527
2275368.709482728
2349340.32831558
2404750.3603676655
2243568.806741747
2179954.5768288234
2147768.2488253512
2373940.4437279752
2588845.9816353945
2456815.8804426137
2486765.7775157224
2914415.4086864567
2573540.8936757403
2593272.8407762246
2488384.561287716
2551506.9794180994
2747041.596514964
2430357.169491553
2578901.940505888
2398027.986339525
2488523.5088154715
2587963.236083689
2738136.5703178225
3259058.2204259657
3406709.420031038
3607820.9471902517
3232235.650810208
3077874.8127292334
3041653.3121573823
2711768.812486147
2701813.4427733547
2389897.6090158587
2353936.107715228
2557784.666615302
2545934.4916696493
2557765.956116521
2589249.675415441
2408429.993839802
2691219.875266645
2735428.0109098847
2694804.7776339166
2463265.2268600706
2504871.2923238613
2666718.230548986
2377422.7577341553
2674899.2485343902
2712227.758506387
3313901.887740973
2845885.259993874
2928112.6291131536
2988909.805671489
2518217.8234771835
2481023.9180032117
2186022.102096642
2195777.7057422185
2445274.913881565
2441874.162984885
2033648.0580766292
1854504.2352027101
1741549.9579552137
1512708.02042368
1495479.2616428202
1583491.0533043002
1660034.1334934672
1794253.6403370607
1799473.630448029
1575937.2911337398
1463466.9850853076
1243791.9907670312
1286841.3114263683
1216476.4840462748
1407627.0330005568
1374646.5929471934
