1137388.8
1096905.8753149922
1027691.4216177048
1089335.2186109237
968736.351545772
801672.6636839677
715919.3094603064
760881.7022470421
738436.2698739364
749896.4283453282
730829.2963904215
799693.1361827515
733593.4244582204
721824.6059367555
739310.7858643207
744862.297495105
760474.8740526496
723805.2103658543
759116.6469416063
781890.5649696724
736860.26677296
754304.0604444785
755714.0106074916
806885.1715510731
779652.3552594953
730086.8609521111
774445.5917247755
829366.31927541
879573.2048489692
849747.1531125545
956989.5819592357
981886.6251270528
1108726.1911478206
1115413.7315193638
1129877.3330725804
1256845.256976013
1298132.9581832753
1139306.871017736
1127654.6273398907
1093092.462245939
1020439.2493741676
994976.3455505575
1021138.2482822516
965094.239519719
920866.6233306866
718305.6211254505
707850.4676083141
719965.1583474454
703788.372125748
802625.2181198153
845108.0775447799
772577.9940363234
757990.4807560197
775205.2803496894
851584.2129620085
885787.3747069612
831053.2170024114
737962.7471118857
680649.2362018378
636911.6992752253
616164.953452794
644618.422389529
716149.1301364005
671257.012057059
706396.1831494953
720598.7763406895
724158.840521118
694764.5091588077
726299.1899788595
849897.6090135172
818970.2267476358
830667.390464644
819610.0686991039
898151.9314772406
926838.1081977944
1026924.4231230268
977073.9353878489
890545.6066556216
856351.0827688064
850687.5989081525
805912.092637138
864516.8115464664
991327.6053697196
1228624.970930219
1220390.1261496122
1334536.9628035233
1387934.067441321
1260999.540996434
1281222.737785577
1452060.9406554133
1573036.3464793046
1521127.6030581286
1626098.8856914765
1784886.3918695585
1614074.8170442968
1676697.310568721
1753440.4930852244
1619595.5089871504
1714186.9417542457
1843965.0373194937
1929047.782613876
2015845.057861265
2080283.7240853517
2200398.8326628846
2247679.06896674
2415399.6541516953
2514783.927281229
2716935.715568476
2510979.4133161064
2532978.5989885987
2529882.4165097107
1137388.8
1044984.8006607423
997173.75715888
1049864.2980296356
976200.9294041969
901257.6210672219
924869.5398843525
1020679.2306770794
1004054.1115134732
966739.8376138455
979339.1613980631
1058177.771239037
1038890.2416060036
1083954.8820741824
1039667.3393542776
956182.510161651
995917.949491326
1060929.8310020552
989631.508157083
983894.2628239188
1079614.5108222163
1067403.4248762412
1039553.2944602607
1051152.7834255213
1198987.1866134547
1139126.3998094462
1061597.7998992498
1065816.4970963963
1108108.5789720092
1128876.6076311925
1112289.0276430803
1199102.8942780131
1109082.7422008815
1147088.7628641233
1054110.663430995
1059453.6142634216
1065876.2316532892
1318679.0650147875
1316011.9298731675
1340182.1390583077
1207202.7156213797
1149967.8458748776
1186122.4016732282
1276756.4952520318
1318130.274606901
1342606.999484991
1289375.3174506642
1315518.0258052424
1385154.3281522242
1340480.5996685014
1415017.2920085755
1279449.53008965
1367321.355189849
1436354.1650859213
1410416.3998474802
1243005.4337518443
1228903.5890810462
1206991.9492356735
1154315.347514656
1307531.771276534
1559816.2242772118
1754662.896439724
1614775.0924301327
1717730.2445137224
1826810.8287096438
1805487.093958858
1980362.194952015
2025362.2443176908
2195763.351280948
2479672.3716389085
2279045.1590440427
2214067.3449805807
2266421.6490813815
2437465.1117527685
2777561.742435679
2669298.48685984
2737277.413787763
2549197.3303033104
2322432.4833390196
2000104.09572208
2003278.8561680645
2110729.090423487
2268329.5743131004
2357228.49920022
2228006.5180244325
2381999.3427561033
2655098.00612512
2429864.037026388
2160565.2546287593
2161273.0612546946
1782883.5494201428
1866565.5059323565
1756807.2701769802
1764915.7218381623
1662653.5034535069
1817871.6402240123
1977776.2470504832
1947945.251068993
1941935.0678692071
1814028.76382837
1738847.6102369633
1889058.897600939
1995616.1852759325
1863088.74107647
1622181.3001733306
1719702.9075991474
1682745.8235386158
1598335.3947908648
1519120.4529795453
1559595.8644014196
1491859.3101780363
