1137388.8
1231974.0599882666
1325582.9446787266
1435259.7317696225
1538856.3917955048
1491678.7891081474
1492176.0014729167
1531496.0338118223
1407155.434559134
1509424.3816050477
1598418.4071154783
1330628.3862321584
1399506.5645235034
1276949.2246253735
1224503.08323245
1198114.5335853535
1292051.1966198918
1343350.2435655235
1289727.3216810105
1359681.84945747
1277793.7510701679
1155967.5547535687
958882.2236647074
1050725.3968943106
926965.5374745514
1042985.8534682567
1072664.9040117778
1059729.2178331793
970530.7702297815
940358.0941831889
872900.5583183939
734039.7892051374
678669.0643125495
647633.3882245613
679993.8340569749
689564.3949710581
687801.0676495709
693173.3627514212
737778.4322799881
720202.2081438742
743916.5826505594
758865.7127746225
748570.1296386227
781878.1894373464
734563.3251220008
819536.675089219
815907.3426964574
783735.776809544
817530.4137885425
855564.776337525
812959.3855673947
786701.9456850935
784197.8341816945
735939.4943685774
748298.4921623076
703372.183322422
658996.3237671158
661473.7994741313
671559.4274270134
633874.9476972674
610336.9234206545
554824.4407764901
545589.4289182269
532974.949671383
567093.0993422761
549704.5662509399
554825.3053832623
536320.2421229641
581690.6923706156
573518.7761465858
622287.049134698
546191.6410858972
530027.6317260666
596741.2033001512
621954.2226704309
600515.2110373374
527030.5513239854
507660.05754966923
500443.594159208
544345.6164593367
620295.7707968842
617027.3130401919
570983.4981078737
516126.7781060653
560692.667667275
494969.34703661
493030.0359797324
480902.6138700482
455222.83642958803
474105.49489026336
547358.5509527908
563680.5274598841
604510.5284371503
625105.4989197458
623986.4768357127
628949.9171062354
648366.1013163343
589364.9407105765
687499.712912411
730308.7327604668
801740.2919148166
827552.6873283209
908089.4731067128
952884.47482067
929529.7588604116
1048158.6694418266
944568.8565587827
982260.7541893298
1073088.2663443054
1098915.5728408059
1115916.1969275023
1137388.8
1115788.861244635
1123741.6702398947
1009797.681449372
1052573.8474185145
1023264.4821002982
955847.8166780995
948828.3584074866
957306.4532333049
966076.2436040008
958081.5708022343
1062247.6390333448
930145.8291891563
875909.2776733664
785851.0483754148
766669.5973241985
680527.797233996
709901.6647327637
709513.9649949007
700514.133256321
639816.3179418643
679503.895272632
732562.4206817613
646914.0035119626
695229.8573186515
665529.1117153523
669028.6991718014
736704.090704637
699641.1211471232
673363.5785937712
656670.8022887378
536635.3634770793
515305.73063185526
459602.8030222818
489243.98687739787
547819.1048654736
539163.0415226285
579050.7245008464
566581.9025130402
545061.6823439905
541849.6215106664
568430.1708417109
590817.0861660081
502732.935061199
555407.7660675738
520453.2954596253
593344.9583565288
571858.7107490514
641419.5132289304
635559.1254300916
663463.8918243821
623115.2855639664
671447.7540439815
646619.3582194538
674874.3350018872
757107.0363436945
717808.08722629
668372.1656343119
622044.9648319561
555463.5655300698
639815.5821583843
619125.197078982
642559.0104780736
566447.6672146263
598662.3522527787
658537.59858325
584356.3161347957
621453.0144290847
597125.9474818102
582880.2584099708
588765.3926345939
532288.4269565274
541865.8002552341
555188.8549131948
530974.5508871493
498737.71189866937
497893.1041668732
461921.72867045493
463326.24799194885
437349.5348159606
417027.21300207824
418100.4157763561
420351.8168585936
439385.2080429198
421915.3576442394
371198.4929896108
361451.99667407223
330651.3209548972
339665.2129245492
360357.5561756777
362845.17219501524
367331.2189981121
345276.2411868296
338078.96837150346
350898.6591810234
364753.6201909391
382163.4086647705
323882.6071224573
360623.8797910918
372653.1293742
313429.04525380506
319493.0559572102
364004.0136837029
300224.58838488726
293971.0178409628
270436.7965273015
296158.38397142047
274046.4777241792
267522.6383217551
253264.28983306384
276378.7520840965
