1137388.8
1194359.1894136202
1232586.1712449694
1323699.5315297928
1286380.1297581405
1149100.2839393583
1187133.0525406215
1303306.6337910208
1316602.5431030788
1169121.0083619254
1137573.4332857628
1241146.5041712937
1192375.9394847397
1103017.911888967
1246069.704483459
1224000.6318191213
1293571.9204495158
1322830.0646611478
1244452.7190132812
1240546.0609352302
1126069.2748433365
1273535.5473446052
1315202.9948144
1238616.1753249294
1382677.0652625142
1371324.5366890903
1400565.683278181
1428498.7289167787
1626562.5007274572
1549716.298278802
1385134.3340969847
1150641.1637281247
1132418.8634658917
1259219.5868470157
1323817.994586962
1301726.3065348715
1195360.2052929979
1200204.5738317
1069746.4082551803
939551.5197715671
878436.684356834
839251.570321725
811635.5829885203
875830.2314511217
787554.1144640481
739689.796553224
699727.6812150007
711157.8274660928
681035.8783183772
759255.0688140845
811712.3494467912
827939.5554553319
873545.7669004571
907174.1440769834
1008465.9341047313
942922.2819383005
887482.5007339604
1062254.7422652696
1134395.1962850392
1290608.5872014032
1301819.5820845661
1497905.22234581
1677833.048800254
1585136.311695091
1603343.2850176776
1466678.4778299313
1414873.3958992849
1509903.4571585436
1510724.1309463314
1663732.769647873
1673707.502622324
1623547.755645859
1727726.070006081
1514513.3926519374
1467484.830157366
1464326.2183456402
1493534.0906506556
1555477.5441628753
1614681.6081212745
1640143.3381328753
1627523.8192020336
1588648.3791891485
1684093.0593381883
1806702.2501957612
1920044.88144517
2037046.9350526112
2199718.5567426397
2133656.731559543
1902582.1235123158
1810874.8480659344
1838515.38650233
1949322.4941481412
1739803.0751902023
1913377.5534593493
1980958.2045899695
2028491.813329803
1947722.6023575538
1871598.2522548125
2064128.6520107423
2282903.3287900384
2104133.984770472
1986220.263559023
1905036.4207653734
1908751.4375917364
1793545.854580088
1743437.5735741733
1913376.3132817447
1770126.1388685436
1975610.0758606882
1934957.9888302858
1946965.9981393372
1137388.8
1068834.130055077
958924.1134135666
943084.5305852559
994849.5067642616
948248.5421287821
874863.9170006374
845684.6461491799
833504.4614876908
779536.5558499394
753639.4582093364
681958.9287711292
712847.1746653744
669803.6941833711
640473.9765819925
670632.6236715254
683679.5575199502
607300.0878300758
496426.2669207451
535348.7614357759
504257.3840487707
492001.7382113378
464707.5777647398
435703.4444638936
427993.7925136753
508391.85937141284
535760.2773127082
559004.9386087649
571020.9143507364
570423.5011375047
573335.8191711727
626052.5807796213
563630.626846974
522149.07771407877
537671.9726545117
559209.0088368866
512460.4450663273
519808.598042992
509239.77136118076
479491.49371592497
454348.20515881723
474934.81905658904
479462.94781089603
463403.037278699
500739.2581040947
578038.095763975
590304.7876495995
542439.2295882565
497745.17402034457
556315.9938285364
525817.0837967984
545366.4061224889
592375.5829696498
565225.7772985792
601221.5091591241
670998.7124187988
614745.8905217014
595430.6236506951
566556.4456502585
578008.5990844588
578640.280934135
578377.8628616831
637372.2724806685
692145.5246551234
709198.7134970095
777233.705007127
915410.9262103776
964900.3853521928
1004561.8174931366
1026236.2935098547
1080434.0921740877
1004058.1107386166
976725.0928122692
1124732.3918273926
1214859.839274493
1186721.7625628845
1149054.891992679
1112180.7541804726
1174455.2829759147
1324902.8864771617
1363850.9799813898
1372041.46562991
1346490.300555106
1270234.2863866282
1360932.245140235
1345544.399409395
1316957.1689051236
1654547.5351621995
1931984.3336810013
1820763.7159869387
1942212.9355443325
1969779.116865466
2097369.1742275236
2190213.4431294734
2285150.1060084454
2065325.6562279388
1938161.4752122173
1956463.1516398874
1835492.9636556245
1765422.8079799314
1704946.492283535
1732983.2006285265
1483581.5428310318
1387612.2977452509
1467483.774263097
1457219.2172036625
1438964.8520944363
1481185.7028382632
1367853.1114363978
1524144.3010470823
1495206.5187675636
