1137388.8
1130078.6766191586
1039109.9674625506
1023652.1355221695
1154862.1358342366
1097494.7284909377
1120996.0014263378
1156986.142784215
1181248.4490689582
1297946.370383182
1400035.629186424
1326339.1737833873
1319747.7148658182
1358552.6850208342
1550577.7379407918
1647686.0037301646
1548043.792520174
1476076.3902814721
1564809.2324364749
1540978.849758337
1639561.1027130256
1599975.9607927313
1672918.614130715
1605887.3529878638
1472998.8358445973
1641745.2507529405
1586863.9338337625
1480713.627792178
1465064.8501142673
1552274.028196338
1324822.0377710788
1317526.0445648197
1409064.358531211
1450923.0608835658
1464400.6067345014
1438926.9590387805
1578961.7418123153
1531223.2160649712
1672152.8779890102
1782261.6668946063
1689471.0704351398
1691656.4569462982
1606886.7683143753
1468707.4692334365
1482519.8973082982
1274998.6137163534
1183615.415006824
1229964.2003540322
1166896.6051074201
1143964.894752862
1310610.4837503438
1387073.448594956
1310704.47976177
1337889.198939988
1310114.69024948
1194928.5355206504
946490.9725024806
918459.6700571366
958308.6942756767
1029385.1212341851
1057245.8963262504
1162199.2725371614
1222758.870861035
1317304.9856686424
1198029.9864422774
1164724.686091585
1157502.2076558697
1279679.1709000638
1371915.8901504846
1553995.9806506168
1441684.3999864308
1347785.908468474
1508258.401060036
1561916.26166988
1482959.4296642968
1525550.8856637557
1485802.3434755688
1376515.690234356
1379851.2152442087
1432794.0624481817
1496267.712523042
1479978.8981536953
1403883.5174339267
1475311.8534091478
1560266.9676101857
1471311.819873533
1572395.0790326179
1544973.06612908
1404762.6272185415
1297805.507657029
1328737.235000592
1405737.1491339419
1498433.0739666647
1382806.2441940266
1347511.019168555
1408861.9863706117
1356182.9153688287
1267379.762373653
1341040.0036488932
1317490.72489943
1366191.476977921
1271077.8168349885
1259132.619001633
1241854.69350641
1126886.4854521076
1236829.2459191717
1212552.463792649
1048162.5700122989
1055682.084373207
1068805.0822253756
978886.0933810429
1137388.8
1058724.023639436
1101916.9706191455
1061614.028026807
1039513.1241174792
1046259.0625507714
1017894.9350391513
1077244.6514172393
1243617.0309632334
1182050.4224565665
1347353.788850583
1398094.44438526
1315476.1580926403
1179402.5663542796
1346718.216580447
1450960.6392262091
1436364.9648225477
1512542.4650783332
1557866.9308792604
1746439.4750973894
1818695.4344399278
1878506.4690016378
1882264.2016470165
1591876.3525853544
1572799.860747458
1732077.7199314006
1663752.1282719534
1633318.5610436567
1549300.4204257068
1536224.646813575
1412656.1697030964
1323956.6854799667
1316487.0205925384
1349724.042387461
1351527.4954227726
1324035.588454819
1278301.9312212663
1154313.6419829938
1145007.8951270832
1102873.6850755278
1067721.3797095362
1209686.6839919917
1290733.9887467525
1414980.1662813856
1511277.4481076635
1427093.0070284982
1418670.1913349668
1456347.4249813857
1477646.1799014152
1545733.6591262538
1392292.9313170628
1408983.9407587398
1368063.8942395227
1363528.2291639957
1519018.2901029815
1475365.4101722667
1526494.1934314466
1596070.5298670123
1589818.9502533758
1602419.866319164
1357537.6781107255
1428933.398648856
1420341.1699968444
1349084.5299011501
1460494.0380614824
1564265.3576885394
1432739.933027322
1525719.1262230196
1340315.757305638
1445500.1536658122
1522493.6160154988
1514094.5200578726
1368983.1161815235
1371853.1502342327
1247566.212463872
1273428.7479433876
1279491.506926366
1320518.1525029812
1314172.9093802262
1214027.4755974535
1182497.4675730516
1230062.1774825158
1221623.0636810209
1271629.8090916562
1256802.795608159
1243640.1724419168
1335143.0370521501
1166152.0089347456
1037968.5021689208
1031853.1890366686
982497.8396683331
1002965.1994942451
964143.0536323137
974211.7989754084
988232.309140024
990760.4733060112
918759.694283634
908369.6456743248
986850.5142468847
1064306.8811888904
1039634.1150117435
1081460.7746161968
1050431.0211773964
1220010.701902831
1222729.9703801577
1166621.254777201
1322230.6512489582
1293339.3486949382
1256628.7430128932
1411325.127078582
1520524.092999444
