1137388.8
1088623.2313473083
1102712.668992565
1160077.5914031663
1106728.2617378607
1142315.367202814
990198.6906781197
1058548.2611496006
932018.6077504698
930537.7331072735
1117125.077918991
1007141.3055909867
962226.1839089689
844994.5979892383
846065.070280636
826905.0694109752
825893.3375943553
819249.0109444193
935196.3932745046
892280.5080684257
816898.1494005182
783768.2099863926
758442.5640603396
806188.1553517485
690072.4369538624
627560.5497937041
663906.2976015719
781661.9120222703
777763.1630620438
730961.8939500893
711856.9984588441
651322.8593948348
638237.6111607796
642316.4699345176
604153.8143720239
589227.073704178
662677.7882402579
744710.4384360665
748169.1257654043
769907.2007190202
758649.2193431857
734481.7811498137
692475.7803358551
695108.342634684
716093.3339731195
764068.6457239933
762117.6356155644
789462.6728444822
670850.4209546916
635934.048757345
659211.7559914258
618791.083362339
646681.0398138314
704166.7531733345
682022.5654745599
668191.3306903893
702071.4839819362
710444.8438798551
710025.9980729492
738657.0141046529
775878.0339340045
798031.4153783716
872327.3168144866
821129.4852667936
749706.2168126688
730103.2792573652
733815.6297413796
674399.0380324802
804847.996212699
854272.1002261927
772065.8380473113
787952.3294846333
846103.1567195246
851416.3922526165
827670.4038353262
845946.5597069165
895846.0163862235
808250.7054396895
785521.9720323408
872120.0739571489
781084.0030755163
864894.1045844426
871986.8890927088
860869.484224689
857393.6961568001
816846.5223861212
809865.6383157914
822330.566206541
893174.787119927
924589.2381204686
911369.0933391232
827100.1070166801
783833.0274925943
831450.384906116
739335.7071245621
769053.2008060814
816681.0596931597
799083.4308089836
744628.5805991329
769779.4029180702
752900.2998777993
821785.1309795356
842016.9375913918
855350.549264968
925845.2428183028
892941.7849695631
859794.7160796417
916155.4180144202
910234.1401105486
979557.1834796297
1093067.2184517763
1137388.8
1286553.6119508184
1281188.1531771466
1257141.52346836
1375002.7411913718
1400571.4918398326
1320994.4533084575
1291209.011192806
1202864.4429773993
1250313.2968361203
1427476.953529309
1326792.814085342
1415075.0672987471
1443931.6391117726
1278229.136307276
1439699.9070915633
1404922.529142087
1449501.1080487557
1516746.5013499388
1624374.8188867506
1644787.7134935728
1735263.5835399653
1712643.7370681511
1496701.7461165315
1657311.6422853186
1794247.1732321554
1776382.8258609243
1774533.0075719135
2013072.6738525545
1697424.304832587
1744656.4889083512
1620356.4195479539
1559494.3596344804
1734564.7906901138
1624578.3111482249
1691689.1920427429
1714706.0236436175
1530540.0212193965
1589388.372114083
1583388.2072232415
1312598.9972685964
1400945.3272355655
1477688.7501092232
1458044.8333956026
1551875.4802011435
1459673.7051231195
1477883.0498904279
1432482.6207145806
1532032.445949636
1727422.6987861933
1767595.2746973662
1622416.8610728383
1525814.3255142858
1464838.3394289233
1639619.6804375025
1634436.0753464054
1565652.8339365812
1590694.8615774217
1837515.952685846
1628067.62653267
1459929.7517405977
1513837.0768995434
1475884.613723547
1645117.2561503577
1616015.3343077744
1339191.6177534624
1416899.996354772
1537706.592656532
1520279.9627516656
1625160.2226357656
1530613.2509247195
1292356.2966685123
1253375.2077397876
1315694.5541293023
1172924.6830809342
1150243.8687999186
1137790.5072595938
1121470.5744700963
1051448.7577319082
1064491.985965797
1135933.4489325362
1131281.1097063413
1040151.5315761903
1080654.7241052072
1154164.3175829644
1346284.40946922
1220799.5114945273
1027688.0494481028
1060255.5010310777
931848.9214785632
824540.9970679504
900282.6434379737
907063.6332899708
954694.5768435907
879867.395326989
906648.4493773081
778638.5478188773
749025.8654779806
711728.1998422653
708027.7951197487
675200.2032823983
634657.9111653302
634054.4290419802
648742.5246810867
577514.2793949643
652294.8640823847
666335.558372174
614474.1848822614
614078.6390145072
614678.3290271241
664466.2525269984
