1137388.8
1205598.670971457
1255339.7840902915
1146181.9985326477
1235382.4814663974
1212135.4701600045
1078249.041592211
1171025.679294058
1190372.3335653988
1171971.10469388
1152578.3522517097
1208990.2215612936
1148093.6199098607
1083074.8418111282
1278071.6009003776
1278500.9537085216
1230553.4585724669
1286744.0048927118
1239611.3723089749
1221976.1973892318
1229192.1931068238
1210884.2006215944
1237272.007444425
1182310.719221056
1161186.7423742681
1180526.8966804442
1346942.7414731332
1243335.591914136
1323410.073108619
1228258.8000257197
1299318.4685348845
1314818.2195034598
1173041.6740833132
1156345.1148076176
1038198.2749572096
1021773.2293544918
1033356.5405676791
977154.3171941938
1066718.60954861
920733.806336507
899855.6389710604
907397.7904266935
876493.4564227584
820758.4948462957
831312.6779601978
760050.4157605438
782290.1723206085
845764.6512183533
805400.2934832294
860741.022109705
927592.7477138704
1043071.1461582207
996714.7554709135
1144046.4872266548
1098899.6944330803
1236663.4464250812
1119122.9095507953
1170142.2552010785
1285707.9061115084
1107413.53200942
1055107.1485413522
1048159.5923542832
1097572.889635833
1148565.383381409
1173228.255703517
1202497.3045119417
1335615.3603611223
1325785.2742958276
1470491.2301469701
1604413.472765412
1798109.0265469623
1800313.1624180002
1695721.8791133154
1697274.191434446
1874598.4486753356
1869231.6475160203
1830289.316694573
1902324.0867756896
1863378.7151076833
2085994.9852153966
2058420.1254329018
2469599.78856251
2439056.002456447
2327346.791351495
2344233.9627123005
1953019.7006564178
1807797.378295374
1733837.5024092628
1680106.531850814
1724787.9187607164
1646312.5386631973
1766547.7192117893
1768824.9722430408
1696002.479740512
1766040.944648232
1687697.7662970484
1730764.7575552447
1727712.1802769043
1794386.0038978802
1780798.8073634675
1800197.0516366796
1752778.3866365487
1626595.5546513556
1446408.6067834909
1325795.665475196
1303791.6994642103
1256588.8276918107
1303128.2172776014
1399033.851126564
1361596.3394104552
1428291.3682072423
1137388.8
1162619.3198151365
1303814.294692876
1266176.430549002
1321078.0856236932
1330452.1284197455
1313589.7416909237
1321548.3405710761
1271451.9257568468
1238498.6077037167
1230381.5588973134
1212852.1330880022
1255954.8813330717
1092062.3469527634
1137410.37364824
1163432.361968126
1142248.8600644798
1174737.6504181838
1208519.577140567
1191488.635016534
1341756.7387580813
1279651.8344285612
1177557.002144554
1429652.3243595983
1314842.5215209846
1275318.314531512
1354715.2327468947
1253423.021833462
1317266.140379741
1264385.3511213928
1251223.8739433899
1164852.8612094265
1178321.9876447385
1204838.4941811468
1258028.7931960276
1185137.7838812112
1158678.3369930973
1072018.568074249
1129569.7542248133
1150328.7023670026
1093510.372646797
1152513.4941511601
1155282.54825625
1150616.8266984378
1080667.5459559727
1211955.2248492006
1279563.5176915077
1282981.8450140895
1297955.7406008604
1434429.3801422752
1330327.0559088052
1214793.2566871026
1126911.1046024458
1163040.112962222
1177745.084505141
1207950.007909473
1170259.955787951
1310079.264776119
1171092.3929176936
1255360.8006925902
1216025.6564545976
1395826.2992721912
1484306.5510971611
1507736.8182737536
1496849.2231138477
1275111.462298011
1318698.8251845334
1252454.23958577
1221918.3462087584
1203052.6562230121
1243922.6682012812
1327036.6122942057
1357502.4425675317
1371890.898210271
1363065.8329136083
1338074.9227130958
1360575.1090747188
1286296.6510860454
1227085.374251692
1239683.040896254
1258699.8907370695
1205509.9268107116
1163509.9067360428
1154755.6964153398
1177448.4783916024
1249777.6736776507
1124265.7467399247
1325751.708253974
1238389.4014144253
1271669.9901552217
1211684.2519673111
1175775.371405186
1099142.2832488234
1108629.87952745
1053198.9510692526
1066672.011525842
955814.3679302454
880589.4703462482
881120.3463153855
886397.3132563612
1096498.6570768224
1140217.4314395285
1220570.6010857793
1292158.8585889302
1337008.0424917242
1129916.3205904218
1103041.9000934053
1263452.354154033
1230222.2252377481
1490237.6140433098
1537140.997600478
