1137388.8
1041047.3259101498
976666.4847125799
972040.1729940509
959537.5898695585
896987.960261758
901517.8498658058
982128.1614585469
1002421.0777282134
889233.7422159495
834398.3191969384
948823.1517632613
954257.5719106741
995924.3175302619
974199.1444562017
961176.4798608483
942427.8028469097
903071.2526582016
1052179.0544468071
1061554.7242081522
1112753.3642182203
1028353.6800985413
988163.0305948956
861630.336451591
803893.7208474762
801072.1114578063
755269.259739113
763385.2311451687
781530.5387454372
762905.6386639625
738044.6733139876
771195.9945544465
782307.0063902402
753757.9963591765
734544.0988779138
637147.6109910569
586474.7579309687
629239.7750504091
655547.3021357852
694622.0898925994
697279.8359972188
737439.4402930875
805008.6652884497
839747.0963649923
827037.1331836898
830621.8414370994
856461.9459165025
843083.4654875379
811748.445173047
817037.1095735878
817329.2061254367
853494.1990488855
856985.6514898551
844315.1048049745
702000.1397354779
666578.8058904164
647981.0559161853
664685.0181195193
651596.6882478194
673175.6302725469
651953.8746971375
622647.7225830742
630343.5349152874
579091.4273959211
547347.162655437
452703.8314053669
559930.0180089622
519279.4441115079
491179.5877518049
517521.0601050068
505058.7347794595
530368.9011980919
513283.17149851937
482839.3879606079
417813.92857744306
478827.4624257504
476089.6682195633
478927.93764593767
487183.95431284024
467333.52511804755
396408.2472142264
440109.34959852166
462291.8262178125
436716.34647259867
418650.8635026355
479919.73756588454
454120.41231734114
405321.5098599771
402731.7939354711
453855.94815686124
462327.5674831493
461059.1843620602
478611.1497075575
466277.8443260221
483518.8766385175
454821.04736676306
481475.92129325366
463773.7879173789
430605.6691995941
388042.0621407925
425698.472549044
427219.6664651672
400004.7293141989
384592.0366132083
356236.1596383062
357336.94478260214
357011.07238274463
381256.50893215544
357981.6248149589
356775.4075490849
406140.85851982725
1137388.8
1196294.2888154143
1308230.8037436765
1291769.7331584403
1204622.9741564484
1192008.0665531515
1257230.0699490116
1155846.9039624685
1237516.6061523457
1309504.0769351164
1255445.6320880582
1258158.6167586148
1251684.8944541558
1383147.3183032605
1403817.747430386
1458727.5392139822
1427479.4088204904
1552192.3889357192
1592656.4001815503
1753444.2857308178
1806650.1982314982
1571174.0267331253
1663685.7154388968
1772371.2044998342
1879344.4954632078
1824817.1899672793
2009125.5364600285
1991406.01023792
1879759.3562487885
1917002.3563374588
1877354.6569702327
2013820.9782662978
1812079.8284013772
1681977.852275722
1807704.2691568339
1807362.930330777
1632119.8648839812
1551922.3039627695
1608287.4001490565
1675575.624775187
1650000.8915265128
1635723.231079184
1447974.4761772363
1274341.9707136275
1261693.8180268735
1126702.0647203766
1160871.2774601646
1191324.0134221746
1107284.7581995965
936866.6469021986
893885.3979836731
821678.7268750897
838893.5492008629
811691.2685978329
775741.4315498027
754085.7957441529
866445.0279567466
926338.476683669
906136.0731401168
831952.3263021926
869884.9778764074
782100.2314144641
746089.942800242
783796.3563254974
746422.222779952
724167.4646593633
695351.5275559721
737916.2939376623
677401.5303472562
672176.7034725716
658677.9546590676
682504.1835563004
639963.9171166819
646200.168214308
655645.1025069826
652543.7960191211
596952.2004939193
615076.3242036084
538786.9189511723
517365.75955567026
484553.6880175119
508081.3392330709
510294.34336727863
561737.8411752618
542768.9254970646
549295.9190411879
558232.5814806761
522747.2064373262
511074.5197118877
555718.2673882418
525477.2328604179
554922.3343167069
559892.100789995
584562.463738545
573181.3011045898
469852.57785823604
454233.13999385876
451205.49087474815
486826.16447546915
499400.1530152524
520323.76501464355
531485.4409514706
538103.638151658
542914.6853679739
575661.3733872413
605395.9674549603
565396.3936441909
520527.8119093236
532375.5574516503
471149.63032333803
453492.60005385603
