1137388.8
1054094.967866053
951587.1366267058
1088071.2336015564
1065617.366092084
1031335.0105416854
983002.2958003217
1075991.9580923575
1221375.0668364775
1112073.4375170493
1056935.888108736
1141651.7793745487
906636.9167002952
947119.6898173598
916250.2028181367
906587.6549562557
875206.7702876496
799032.1323356528
788764.1893141529
922789.4530094361
933391.7337080004
992359.930551347
972759.0015327525
1030250.8471372176
1015660.4236849088
992441.5382461594
971410.0076333432
1035559.8716893006
1100730.0055125114
1062897.0888636452
1073866.914133602
1131948.0278271476
1179246.9563897424
1083110.4890496712
1088516.1222653354
1158236.3623090282
1221778.7498992372
1238695.9177000432
1399603.1047652555
1633467.183834278
1530201.6301932207
1713757.93423379
1626067.134347171
1706829.21620096
1893717.2650306714
1729178.8511986493
1752272.4497556612
1674085.522463917
1628030.9056049455
2040891.7431341743
1937331.1073204905
1877126.7217404156
1866188.518890154
1769227.0924548549
1928659.0776554025
2094182.139025798
2070694.012777688
2043760.3034212803
1918043.5205163276
1800540.215683926
1916614.5371083666
1937625.8539558654
1941602.7831152421
2193748.8899238594
2198995.274695696
2196582.662121845
2150926.697073771
2091698.1757444474
1992671.535057706
2089522.0562720923
2305828.6908773794
2381567.315347649
2570296.094151006
2798682.064866639
2733525.220819943
3621398.970146561
3568431.753879569
3339178.773194334
3428263.8186086453
3124681.388226312
3365375.835727917
3236077.732251854
3595889.690806734
3631737.795912605
4009969.943684833
3896273.5624817964
4211967.4685371835
4491620.465893692
4626656.30399153
5201806.62310502
4866162.363656967
4777973.155687679
4677133.725099714
5309928.1000270415
5800206.606566564
5964268.616269111
6039465.708715583
6448776.54420496
5702742.2996830195
5885386.73355465
5646914.796989763
5463652.207336844
5370317.844081394
5427930.94038204
5361246.601811961
5078392.353032489
5252659.118180418
5527241.853969491
6474197.239425006
5905486.779870405
6346128.7466396075
1137388.8
1075097.9258876925
1090870.0597763397
1033637.9320426905
926193.8951072249
1080740.4187332706
1115650.7650641196
1042526.0931940689
1025949.6407896797
1108196.0326081633
1096669.706399239
1135603.1511163465
1103654.4333779162
1046465.5282015819
1050322.6948637096
1175954.4878547543
1176088.879417348
1127092.1448978845
1160520.9096379185
1335413.5826102728
1449575.826730592
1538723.912102411
1543433.2658043073
1626167.4188576979
1606346.1558700665
1692864.635008301
1987030.315910361
1863834.902028144
2108593.7728642477
2134762.251517689
1952048.3524672468
2133000.6766058365
2205320.864950852
2058737.2655009155
2014567.7398993862
2094921.200909302
2200819.465142755
2112842.955220258
2190448.530605885
2170625.235181737
2259576.5499372906
2479751.0882840254
2585313.028993064
2355665.9903719327
2318182.4070183467
2447826.8168301014
2476388.099666979
2619456.2252939777
2427560.8102154876
2677831.0482113836
2730774.7497781827
2619374.3504754477
2915372.1895056907
2262519.2168152444
2065302.5212447182
2443750.6005345606
2149595.6939546014
2033221.0657426266
2038432.2602239456
1961689.5753752852
2049387.3247486858
2100857.9489684533
2131553.201923891
1949234.7617445
2000969.50854773
2095077.4596628547
1928483.7948109752
1900708.7804943614
1759419.8646281827
1613875.7109650467
1793631.4078619555
1700201.1171650894
1677591.4013226994
1507435.8025075814
1373869.2595755744
1499756.163729875
1361908.8309854798
1256929.881523564
1149002.8311357275
1229368.079506932
1284092.9645078254
1443024.2006542962
1326702.1193246671
1197414.4040432423
1292707.8112001289
1261635.5813374596
1378697.6872911442
1470596.132751872
1532806.6050754853
1429555.5297192512
1348514.368107676
1597286.2091692796
1552259.8127134545
1496766.5768967548
1642752.0327609447
1609697.4103586362
1436820.9352358135
1407609.9326501125
1327200.6084857592
1429333.9498050553
1459997.81023561
1404964.1076865012
1465947.4701605183
1388541.7634063382
1437148.3550122723
1515174.0540743398
1499196.5531567037
1203591.6529058502
1139602.25226023
1131963.613566382
1237308.1244690774
