1137388.8
1121962.766896714
1143207.1129809353
1183769.062504921
1253353.505030439
1161713.7990228066
1191760.3592571898
1177418.4982342375
1255062.792766544
1298868.3398937285
1365072.8906410546
1393571.0989398381
1234981.812385025
1326230.977791913
1324039.428902158
1340468.3597921133
1378673.066528565
1442031.3168084095
1413858.6385703953
1352561.981329481
1480937.007248382
1557791.0672677804
1511998.332812872
1496682.8885038628
1448394.56965191
1482941.4688992032
1430162.0250549759
1307822.861947927
1251766.9110209108
1258360.9412746772
1260297.2729441684
1247521.0554219366
1240599.7116940273
1323247.8690824953
1309491.9536336418
1162914.3347847091
1221100.158014924
1143456.7253891008
1090800.5748752183
1134209.524661841
1145735.7725276172
1270417.1612997323
1238573.121761505
1233020.1433570753
1151279.4707321706
1191061.7606842201
1136452.2652020066
1174624.4374473786
1051796.47211312
1135182.0007633707
1176238.6874203994
1176342.0867869817
1110104.496954749
1050568.5412165103
1157811.0734454556
1287515.2306683369
1211856.5815246697
1175019.9210316758
1193383.1135186658
1117345.7048932659
1149186.2254297894
1157586.7439530347
1217378.1259214014
1427381.0136124913
1566793.632073635
1456245.2790326243
1497206.9383931488
1479020.9660108832
1416891.296247256
1377533.7309921859
1131741.0212723822
1118365.0993704211
1130407.157893858
1152492.8800489549
1161052.5817094748
1088114.937640665
1099253.3149463437
1140950.8209121472
1053975.073870107
896082.1802146498
1013165.5330314197
985559.8948480231
891023.386790703
851973.9100579869
809193.6650408736
737840.8706731076
815939.4473190177
852643.8963474539
805189.4069134969
859887.9293713709
915534.2088662919
825105.397630068
806434.3016487098
825569.7538842666
736746.8700914424
835969.6489651988
772859.7284522764
696078.7150975082
643968.4269904436
633960.4259496052
646733.5917431593
625676.8214168487
631511.6746542675
600655.9779424333
651381.0648635409
629214.675150096
621011.0568347337
675380.7083682172
746965.8567546302
716807.1878479815
821537.2180301095
1137388.8
1106352.856802164
1039197.2647493943
1010488.8640105998
1037530.3374986968
1034757.6274135782
1086721.9401303292
929000.9628362837
926479.6600059272
1027376.4102362246
1120849.8658681144
1108932.2859778106
1005116.03333898
1088419.5199082713
1114960.0067611032
1175861.705574998
1133800.6111778398
1079299.3074371074
982108.337508232
880976.8569606325
850401.7297580608
874756.8255662016
931328.3121168764
1003683.7391154256
1087745.4343157127
1023926.4489410418
1207902.1860345155
1290202.1538475624
1487324.0804437853
1582251.3313790322
1758987.7300306114
1775131.2243691897
1676274.4101314184
1733141.261195474
1809739.0480294276
1858018.170721948
2096984.872115329
1919827.2775381138
1986810.9845912943
1930717.3910837208
1835678.346309412
1738483.1443710637
1600808.5428017853
1741261.1909715016
1866332.9960435645
1784493.5286907058
1681919.3648331726
1632856.624309135
1890374.65639716
1859379.0598543284
1875571.2787051804
1719310.6924820256
1615252.9293400366
1487297.208670397
1513848.3513445067
1493860.4749157059
1322106.1296639738
1344693.0956971976
1346368.8526115764
1440675.7865681977
1483187.6472993728
1582389.5172732098
1492284.097593914
1433162.0851219576
1494878.055197047
1510988.7117297316
1436525.8208217144
1450968.2697721869
1582688.432165966
1642655.000242633
1648855.2578325742
1505367.5093047803
1546223.8771418135
1724372.0214259436
1549662.802150566
1418400.7580305098
1374110.3963128547
1300889.3619113218
1248941.141878691
1086751.5606693847
1214448.5078800477
1327470.6058454583
1569609.6435928596
1711660.875711327
1751585.1048673198
1942354.3794367812
1812045.4889999887
1867921.8936773974
1727705.8584254184
1926572.7300528234
2142714.419425276
2015084.5501002916
2163555.448321145
2076235.637214773
2045626.8744288052
2359343.05971055
2497148.721675804
2431756.118124764
2343923.1076506474
2452823.387374014
2383900.855738219
2299689.685807062
1901700.2057021395
1963322.7668848643
1856957.0495905052
1884430.770402437
1755869.5487201225
1677502.3623092957
1533457.040902097
1520196.531952247
1466398.1455379243
