1137388.8
1110551.788562487
1039242.7692077236
1045461.7224692461
1103884.2295864217
1110506.2970830682
1194597.9545013055
1116935.940333239
1262299.8902713202
1228020.0713394708
1207952.968376192
1266143.5283464633
1263874.2498189106
1174403.2800040802
1086162.3989083336
1001291.9912880897
864980.2967730144
897355.0042149795
989529.0066601651
986891.0110809518
953771.336913257
1020734.6070618188
1155230.2035769525
1212830.301649236
1109419.699467964
1068301.10083576
1017051.2001905887
1072269.816556605
1043594.2653374764
1098881.08356823
1012977.0050862093
1003512.4426312593
963892.2616463007
1083274.4047988995
1068008.434960893
1121469.4334264814
1172487.1069880195
1096034.0155121884
1030588.3104796828
1081899.762293022
1105434.7659225482
1237669.420443364
1285546.571550192
1316110.6153520206
1207886.7919819942
1261738.939310635
1224991.4239102658
1169791.159287524
1096292.2626122492
1141354.606516124
1142753.885352634
1201132.0089843066
1313371.165640291
1245874.0515314392
1180456.3772247683
1127968.6745343923
1318933.7365034255
1438834.4313604105
1316413.748389453
1236218.9386612691
1258388.6799095082
1181061.744796719
1099790.402323248
1032824.2970836658
959038.8828203748
1059474.2326025006
1109463.2368963177
1097173.0987540053
1027881.6534326526
1096423.1230212706
1088863.2318253347
1169923.5376397814
1208640.668209664
1153223.5254797484
1138728.7724063469
988611.8522059675
1016451.6213764439
952545.0419531134
1056746.6322560338
1026303.3761208568
1057964.328477377
1081754.8841550192
1082373.7566890363
1128636.4885307578
1015615.8131217308
971014.0181563636
992632.5375676213
962872.6029045383
906330.6245495152
849879.3141847828
791340.0048289445
834682.9672634684
913440.1567209815
816246.8708771933
758985.8680890395
653666.3420797932
683383.5892130318
647120.7254193729
695475.8309817843
608318.1288933911
633914.2892361081
605824.7455745377
632377.7275031338
616924.8859369879
699524.6554253082
725293.8032429899
775885.3004699176
718932.6134476638
810277.520253944
752502.4387670462
706470.5398282503
1137388.8
996718.9581324372
961751.5695439853
924039.4928508172
1143849.278529307
1159507.6154409298
1100577.8989047117
1138791.5835878765
1110960.5253072598
1216514.3225418378
1101348.3610685992
1103281.451580928
1071579.084719953
1185567.549111418
1217893.9672075396
1180834.2483197392
1168135.4624850121
1209150.6113547909
1102228.0026709526
1090619.4008536024
1042409.2095871052
988817.3230641888
1079286.2312816402
1103769.908683718
1103158.385342616
1015860.7693057978
988454.6324899495
960726.9805552611
918773.5384250091
847921.0401833787
846648.8972988782
828185.2566377852
894782.3034041992
987735.4016057743
1042237.0735516739
1047682.9256842576
1033530.0953711368
1052214.7766597834
930267.140973854
819694.8249200755
865473.4543454328
800546.0390909356
789606.8798566237
722484.5341312055
716439.5976157052
737095.6478092826
778106.397617879
773366.3069296866
825612.3958287406
768712.9433524007
739441.9200012266
823184.0951398555
861374.9433682524
762687.3405649868
682364.1541384775
684960.3654079682
758578.0200656673
777192.6366129101
754065.1271510344
761030.7181443969
680471.8765025771
630448.5031688514
631664.2889055954
646711.6830352017
630322.1834270711
688868.4816854065
719642.7026675032
741622.8894843116
649631.8342018621
682220.7429544209
645790.8030056565
604195.8283887127
608127.3265795035
529119.8680809332
537849.628784662
489854.96229045663
431880.5904447383
443352.0853100592
482158.1759106154
443919.47190379194
402086.6631003473
372099.2164126445
357442.19675179396
353493.4234686126
346731.0836792901
382521.0407992038
387499.47462779976
375821.20620455104
341666.3227086175
349866.6536385835
381248.4845288954
414073.1989426479
443149.1954894047
406725.71963611606
408922.9023715171
431825.35883706895
496870.9336626313
541768.9967007805
495147.2813443538
443475.6806714651
464476.73210281844
482125.6049795132
505984.2901007116
543537.5039484664
525823.4667987352
543847.1591655714
553659.9697404313
509163.7269299434
588879.5338990914
514162.3294894817
459976.7532659525
