1137388.8
1151583.767141826
1240526.527395237
1157850.6402674688
1183094.7776874115
1068629.3189529795
1141656.3989308819
1134831.9274327492
1028855.4837651835
1188308.724481992
1363852.712336565
1438005.414860326
1570088.5222597192
1586221.2639405015
1500320.0171598312
1587758.9597861483
1624658.0687144455
1393357.8880014487
1290627.0540704315
1332605.722692848
1248395.6454109303
1101173.9510617906
1116043.6824486186
1171748.5825439582
1184254.160008862
1140847.9735674264
1064606.9105197648
1018563.9843444837
1079537.652233828
930345.9598314327
899639.9218269418
938885.6782466139
935935.6555906055
987533.6122837313
886475.7529567125
837966.5859608003
871356.79744459
871812.6167561662
913856.7386483817
874947.950834154
903158.7669748575
928668.1743102382
903222.3743449334
806353.6703387717
821954.4919216558
924981.2336580337
889552.1276241272
874948.4471832805
916192.766640897
965707.9983599301
937898.1134946828
883464.3302304854
858815.0063784643
784070.8469221633
812476.1219489858
841408.5338196262
789067.8458320406
767311.5203337529
767503.3560013361
803863.695907391
842378.7991744713
845085.0986423107
875696.8426117701
923032.3930208866
890768.6446326902
862869.567046052
830773.035916563
782237.8369131759
875226.3714190973
871842.4894718003
856851.0497421916
779607.2712302284
741756.3637306413
697460.6472412298
734249.1037911883
762810.100262435
817099.3248907505
841135.8407287531
824043.5014845158
800509.6378812547
749930.7160595196
767352.7911441328
860239.104922031
848143.3074199521
949455.2838439087
855783.8983333888
792258.0413741596
810874.6390993856
939746.5030729803
913813.0979593754
937563.4920536468
855265.5432675516
812539.1562217127
782189.6233112058
762906.3153484398
845943.013707592
798709.349015688
773586.340362439
631266.5623265206
631296.3096540868
590867.581033443
545870.7674456422
537764.25296117
485405.5300999764
459336.5210309386
507100.0175278561
480802.88868202595
494663.2806193647
476227.7727724952
484819.5719263042
485241.0052210265
1137388.8
1110255.7183194624
1061131.3584436427
1103988.235173176
1247271.1924486216
1239117.3276640053
1305271.1579258542
1479663.3758373293
1403842.9449881644
1436368.5375445206
1462865.7353548785
1606673.8689573705
1529299.5695785435
1577737.51880048
1542078.4595669154
1588968.7773085015
1730463.0264727594
1819593.5409601852
1893643.1094185826
1776882.174517783
1781466.987559228
1633005.73491544
1874078.0222132741
1892612.0772749188
1571354.8022435813
1623288.9198044983
1670455.9542767247
1956623.4654886515
1954960.1858779974
2094732.8413404408
2274583.622307103
2020659.3912775966
2160373.524376018
1939289.9324896468
1978178.1660973744
2062526.1009838162
2236922.331696367
2316058.2262887
2481996.1378155593
2592495.1902030646
2624776.9445406436
2832156.1833713753
2476191.3162623644
2298304.9587170836
1950862.5172309217
1860069.7197288524
2076345.0964680882
1933807.7434939586
2051267.0007221263
2203048.7369304113
2263596.8889147025
2143379.1335710655
2222697.461541719
2036082.2169592236
1838904.3867747185
1849326.6304409509
1691732.3181078746
1784266.8229476092
1735250.5352835301
2178733.9414892048
2354903.140188802
2604274.7259572116
2694260.4038932556
2701719.1314313565
2639490.299917775
2492618.552417179
2315640.3812127938
2512262.2161378134
2385336.5391860465
2503398.8866388574
2703932.4964414192
2669276.973649586
2727919.1493965723
2770394.2812506272
2969236.6574716005
3116494.976509302
3471631.8449972467
3768558.541230383
3705969.7786725857
4113319.6935067447
4264102.2929693265
4899484.963839319
5108268.848867695
5120179.398505954
4708299.902101312
5316042.169559355
5440258.4277404
5690747.263123763
5485206.003349496
5269316.633858799
4277507.1584770065
4191168.3850671817
4188513.561721691
4391332.63459992
4417143.717229346
4994221.990763045
4952081.668933556
4598871.839778522
4042647.6724352487
4327558.633238819
4125023.148917907
3777638.653699343
3551687.4263533056
3499048.53868566
3827822.494129234
3640190.0752199725
3679873.2431357936
3411409.664903898
3254007.8035478233
3496671.2435061275
3905651.6990324943
