1137388.8
1041943.822889729
1122154.9988391655
1065339.2380055625
1114910.0809468757
1168542.805980587
1097602.7946962507
1146227.4168870153
1102695.0369907122
1188539.9875045433
1119743.336533338
1080486.4692063099
1172262.76655015
1196624.4561398134
1195132.1476046904
1278257.2873855159
1081766.215717527
1054523.6045577775
1124636.2255748839
1106577.6243746032
1181127.3981730111
1197294.684470296
1123268.2830850584
1074422.1434725365
1121918.6864619735
1053562.3404043624
1246467.6303374278
1175196.596697421
1127126.861535468
1306404.1006786523
1305656.8085207175
1349006.1743594566
1487892.0077988002
1357638.7718881462
1525698.5684017148
1291264.6243429042
1203569.911005151
1251382.9538640091
1173479.9972461099
1150567.5680969013
1052847.3531026246
998169.920477562
1012831.8581699163
1017240.3699354653
964746.4013403632
924027.1240596302
1004190.9020509456
962406.7597958378
766091.7946482623
758249.2332611518
777316.8623348372
709769.9573815602
733964.3777654092
683844.6464696164
716504.9382039685
782268.574412558
739554.3430233378
684330.2455009713
699456.8448072618
641972.7325895564
561851.4118561033
550305.2802458287
502692.888807755
459950.89697326923
453436.81808219245
429805.0629534837
455296.1858336476
493053.7534519659
480912.95839958946
503161.2438581166
539907.5743502739
612821.2427810682
565769.1630187175
566424.1382062951
521969.8533112297
490343.80427254946
495442.3552847901
508645.8823983334
451655.4441728164
431992.2050080051
437387.4024406948
385325.15231826185
383954.8622927156
365015.30636755284
354177.8720149173
372055.4467523469
333320.73453367065
290643.3537630378
283214.006321138
298118.2637380846
281825.9661340638
281791.63167820463
289454.7799223769
282789.30953489087
317440.77699159714
303141.7693739135
339353.1436464028
381748.4072151747
428569.4139337479
409897.1380410385
394072.579380514
448426.2974051737
459927.9431340117
448049.2250168475
423485.2380293282
442284.94463606615
423037.1013946223
373282.194015271
375905.78056357
364628.4155353869
385568.71797768405
1137388.8
1221302.5138356232
1401201.1654634427
1495761.9959027006
1619434.3383188862
1614596.554076457
1660614.3809583208
1672463.7775661582
1756610.180544187
1664170.7220342122
1527799.4320195045
1352090.1629186824
1215199.9939866273
1264595.2582888429
1187188.1755878464
1252338.3975095274
1164891.3827040838
1179071.6095827015
1208434.9840879557
1117333.8628737924
1105733.1004117064
1096423.2311169454
1068499.5824770988
1027545.0828122059
1096340.625609306
1091128.3454000587
1070672.2320855693
1036540.0167267297
1044637.4214504111
1087298.297549154
1122778.4560384578
1132366.8435378755
1200187.97283942
1158161.8542217524
1003644.666157753
995278.7575255488
1041244.9018049232
979260.1224049738
1101885.546907171
1070811.1579161198
1093218.1636281996
985656.2851684074
985234.8829119758
949782.5208157846
1012352.5185773845
959955.2896803322
946209.9750145032
1115064.4226159225
1073389.9779045074
981224.9491621931
992980.4044306582
930007.188932105
934675.9989117862
933101.2651644738
843360.9820638903
935378.3852252928
1082806.9612538144
1166224.645239451
1104003.109195194
1034259.0731590319
987355.6103861064
774367.4945920034
785421.4958737512
842931.442688633
768576.8634348172
768673.4696808382
792670.845289703
846268.0999321609
835139.9762221962
919583.8686857421
923214.7599892665
852155.1302707872
715565.3322664406
741853.8262725279
741249.2427748976
754339.0766205337
811790.1601433051
867185.0864383724
849655.2933384542
891203.6262981994
834189.0562614974
795073.8449931697
969071.9790582659
936939.8215946384
818810.7413095676
809131.6645886514
870602.6435249073
849672.9239231668
823100.6205327471
790352.0015910689
677619.71467292
644993.3138713817
600266.9614302518
606987.3542087078
632850.7050179181
711350.2008197443
854240.322205731
908566.9254750875
971390.3980612729
917046.0229639478
857252.0424697605
865648.4586309638
977266.800126331
925597.740514266
902139.5014314075
852551.9266750037
875821.5174596966
878888.8458516038
908704.9916538127
949761.1324987967
1035910.7404217339
