1137388.8
1249459.1673593624
1237925.1712642352
1290935.838674505
1392263.023801315
1377604.4796637404
1192143.6073140816
1274346.3889060032
1319484.4638104453
1335704.7957666034
1436327.1750015384
1530529.2139175192
1549191.5548254666
1372156.170763709
1419212.1670994672
1366346.2769852101
1375720.9272678832
1435490.2966430432
1460437.8986323657
1287828.8562187213
1358751.4259314933
1275904.720671874
1172035.7028107743
1112102.7134942787
1122712.0425349732
1037285.013600334
1027134.0204320824
1038308.8887421617
975826.1668327412
1009172.4927374321
1028060.1240422927
953891.9567703719
974353.965211703
1075313.2299044393
1092389.2951471386
997949.8408273143
940300.3584786948
1041687.8232478447
1148377.0016078772
1138876.7380404284
1173812.3945541303
1100785.1764871746
1120214.8053525095
1101339.6135610812
1127366.3689989233
1056546.2453123261
1158689.044832269
1112304.0314585986
1010611.6253041977
941382.379955175
983235.7691923064
1045338.6675557727
1114964.098201168
1155391.0972011473
1019616.2324998353
1005077.9980294785
874982.1709820448
889101.4150297355
863969.9803245843
821319.5118080839
780806.5226503871
744061.2134302743
816767.383746243
891982.4664086491
889637.2687743914
955888.0048333156
919496.1271319018
867308.6479135641
890874.5155331077
934907.7477548702
939448.3077057917
1026757.6103103877
948828.481420655
1030820.7746862676
961039.4367710898
981185.6152328306
1121207.7759900778
1112532.5638061396
1065739.943740115
1090760.246548485
1052388.7251075408
1207664.2728070174
1091939.2411316305
974333.091224817
1084312.113277337
1129295.6268437728
1232355.566517848
1088758.7281091833
1162059.3675918377
1344612.8132457784
1360992.1466442135
1402180.4470627487
1302331.0223007258
1278309.6498730772
1162500.9328933859
1179715.982481934
1061448.1247131694
993418.1459918785
893585.7204848526
909716.0525631583
954481.5036313375
940517.0566733152
910949.4925180209
945045.2372951877
937508.4816204724
1027653.6759477796
1175035.4714608442
1153553.9458028388
1412513.278448931
1355568.58892091
1556047.519098271
1137388.8
1109219.148445931
1106853.980830317
1192081.7787584576
1221344.5983120475
1124967.6635858517
1162206.884664989
1149347.5637109494
1170946.515972781
1160651.1503699059
1280171.9502599614
1198422.2500790816
1260455.469468837
990877.1296315875
1039324.1709936
1024754.4722864113
1128689.181901614
1210110.1300444442
1211283.6942916615
1212583.1401878395
1272539.8068306576
1269255.7243501027
1241652.216505493
1256168.190377409
1218050.2781776309
1270414.9236122873
1340931.1590013856
1418526.0773413647
1587036.9708722208
1800579.9471080084
1741398.3448480295
1753751.7793733622
1769941.2891344104
1797548.321306627
1767726.6874335837
1756958.4489027217
1747990.0286575407
1559677.8595894976
1721710.3227887102
1765880.343573054
1768192.7906833238
1918259.2843336246
2009479.5820117516
1997704.183094979
2004813.4327475987
2060416.0534829865
1813447.8504793895
2190360.3738074214
2305918.2987962887
2429805.3072612924
2454171.1116260495
2210351.2824589545
2101702.6288151015
2352762.3745890767
2395015.6160928877
2710373.4723995454
2785577.0779557163
2448798.9052401497
2605311.8105213456
2688983.704550827
2647254.428772029
2560932.0237658634
2441152.6190528693
2573093.753242429
2635077.3995831483
2423660.0452065654
2547614.195643989
2441706.097236137
2406985.151886114
2305682.5666296654
2352466.9193616468
2206692.7395587387
2039582.426271154
2036285.6518330448
2048155.7198794535
2383926.9480284234
2149507.7630885583
2004028.4909282562
1801806.2974570156
1889931.9163103846
1915376.0245199571
2229502.4784950074
2175964.748932893
2270645.104335358
2304484.4487235895
2504498.3580434644
2831124.8799186912
2687184.706611007
2757397.9526697993
2606750.994734742
2565562.286311811
3174142.503048839
3291227.980216765
3281123.097689962
3206404.379938291
3219794.6472529895
3708290.2606904856
3500848.0059105027
3495260.7086280272
3644402.2245391416
3251928.156209032
3599723.784536718
3858705.243463971
3239270.8477922026
3175571.423275486
2947178.389714241
2932961.989396575
2985134.270548205
2872387.0375484717
3075335.756914337
3471886.564221493
