1137388.8
1116783.2806411155
1192037.2862009243
1118471.310477782
1087127.6440307742
1107413.0974367918
1043888.1394442751
1104248.1472259907
1103327.2521411974
1042688.9472304241
878201.809823103
800527.9696062217
840636.1530353999
861339.4066058749
862929.285481778
853602.366760681
909816.4815245703
857096.7770596789
896857.0636551202
817655.9016550544
807799.4683488385
786079.3126557909
799750.5166016602
821290.5913147307
841149.6676876659
840869.6431218804
909897.5577762667
928131.9941880481
1072489.7210146785
1035078.9120858683
990961.7584472434
1176076.6701820064
1201746.5366298845
1195720.0916956926
1108476.1974273268
1313151.1831007493
1343906.233155071
1423339.366615253
1459494.0717249303
1458839.3745381047
1423504.7336360535
1307047.8436051721
1382886.480157812
1392776.3870234103
1288273.3207090984
1317507.1769069615
1119881.7939450783
1088202.3778442657
1106591.371751715
1111346.0964970523
1174760.9150746479
1340669.3543486912
1202477.4969799984
1223830.1195185552
1211200.252845088
1080048.0695235056
1040674.6940766223
1040534.319867921
1046336.5469107362
1032855.4384869739
1017500.7377851688
993892.1267693641
1017745.7051354313
1004926.3119358943
1162706.4449831191
1289708.0639083993
1384060.5575847924
1387483.9559319846
1275223.2988674743
1442954.6661945935
1392697.3377680997
1449050.7547105497
1497982.527313538
1520887.8879453377
1502262.641578498
1412737.8557357609
1382731.1294392156
1433191.0731521817
1396118.867592351
1257856.9746494677
1213455.982221053
1196169.1814028511
1058743.6974512343
1040249.123677086
1015028.8678919422
1042484.0239028938
1226245.3564431171
1223217.818464529
1291993.594030451
1471962.341361568
1492489.2735657943
1566621.073787934
1614551.5080047392
1561539.2884954745
1424201.1279967483
1369677.3135081653
1360526.1353675097
1201899.2707745207
1206520.1492555868
1211548.8459226033
1264840.6280329735
1127121.4380504482
1309864.759660226
1296548.1503908543
1456751.8740355172
1587619.604373644
1369064.5002447413
1385475.0373586002
1612780.4982552724
1521556.7398187316
1584893.5837123631
1137388.8
1021936.6946968709
1195144.0345668125
1238901.4036589977
1204024.8560282025
1240213.8793988833
1210729.6154040177
1250605.116026037
1202007.1631405943
1128106.2927763595
1156350.7907505592
1049227.4783507057
1041006.4743954693
1138548.8593291175
1038041.4541688501
1064461.984023718
986013.6752107418
1043500.4525350577
988614.3417029054
925030.8896401952
992700.4525510417
1036782.3899030199
996808.8587664175
925249.4644954412
987753.4031734107
943697.4087836994
918388.2378247196
852574.1341626571
829028.230554046
888832.9649543121
922618.3033591214
848338.8294589227
865515.4487633577
890261.848064377
847761.4583247916
849380.7231283655
861133.4762838059
722661.5280437293
744605.0673295374
667471.3736976639
650189.1794952975
680948.3597566677
688573.0463286602
679428.4057462455
659585.9834947012
724762.092215868
759365.0323574735
808146.4166452714
725042.7282017473
691785.7497148603
791664.6421680764
764959.5824125747
764422.5200993238
750149.9135523007
717191.0967217494
689785.5811363757
695532.279506328
725674.6718095267
688799.1441199138
692597.8243822355
698328.3955514753
762777.4201852585
633156.9243625088
578772.4119298232
592530.5920462336
600422.6174145503
534971.651163892
557449.2089531326
469635.9351556217
474313.00359274354
502824.36252171395
441188.4985296034
472069.44110288465
467585.8314809273
488834.54329503444
430548.9288532719
434824.80418861896
480810.71120511484
432293.52699755045
458528.6627565926
448862.61243604124
526429.757104538
488461.9746288418
440336.4693042474
464391.9361554501
491888.33280654956
486768.5182166941
494981.44755667285
434275.4572715391
446104.403804559
406800.419549952
394851.5277009356
378764.7555475553
409398.06221916
438635.12539225415
412440.9328293656
442556.8803402021
416761.02505957225
443927.0520838875
478324.55170572014
464462.4424176433
444312.6412158439
440648.8193813937
403855.8877243346
460023.5473329677
457476.1957904127
459381.83692074363
453434.7034763542
445315.24209121487
487844.2375856187
496905.74952598615
