1137388.8
1262490.7364689717
1349497.155074794
1191196.9565471455
1050288.2090324278
937449.787149827
906777.4922620329
986852.9391598975
926876.4366113384
976999.2146800455
974923.2495539049
957178.6628554905
923534.26650804
857902.7505396911
914926.9157987905
894445.2128504843
821258.3487129706
815706.0921581452
690367.9935633405
696108.3025256329
648930.4847367218
659070.3268624565
660549.8456782727
692760.1742167022
645033.4834182136
618837.1793493261
600443.7342528792
634519.011165078
629587.2708568437
660259.4080615771
612750.7862798172
531561.0288675999
620617.8344468831
622297.43632122
610391.6708201452
580138.8011152544
594912.1421383377
617282.4266904134
591504.3639249501
633796.585883385
694539.7585371326
669331.7085092214
708680.1441296873
614715.2874673514
650221.4671572148
710306.2516776762
738637.90558091
668956.9995646867
667104.8758476253
707673.4546913262
676790.2374968405
711004.7518417655
715659.3290265984
684966.5288589456
661174.3059170021
649125.8391979922
689276.4473128791
680428.4902054744
714490.5521326979
720925.9342627787
780284.8337124828
795540.3651494478
869629.4311342986
930844.2369465829
847912.328782395
956993.8349272942
861321.1812245905
930867.0076796979
945670.5753247663
1019067.0810764389
1143846.9023202145
1196502.3768762595
1132181.8899442446
1131737.1341352945
1184132.231979487
1425144.3389999594
1429520.7484178331
1547137.0021369674
1528147.0742316279
1474773.4530979628
1586928.6793316845
1407455.455710141
1303906.0218044743
1324304.769354748
1317633.6166081987
1340859.5642110868
1675014.7458557847
1650140.8576418615
1703385.5437397358
1600973.537110796
1494818.60544421
1426143.6682391022
1496039.3385727536
1557709.1664013478
1744820.605644564
1865340.5760368395
2229247.155477162
2550678.5138078607
2813242.9521148945
3260975.277069663
3530352.5164196547
3428992.6695178975
3649904.0904210242
3552716.23666126
3774534.739083957
3455263.3112180447
3650211.7617532117
3390612.941662385
3659916.5939753996
3803596.758678815
4455754.793876235
1137388.8
1182978.786427396
1250159.5201623908
1302178.5395913778
1144876.2415284838
1325774.784218209
1507000.652098009
1416045.9736128757
1349328.8020037638
1554899.6820681223
1653805.1325447662
1936971.8472444492
2286598.827874121
2328226.8439195487
2547895.493915192
2607443.046372777
2823637.7346731867
2960194.6292643403
2852687.6122062136
3475615.252466964
4013788.844018226
4279379.667293621
3785771.81495664
3711900.4067633967
4128864.9695894956
4198562.000618565
3821032.331095216
3567106.8980082036
3597250.743761537
3527268.180873164
3595528.970812503
3533244.186106205
3488731.029338434
3545275.302069547
4051551.126072208
4118888.0629172795
4262592.820350268
4447953.956243428
4420031.263538603
4679892.62392741
4489297.27708786
4085222.91086821
4287620.404733637
4529330.055074627
4141794.081994515
4204067.266796813
4213173.960622116
3409629.456073698
3839833.4128361577
3508933.227767447
3001968.447311929
3191066.971577046
3488683.3359245923
3554265.9989271415
3369565.8177455086
3605174.0229496574
3553914.985611255
3651586.417401162
3553423.6840548646
3875104.065977262
3833174.045276724
3656699.799157214
3677646.491621629
3543319.7796519184
3247401.0611054143
3295790.3264133926
3353967.087308662
3637487.2819930813
3592806.358755092
3771956.5454344098
3526898.890320156
3524802.858468231
3352597.7145895767
3509050.1921475474
3543849.5751583134
3560202.14379852
3546298.9010465974
3570080.748700084
3625709.870781963
3951217.8538978216
3775443.472660627
3589082.935353475
3123470.248438131
2778225.941299574
2979679.7644942654
2955776.23228816
2631626.7648397745
2542947.6061216993
2636185.01459179
2530263.4813295403
2623316.2245521955
2481622.3399133133
2818247.8842862267
2489913.357044581
2232997.2442900725
2227421.115220791
2077590.5464519127
1916092.8405247366
2019972.099895653
2003729.942449519
2254648.9665055806
2162215.9802228333
2118793.990808341
2100674.1565696085
2268815.2357226308
1919518.4961429432
2294310.947108408
2124796.1179997586
2137394.804666447
2167741.0967912287
2351114.469531678
