1137388.8
1121968.9918243063
1099842.8086717704
1037864.2803908319
1154328.0447445053
1200006.5716167772
1055852.3448936932
1057939.5172447828
1104756.2097017893
1218138.9384663769
1190342.8644087259
1342421.7351080817
1281620.3780380208
1195827.1033940862
1165282.1580421329
1368198.0960434035
1363047.2503520763
1480727.3031335946
1509962.8639070012
1404622.6434430468
1535680.2876451914
1301637.944854163
1336519.4298263332
1332054.3465809869
1315805.6371681942
1348272.193824835
1493931.9523404385
1692930.4738913917
1752108.9224131147
1604582.3065658314
1639935.9949183522
1642127.9647368963
1546207.505567698
1667692.6027745325
1798388.9352117667
2018870.3607754067
1978444.4370696214
2266406.6433490864
2236724.9464621553
2135266.3101860285
2226778.633704442
2128644.855034037
1947327.3145465795
1675529.8116658991
1741220.162191842
1804165.7868469397
1781902.4481588865
1790723.7435077797
1940080.309261852
1999233.729958345
1900082.0664262907
1687118.75867811
1508318.2870688557
1445694.1822332663
1474773.0263704753
1472599.903602339
1483027.3287482203
1553804.2072355838
1509213.434728574
1528450.1057267298
1474816.7229663485
1502610.1042607918
1452310.7950132042
1426607.3691442902
1430683.4864438085
1436473.3190915904
1310176.5310334645
1387023.1371058954
1457135.9030992622
1558009.6119047457
1603354.4517869588
1516374.4430111686
1613469.085431954
1404689.0692715882
1422272.9016916407
1492127.8229100592
1320187.1101148552
1334762.4002592734
1297543.6814361555
1242405.9818578304
1212982.091238593
1202276.2846776573
1296501.1773297382
1317498.7518558833
1363309.5001936858
1305123.7393478923
1373208.4150276142
1469820.213752348
1416649.0194067215
1361199.9239385265
1327334.0037685619
1200390.1302221061
1240233.2987981564
1195989.9179198798
1232716.1125461378
1215555.140924656
1217593.4425625906
1112102.5576635923
1113852.9421943554
1045664.1681126828
1096011.9252399656
1101300.068579429
1158114.5908261426
1131751.9575192088
1106605.8805509012
1112645.8945413276
1061767.8266088685
897089.790344854
791111.6826601155
709559.2214747978
688724.8461011722
1137388.8
1062345.7798614625
964129.8408768398
933421.2067556462
963927.0311050145
963759.927592959
1021744.9713523625
1015397.8789546811
1041950.9682781138
941161.3571727268
929087.2974935106
896104.7700694508
911462.4848023872
911637.44533346
830700.999216958
753216.2244822492
769621.5130104593
760177.6088900605
775250.2598139377
777554.3068254483
749500.8920055263
791604.9974684528
692130.7277371929
723407.4378230621
794699.0401711898
825672.9061589646
699832.2436001854
754112.8552000066
748682.7668874549
691103.6293384033
696021.5683467102
675416.7278649814
699049.483914639
634305.0746779343
630363.6380886185
622831.3002301512
606720.668474327
643609.6551341224
622923.2698039269
527489.1565031623
572774.1586839752
566750.5324182241
617772.6083529063
634632.0914339684
577150.7120148551
562512.7710589541
557369.7107017986
501260.18746608373
503822.8118522746
542056.234161012
557097.1257958182
521031.8687249357
597203.0523168951
590474.5037382491
570937.4883299819
582102.7031247555
595117.7871721515
611665.1936922567
644555.2163047062
670827.4743968822
705793.586265568
697139.4292704843
669374.383503217
641769.0059663368
664893.1199143284
710201.2311350364
624193.676688915
540089.6509818257
575342.5934211384
585092.1732553941
501877.8113439261
550685.7887595596
599759.8108128575
592382.9789706419
585754.0412443881
554125.868624632
553150.9024730348
556914.9227150342
539895.8819309996
500463.5837484029
448242.8978450215
451797.7409731932
490121.97724977956
502167.0908843067
515107.07590538554
558876.4468311006
498578.43023224827
566405.4133003589
575086.390221557
594918.2560021466
511504.7473338385
491178.1599691317
539274.0205522453
480558.68703789666
496248.87855817215
440905.7310403401
396591.70175426616
367473.0272704137
358775.3856442991
351700.58614821895
334991.64244259865
346164.2777677807
396431.86522392137
401155.0857005245
393446.41857414006
449271.9191023841
408742.5420012775
410452.23017733986
385593.84232450434
417192.9626768111
392417.74936589267
