1137388.8
1106479.5993614064
1171806.0942421595
1249579.4570525808
1265080.3113696338
1317590.047668141
1353941.7994692582
1315725.8328689283
1402400.4796636712
1158668.402224814
1228148.8932378395
1547522.7466909578
1426356.8333252599
1373035.2689342354
1308068.0064831874
1385074.0915016583
1353958.8904546592
1289492.5522577686
1169893.2007140068
1182368.4663788422
1220046.6142277103
1342113.92646862
1428910.2435032337
1365533.6292036618
1696576.3514916655
1707998.1054878791
1828112.7907417156
2320974.711507356
2259465.621927592
2300661.298484868
2265131.366927806
2202556.0390442647
2318798.0758289816
2290056.955778703
2380479.3133930857
2098379.0093334187
2352135.180369774
2391442.2906999094
2195786.4206881314
2096823.7238503688
2195143.8618389624
2011266.3010588747
2067883.8043359572
1864277.0900122016
1895822.3103656964
2122936.815031741
2108464.5073154117
2218368.12326072
2328878.560420961
2583565.344311475
2675771.5420142855
2990603.5062480182
2977365.3546985923
3167043.382337355
3384203.564220264
2879017.4705504025
3381968.7943647513
3607003.09068647
3511361.368146711
3280340.0995815415
3066079.3538396303
2867487.5571999555
2795983.059207466
2968342.7161115166
2915200.0055481307
3014694.887682721
2971684.3228959995
3590801.6062515574
4133246.688455402
4257010.010333709
4430533.156565846
4274119.185060721
4341593.605997089
4317570.465785656
4348542.35251833
4299104.562475055
3752676.049409815
4430086.519222049
4813194.998286292
4709072.415547186
4147620.891405512
4126805.893744515
3788774.7540608835
3662979.7627465148
3603668.967417693
3338000.500922521
3501047.2215129053
3674004.9408195913
3755896.9261389696
3935858.3138643797
4460216.75080137
4292212.058027926
4393793.637920565
4313604.798335191
4239111.840704173
5104497.370796871
5238974.3179190345
5018958.061438819
4410935.189431032
4273877.100985257
3937608.935204732
3896585.795508495
3756196.5323759257
4414977.550479175
4833174.449379792
5184353.581870656
5725454.920593175
5717581.944410001
5450955.328074633
5238587.957312005
5202791.632501797
1137388.8
1192500.4931726062
1215493.4575245746
1175655.7779761488
1379358.230936686
1434315.3238479802
1501549.711078532
1570897.1872690117
1650600.3277039295
1613183.3025327364
1578761.5502613178
1568095.6280717105
1363657.8300785122
1441999.8864855259
1338440.0900530475
1421531.1027815442
1161466.7590802875
1252944.8415497933
1370141.8109168045
1409350.2933739359
1405970.6644144566
1292879.5946001885
1265949.5183764128
1215620.3566543597
1173618.8320427095
1168281.926268165
1122913.6906182973
987948.2970251257
1019771.5814808366
1083104.4239059766
1030874.9715690654
882961.2073996312
837077.9920108367
819243.9961898379
815748.4848356389
937379.7143920236
1018674.5898169872
977230.6519010483
948549.0859454882
921136.1337323912
984857.9215486865
997385.4424368258
1018629.0477671255
1046361.0130785811
1004217.6854505648
943084.4179817579
879732.4852633798
961655.8713229474
990194.8125286119
1067942.4196466221
1137461.6558092134
1188629.2834398756
1194467.6306702604
1325285.7326328005
1344714.8806465114
1195587.9997079899
1164088.556769046
1150942.4741893716
1212577.0401941547
1119333.7843259776
1242109.9769400961
1102301.1440325994
1033902.0118503507
902217.7353775781
888887.2404076684
797396.7988874295
779438.8404114202
822776.5887694384
788972.4322987552
828057.1801792585
873073.6350526628
805551.8001044533
859548.5881057779
905165.4753919607
924276.3635537716
923044.5778077708
1011290.8047485083
1103641.6246282475
1099824.3343785878
1043429.0887217969
1125997.4240351105
1137862.7529492418
1146242.4372080513
1114502.5881838265
1167468.9128762719
1250450.350422168
1326479.4989664084
1295833.0903446565
1181960.907213522
1053441.2430980192
1079464.1164359013
1033401.4163735863
911475.1357842538
961853.6486123749
1013133.9701335997
988024.3045248745
964375.0953780882
1025002.4171189904
998447.4032903896
922946.1186483451
905808.6555572519
954499.4353785726
991736.489914912
836935.1049407561
826695.7426103727
1012764.2670968013
1180408.8253956183
993228.1118222048
939354.0442576515
862501.5410894797
755517.0713681267
