1137388.8
1177714.0414962654
1206800.9579078243
1146008.0028693627
1254894.5243498487
1453818.5641782878
1575859.9381504029
1776679.486700999
1731142.4004827586
1834807.4849187098
2001059.5569627339
1747126.183154838
1642501.3661565646
1877116.6433254604
2050115.8614151266
1960245.918808851
2003798.3531727772
1945066.0021305296
1850018.4847246658
1830828.7762866002
1926503.7104689984
1873034.6717638029
1930890.139925875
2101486.577657222
1923425.0940565884
1811478.24879735
2042997.0322400848
2036946.0200025486
1839828.8144589139
2097455.80245303
1989570.910017824
2081833.6348360244
2365553.439768667
2408258.541605361
2266034.157322627
2195213.3366842237
2143735.307390651
2122758.485315582
2111837.921230378
2112089.334990172
2325347.698686059
2093279.240681629
2090247.1638507226
2176463.5988879134
2434944.949418411
2415479.958239661
2581754.3423380298
2407613.9431355693
2468550.3942977246
2434340.7567932503
2297789.858724951
2159169.538439138
1975534.3928334543
1910305.116741694
1894903.4478789305
2053188.9967301318
2147670.4513075007
2337340.2489882973
2504954.336322777
2359743.5710397842
2318362.467293627
2276292.8399501927
2816035.45539618
2888779.5374095635
2771554.011496601
2553961.40930648
2631227.3051260808
2391516.817658084
2441553.275623729
2227199.953886055
2639716.676575761
2520612.3286057776
2708462.362878136
2399840.7922132537
2229034.8840367054
2246424.1192302764
2443425.3797603785
2408662.0580050047
2326228.8221791964
2334059.225394691
2443430.023170096
2543570.370592498
2424891.5874074074
2183756.5762177473
1988837.6906249016
2122478.4853260964
1982027.0907818286
2190104.4448450482
2336831.57369008
2416196.476676114
2381793.1042241035
2306199.182139807
2374289.4817131874
2346542.5272079506
2493570.3147466527
2328015.1707303245
2475884.0727449725
2502556.736438218
2465761.9595468645
2828963.179023794
2725536.7204122487
2806719.1818708405
2954474.385509902
2914904.5548332795
2826495.8005536566
2597407.188325354
2856812.5811685277
2735168.7602319536
3081252.2970671817
2918894.769403658
2785507.042299951
1137388.8
1091838.5039393397
1126746.4171635073
1302707.3845210925
1387708.4866052447
1400127.0475817698
1210606.6069361318
1041736.6158414133
1085268.2661112172
1128338.9061347158
1140406.1102378268
1104156.2462198848
1217400.3410009972
1126380.6590439354
1083780.9207961194
975096.3340481105
893452.7303339354
809355.8023745073
832764.744234523
805615.2501402725
711619.7123806106
796396.1630886225
726177.298401073
842694.2798318726
788873.461846591
920059.5605116923
958957.7742063876
905655.1610641037
828358.2892810962
784568.6667198014
847552.1691976346
983629.0998494913
1012547.9034107174
1130626.0688435102
1115942.8654778455
1111982.745517522
1149098.2706675625
1159824.7871266687
989386.4443168495
986111.701941731
1103247.0126183287
1123799.9222970328
1078072.520757053
1105531.378277224
1055600.3624169389
1125499.5210181847
1110507.8507156125
1246921.8705492353
1199867.080305662
1090058.7607032708
1127727.5136879983
1224691.8820185831
1261097.1467152112
1242486.4550585253
1358512.5157932276
1393587.7445294496
1303742.7365991578
1322321.76468015
1374830.1002692257
1450061.9304268516
1403253.4501461145
1366827.3862213593
1379750.0925659556
1505508.8314746637
1460550.7867173054
1171202.7540714645
1243328.3827889545
1305982.81430463
1522745.0327162808
1629255.4545898766
1859789.875028505
2134299.412305498
2023248.8078265092
1911527.156725668
1996453.097601518
1965679.8677092139
1776454.679019298
1740813.6250405847
1887670.727163391
2025945.758488722
2036165.66416485
2197104.2140365583
2358414.651258985
2354661.8814491127
2473869.6022505327
2794038.0344034093
2708410.846424445
2569904.481366736
2623393.238468789
2588083.7902638908
2363826.236977818
2421856.08117128
2286715.2629337395
2613151.3399967435
2482488.085526335
2568613.3018296985
2560232.28155573
2289697.2568947906
2420350.042143084
2182020.041176697
2462906.6487766807
2799880.752734478
2636834.2151734727
2812694.708054587
2828139.520687353
3050037.826682923
3138005.125262233
3097005.06323631
3141233.748863891
3167181.1541218557
3358556.2287509427
