1137388.8
1048553.9690212118
1078476.1160719923
1037254.7460248821
1118566.167936598
1144529.6098408375
1288979.940964288
1195088.3589780754
1270235.4888440128
1160811.733400343
1202425.1218805371
1244431.0721722597
1154697.8371954141
1203213.4654146514
1216649.9728990889
1273210.560845081
1391473.0327575451
1452684.9649461585
1398295.286042369
1390397.872960021
1279850.5433569648
1428363.5016678076
1435520.8970511642
1359410.1075356235
1451082.77175067
1587936.1811561564
1557426.2346738712
1575219.8472699802
1684621.6319661087
1720808.5688838484
1716818.0910202123
1742706.5745489146
1709993.0320746857
1733746.1805184088
1845795.5572016968
1839885.0647792409
1755585.8537185444
1534149.2015812758
1741234.500676571
1817373.1564188974
2180441.8529845234
2002772.5661633655
1772871.9208134413
1596165.1755947925
1660506.9611104124
1522613.0025938645
1462419.2201720963
1343351.1901375805
1125208.4765483483
1049831.231656314
1138806.3081300375
1085679.6134924805
1146268.142892447
1034761.9047378753
1004772.9516428355
1001402.0358988796
1219100.425347119
1149674.032985924
1135039.1394677386
1111620.1339133794
1184867.335266821
1004811.3799741901
1004544.6554328032
923521.7028411375
899565.9650322773
889512.1639295077
823446.0912107389
745846.9947428076
834875.6408379107
830322.3451294184
988184.103601879
947396.9338308253
945087.205348381
1008692.2534683972
1104696.3352585647
1088427.3494084114
986241.0056410773
1112360.9040658292
1149439.1224336438
1128929.168285941
1206216.6139821743
1078547.7064253609
1048714.451374019
1049354.2660874429
1076996.1444491176
1025652.255956596
1016968.0063649556
938049.3247347295
993560.1515202845
972258.7120556071
966662.1861227024
889999.6648302521
934337.6136192767
992362.0461335089
1049555.7521755288
1113096.0630267742
1071466.0562549545
1060220.0806154376
1089813.3504877905
1029331.3199350226
953524.6362149349
928858.7840494881
939652.873610671
960726.6563231562
967085.2219401613
1160904.7421578232
1112377.2375063528
1178011.0409116212
1173187.172148362
1198898.755730705
1208657.027273045
1137388.8
1178108.3758318233
1240205.2211404373
1397784.927588381
1455010.8432653367
1324846.6780225828
1501758.9647203384
1521186.153450352
1449147.4405728865
1490895.810252333
1664090.5476318793
1620228.420628179
1504400.9256544872
1513314.0536979942
1547821.1229523073
1639592.4981167754
1684054.0733662327
1681438.5795324745
1757446.1152851917
1533081.319028218
1519577.8100087706
1418557.1182661373
1318223.6691087987
1397000.7249164954
1382097.6760634102
1459412.6136017833
1401421.0931077495
1399420.6958985538
1239893.376034206
1223433.1832639833
1126117.261070846
1053958.0202725243
1023062.4852184831
1006906.837898023
1026362.9901654711
1096140.7563095165
1100250.1411949713
1133851.8093975459
1190325.4064677677
1099229.6342350633
1126380.7173611517
1050764.1364204586
1049151.51737266
1069880.8520815233
1018094.8914752033
989418.4201601647
937636.1735962393
1020661.8040910637
1038971.6114863161
1068659.022554179
984744.3718652925
1022370.193495811
1013925.6619118742
943009.1769925198
1202801.5405803276
1168243.3576763053
1255377.6496903966
1223639.9971776332
1200128.643406437
1265552.983616575
1175966.204161157
1257557.5972618929
1214537.738649199
1191579.2972884383
1197646.5265209447
1216835.350135702
1235504.0720793454
1175930.2634352162
1150657.505200744
1198650.3698174553
1229943.7867069107
1379539.6439196572
1363630.739895972
1461855.4741553222
1406856.9804810807
1456722.278496971
1420742.3226654485
1349237.5936145687
1389377.0844321335
1363924.8686282109
1348669.8163391624
1256836.3930795966
1396023.6221581118
1496836.7726241564
1725271.2609629687
1845811.3516518713
1548622.7030407852
1625614.8638170818
1651809.8095212425
1559299.821235995
1548963.2485964017
1499022.1440257137
1397490.4889231385
1363997.0256334364
1329971.7517071243
1363310.8695941956
1540950.361118917
1372047.8368796094
1667172.1398296861
1783522.1925490517
1931626.0344812504
1826410.2794962483
1982696.8179639073
2242236.173368487
2245794.8818984744
2285458.250412838
1991264.8797568157
1840152.0943750741
1929606.551322402
1887421.4396020107
1659059.3508430547
