1137388.8
1160879.8059217785
1099559.9754410803
1053994.1251642928
959016.271101503
930722.0771106425
1094556.5986187537
1310405.755641299
1304865.098696367
1209509.829822863
1264343.762274814
1199415.078046058
1248347.9869940332
1160606.7397590713
1122481.0514560733
1033540.8200949347
882264.0936302833
811397.9780942071
780855.32247001
830312.5664445857
790837.863561123
767365.753548719
700949.9513571543
623353.910188845
586083.7303123001
591235.3996234117
658910.9445577593
694591.7621879998
696185.6018406323
687304.3631115237
779066.2394886117
750781.3340223741
776803.1909981766
790521.6259627197
744958.5988492646
727146.561740454
788681.9056272558
868209.8712377482
898178.4458578442
914071.5318268029
1018539.3714722533
1033878.7508624562
1134313.140437652
1149666.974707772
1351625.8969761245
1274432.0621309187
1239007.019305971
1193592.7060457089
1266571.9360785843
1220691.9190320317
1165662.879313794
1025552.2139532729
956678.8685455351
959336.8433435055
926616.8559901344
873127.221932793
919516.3567640329
938050.7213191201
880102.2779348766
787159.1617942625
760337.966272056
656400.0102560685
691739.024653843
746898.3364339223
784585.8188144913
757315.41950716
676166.4342480663
724083.3308216846
728600.1098737235
848212.3742325582
797148.8711067977
698844.3427668498
619707.5259674984
542800.3778499004
538402.4079470702
511226.09814299905
541617.4574000689
514521.88619458553
639322.1563437145
609811.6133163001
567952.0272995896
571999.9680210868
589024.0805322119
639113.2321755135
683371.8128599987
702163.9389052935
677929.4145380858
660855.0261401902
563070.0644110409
558257.8998012617
480925.0277405096
611055.3365222381
555822.2034548717
602083.5817770332
624271.4168820523
632347.2657876249
600533.4362726039
654012.963812392
606151.5687906988
626032.4620782922
633528.7929723832
624122.9357546809
635720.5202700562
647000.4005634283
665501.8589157658
605728.4536274722
571686.0594849375
573710.715609066
613357.8266495814
652927.6371806769
678189.0109634778
1137388.8
1215355.584209226
1259479.07217849
1346764.6671116326
1442837.1770719737
1354508.6921636465
1379913.3802592566
1263250.8400736116
1430619.4729028018
1376579.567574131
1458845.8657348938
1504800.3837311142
1412296.9426604828
1277860.0322546812
1368745.7642779183
1521033.5991753326
1732244.7269245335
1670507.2893298927
1604071.094792095
1593711.582684154
1527871.8804701595
1448078.6319097904
1412484.9681253424
1350352.9053032498
1366821.8699206996
1348637.460502561
1432268.4484081678
1644665.1485925033
1584977.2768186927
1685096.1138631173
1716855.692806767
1988693.0001264876
2021847.140863284
2122919.4232884003
2219223.639252626
2309286.2098769085
2183216.3801670857
2252765.6123507773
2253463.3772737384
2101404.585824904
2137218.100737562
2338576.3344978006
2120226.1267419755
2031063.9233271393
2260596.45116847
2231688.609753319
2118050.8969743103
2227300.047180638
1988892.6941315446
2151466.932440449
2172821.01899517
2031890.580684793
1946775.3041897935
2004097.4307097048
2066892.1627484378
1929726.9235064904
1791647.2757923882
1752420.0892597958
1536294.2569376454
1582047.4675293386
1601043.9277147304
1661235.6851599596
1639956.6645584984
1649727.9266606474
1785833.297297163
1882701.0475000548
1939884.3273705174
1808715.8394578241
1681073.4591374374
1843527.049440683
1964242.5208512226
1996036.2949806955
2035689.265676021
2213750.4452013033
1990281.3051332303
1939998.5268616178
1675429.9154948783
1641013.3242977858
1716332.0010779328
1882393.8841662984
1940928.378780368
2032857.2010109492
1991470.018809367
1878478.2559676107
1822595.4032189532
1774602.6530533151
1744216.9980541707
1691502.2049010708
1508585.249088892
1562428.775094166
1434262.9039322545
1538023.9913016055
1662634.6997086061
1794088.59369842
1830422.5848632113
1923945.2280700426
2039936.9458915587
2015963.881557836
2011414.816969174
2037720.000653677
2049069.7647208427
2094925.7030048366
2053891.4186735863
2435928.606973675
2500715.9628177155
2708308.542549414
3000636.064637116
3609029.6405564975
3535454.98239556
3319717.303777085
3114537.5234651733
