1137388.8
1200002.465962432
1192056.720464473
1091522.3604733814
1115961.345453947
1031377.8309093786
1024807.9147052149
1143619.848779641
1225221.816570815
1091482.5930225514
1033898.2013783525
1139428.3322773534
1125471.9561686327
1159005.4118799886
1034155.228661526
1048112.5071853022
1101995.449164404
1282469.1546611616
1173303.2993592927
1049353.0610961318
1029624.2906547586
1217711.8560849598
1147506.6753451927
1274128.720953745
1294486.6421404472
1302786.487795255
1399455.5030312703
1498433.688982892
1658008.771123879
1581919.9822753193
1577036.692757126
1505124.4975918813
1707910.2859243155
1740452.5112284818
1687283.6770469223
1540610.961655557
1601458.8363205774
1441424.5240636978
1507633.7797846128
1402166.124318495
1386331.4275927062
1406436.6720418646
1445303.1370975808
1642555.1971870123
1556708.6644109602
1476598.8023971617
1524358.5603346105
1657511.4665896879
1669779.402440614
1769873.9246706862
1643168.0094090966
1538382.273478846
1568386.3943429394
1592753.4068977528
1519535.8772231438
1549309.9125572126
1482722.020002636
1483107.519768258
1567637.0829664017
1478730.5187438675
1406048.1738975532
1439983.366917753
1344783.78119203
1278254.8408482333
1327827.138555201
1233536.7870012817
1214267.679475502
1222755.8472188537
1194793.034255167
1374264.9733746415
1468940.5659675226
1543610.3491574707
1590227.92636188
1509800.0111259227
1425570.824747855
1354868.1136923393
1518419.9284007528
1624850.528536956
1708084.787330667
1626836.6844396535
1589144.8417772902
1778099.340736408
1658191.8688989596
1963714.1964853038
2014293.527911908
2095746.4570948693
2226693.425164195
1992294.0402928188
1547466.195481999
1530209.6736563188
1599569.3419206121
1569804.8916751582
1569752.3997197123
1624072.6638519757
1721698.1042575452
2053030.8813768937
2265497.1611656854
2360811.6432109266
2446487.2466248306
2125634.582042566
2175820.2339867614
2127118.001435119
2034543.8706249837
2078668.049890888
1993299.351331242
1794820.0506415893
1718032.4079807804
1672675.772636939
1676934.0814977356
1685140.0824921632
1578357.6086416796
1137388.8
1125466.3763724407
1294142.0264604702
1312527.9294285171
1331612.3268045983
1161902.9858169865
1045656.2979112526
1162005.7098258552
1381173.4067894472
1420836.5665719686
1374639.7277431423
1333672.0533674946
1324671.1404305948
1584637.5612826643
1493718.743346897
1576361.0024764442
1674567.7438442402
1732054.2874438183
1838880.1040711487
1802302.1323288195
1818784.641979918
1678129.9926747673
1489367.155166346
1427705.6022328883
1302824.298035767
1303153.6205702643
1319854.3951605577
1365982.8119635037
1213573.2204746613
1355211.0742720189
1303589.331835081
1306831.6652281068
1218944.173617165
1098304.8759836154
1174171.9989110692
1240539.209781263
1266376.5089540475
1152480.2717335685
996904.6590586406
987925.8676576153
1024640.9919970533
972709.0082868967
884674.2468918539
933652.2881582322
1042799.0396797924
1206084.4270278474
1220644.944685536
1263233.3623079632
1426832.118211894
1566153.5071816081
1361556.7994774962
1394357.971562331
1412470.1741875869
1398593.9821678419
1431817.5799306012
1392538.669634118
1307424.2226736587
1575096.0309638178
1532930.727017037
1637210.624846483
1655738.1556506306
1561225.8322123669
1611672.7095611915
1645557.7239882427
1804500.7661321342
1751335.3079448363
1742621.802303126
1754325.7328200343
1584998.9035909832
1521363.2487108207
1582016.4868486617
1515976.812904075
1497017.2875542943
1544931.999332857
1437882.924888855
1635598.8224007587
1585916.7552842277
1809014.564407365
1881284.1346518446
1966820.0741223525
2130934.143766513
2207617.707751148
2263835.5540797524
2530118.19696065
2442087.50994315
2627188.235716223
2801700.375093688
2807362.9174567168
2996805.372827566
3046958.240768317
3099225.7854881426
3593311.9587724125
3839270.9850713485
3751748.463735872
3732206.4366269344
3862913.9268000186
3330014.51414609
3280848.190682418
3344214.680138773
3047807.4300585496
2930873.3237553905
3022296.1699988013
2788061.7040685317
2710595.0483263526
2869067.1634314493
3013503.745802589
3012274.784141347
2838415.672587537
2700102.2951080254
2918197.8947676867
2779006.468272122
