1137388.8
1358445.6959648752
1249331.7090277397
1181145.9714528518
1303801.134908112
1470300.6407877821
1386642.6973043215
1420681.80762926
1579047.2337748245
1773115.3797431237
1647200.0229571823
1406717.6609319476
1467530.9205891266
1452726.5569955003
1360633.1952740285
1476745.9144863111
1397212.7193074953
1395682.7460103475
1265067.1214855989
1225429.393265814
1119341.6200991783
1054243.168602051
1019749.659937777
954364.3658087228
1024274.2261653111
962266.6960115583
967584.8596049199
981562.0357046361
1032266.3136768113
1080568.947634769
1110136.318686452
1079309.0024183763
1198932.8848773234
1116361.09479526
1099550.0433131666
1037975.4542970924
1095750.28151953
1277435.144606635
1256096.7668350283
1150722.3094440084
1186396.105154757
1189071.794547966
987629.530090015
985105.2117393033
975683.6778960684
926661.5602859051
835562.0039212413
873672.8144227358
1024155.1203919867
1180380.3645173486
1324743.0786059545
1411436.7986562054
1606392.9686698045
1623227.8377179368
1870409.4243405496
1832960.8414459447
1895645.4576497613
1818362.0858320836
1759884.8000187785
1742892.7563435638
1886478.5779395814
1913282.4983451106
1692427.1248619978
1827787.5729444094
1875415.9207836622
2078647.3767575633
2097961.3184175375
2141836.7991774813
2327576.4773479667
2292064.6040232796
2335918.0200722395
2413803.85907893
2502145.4645481743
2540839.1570078307
2624295.134499512
2549419.070166027
2462292.320709273
2487653.0982486475
2551439.625903712
2418824.7003503386
2642704.028067667
2710865.956451153
2693801.621725242
2495893.4825977297
2719751.7178759463
2901698.548976977
3123697.067856171
3199946.35185816
2908518.0240221852
3115838.175130608
2686254.456683508
2682488.260078901
2634246.8545962693
2738303.2010733774
2930570.1997920587
3110422.771446536
3011055.836078631
3126417.095225429
3276466.531103313
3365764.8224578244
3319113.5514459796
3409097.6294833836
3098436.086675504
3288368.2853713767
3245298.5157376598
3395524.4080706965
3129962.7592519457
3235396.7358318483
3765408.2556162993
3590738.6265376736
3664611.173103916
1137388.8
1182176.9415800578
1114074.3277211194
1107568.0766689414
1247016.0781695782
1247843.9424883162
1128220.256896396
1077851.6793107842
1037240.4427845671
986262.5992290049
1096303.6165395118
1444769.6705513818
1611302.7811228798
1659571.18622226
1624394.6999346795
1522324.1683420062
1475264.5373617746
1386634.302852861
1465711.6158215245
1532340.3464921503
1467971.8746851021
1503089.090978911
1395015.4687412283
1349631.86005765
1416404.7766764706
1305197.1309617325
1171374.984262462
1149904.5435991993
1093374.757519277
1189251.8713504712
1095724.2794760144
1130446.5711094637
1051222.1697432064
1135282.2533563927
1075119.045326909
922882.7419855316
866632.237276734
860048.5798577651
768920.4808250222
845605.310906975
818617.8038352403
927895.5250254927
1020855.7032503436
908851.9768204765
1023920.2888011817
1036556.6596123792
1042378.3613731866
1212171.5636018752
1254012.1300981995
1232398.6394899094
1175290.8916067923
1016248.544518621
1125390.7513471558
1164877.0645745012
1079870.634061349
1044507.5501056666
1045544.51591922
1083583.100255407
1052885.5162454832
1145618.7534664166
1257043.8767524194
1391342.095828312
1405902.1255595032
1369597.0890728459
1396562.97014311
1301360.1476010212
1293061.562646063
1239340.0931713162
1345005.1493727819
1494123.1758162042
1530021.9388258816
1505604.4405819352
1518958.43287746
1526930.1064475214
1558045.4618265273
1587390.0002115562
1628435.7728447593
1687295.453875947
1450804.7202700146
1453769.2231066984
1543631.566622493
1516600.07114044
1556753.1516748269
1828572.0335478683
1813333.0828964368
1890105.8998294002
1811770.984362647
1990719.034303845
2017496.858462487
1842116.7893129531
1844242.1144627682
1992376.0567940895
1862028.5135043354
1932005.408296222
2048557.0526032462
2260330.926356825
2341797.4251197004
2130923.929306067
2120719.8143075565
2256006.489413876
2091697.7682050113
2147520.8995843884
1906148.1269586603
1931735.9469594522
1816786.55826906
1976373.5519085806
1873512.0665509147
1903561.7769861657
1880582.5923485297
1625261.8735840789
1598735.98368089
