1137388.8
1070657.7963577493
1009917.9666976051
965746.7431706984
984914.5552842803
967192.3268561709
971425.1158589094
992453.4346370331
1058021.2351441025
912556.1160394376
835791.4746940754
882924.056176864
841184.5463339023
807959.1464718095
853078.6990516507
827608.8882185109
784771.1781178078
766997.2771127796
724473.7199840724
680813.9877821748
655402.7180539342
675130.3797161363
744854.4663625421
737125.3936599905
743534.6691012366
790368.6472382979
799156.8539547756
704532.3423489449
678367.10891092
679056.3084527679
645387.3334093654
629573.9498642394
591039.5562528432
517580.3674184589
578279.3986407471
542363.1422310302
524146.42644515523
519786.0496738589
522648.17756639386
483778.45063782367
609551.3948306047
560639.8263333682
528616.519529895
613155.6418969922
627036.2320278591
671101.4477081149
689433.9222426327
705737.3204710536
744186.6280640705
788399.0095886387
818873.7278073365
900983.3474193744
878209.4200351678
983312.9022188255
1029568.3426212732
1073144.2176093825
1255295.8896846073
1174465.5502351066
1079045.0400171913
1103738.7098823937
957111.795399599
1010031.5566255973
1077599.3306930568
1145567.5455636128
1189395.4509458588
1210464.2968014544
1234335.08001816
1199997.138585914
1085086.4863789943
1088443.811286352
1095552.2069215002
1039744.6222901446
1042282.5541174161
1072354.301402092
1063095.2001179883
884844.1866058428
758110.3466137532
781908.4524495713
713277.0336549323
634169.0539998955
589765.6769255619
581776.7411729237
607206.6132028474
552790.3488179084
529592.2628121783
468187.086416928
535187.4914060086
535673.1480116262
511047.2122524044
569118.8114445086
627264.1762896741
575157.913221903
576566.4023097998
551177.4045217779
593981.5932771439
636955.0035460421
552558.4260485691
520920.6970011294
465507.14079533913
487921.5037335164
453100.62651535316
425989.4252682041
450361.17554791743
365665.6598973061
329524.46820103336
343002.7373078775
360989.17317629186
394789.6894142499
389426.90882650256
352030.5472625155
383804.8958782501
1137388.8
1191177.4384193714
1206400.3092079724
1160050.9668282429
996620.7561858147
873417.4824906052
927699.9557206183
1019782.5958813548
920377.6788895458
935759.5668714899
929007.7113025233
961819.082943386
1043086.1732470978
1032097.3897000137
1032120.1307310713
920609.0198129275
954642.0481795539
1027406.6216851339
1128633.3902865376
1035371.0585553923
933417.4407617049
896650.0338658845
840100.1452385562
787274.725228271
788068.1969823583
835627.5046880704
770759.5269479075
696836.7564802238
628490.862074267
605081.5370637522
619872.0992920913
738429.129616256
724536.681037516
663660.1152832703
670299.250888304
702082.537668814
698400.7810248522
801234.5889072048
873728.5917920122
778397.2064662317
787604.3799332124
795107.9136777273
738865.0886616203
701478.5106968329
705538.3587982747
736212.1486824084
750911.763314272
725496.7349479232
639167.049175042
686700.1148534693
756506.0997247021
750018.5054833485
696155.8078069713
654501.4376632685
688663.7524162239
689387.4214527387
764409.2940712356
761997.8245301058
766654.3845244929
663195.9196528689
524155.3070924156
547143.8180584435
517589.42201424966
524583.9003648892
565467.4553033934
511934.2460400226
519301.48509525997
609589.1502668269
570750.7863374107
613201.1005685936
607285.5537050536
616838.6920557086
742252.7267703187
709616.8374302064
724982.5720518634
735414.1334721749
691508.1225206503
602162.7836115357
594411.2421406701
573871.8711990779
590692.4828039592
577818.5423432095
589788.7247068994
617908.5154096141
604777.8602721966
690926.3470090667
764445.8430743354
748123.7370115521
759265.3300816998
796675.6736419444
784534.0955680178
776371.3342322556
795346.1819700546
757880.6625768269
832077.3748229125
885968.3566595867
878011.7312620138
921303.876338063
1020081.0904589624
939273.3761906431
990652.1077257969
1101287.7620910576
1140417.9675385007
1199288.9234070207
1124884.469593785
1173290.7259871871
1132234.6608854048
1154178.0078221066
1109411.5960297112
1155248.0563365223
1103824.5344012477
