1137388.8
1338956.8759401236
1332898.9962150967
1222472.6872136856
1199578.4134335956
1080235.8907239875
1316200.4651066423
1360107.6178689399
1344292.0884758127
1320400.698419034
1314923.0465932281
1397204.8147394706
1522482.1505075535
1636714.9277577603
1657168.880455919
1839868.99443903
1717109.8835527918
1814577.0219911216
1882111.476135178
1839493.6478535277
1714708.7299572867
1974137.1173194544
2214191.355145162
2125834.177336186
1942923.3901973425
1990821.6418083315
1761359.8886412291
1710101.5578794111
1655759.7954221256
1672992.3955269277
1899253.4229260131
1955516.3988626052
2087304.7202998183
2059858.862029033
1937489.4023148643
1951638.7608675617
1989614.9351628425
1754687.7011636693
1779880.1868268414
1735913.3666243681
1808946.3798407288
1726489.335060997
1839289.4437197875
1724473.186405624
1638906.0820479528
1531149.1090261291
1516534.8416083755
1310770.608360375
1458222.4662904064
1216212.8248392127
1357859.3437564184
1224200.7904852277
1249651.8659832047
1408255.9943874865
1391406.058668574
1245989.1801279555
1220631.5267751988
1296029.365154418
1308906.4755666496
1232276.3192660199
1233473.818483206
1261958.8970710253
1173443.3844634772
1229983.406902687
1219374.342754557
1110408.7465111052
1187269.4379043456
1188528.7325662584
1365081.761823268
1309717.2850687918
1424598.3097899877
1441846.3342374682
1666067.90537167
1584061.1201829335
1599870.7017969831
1928362.0191789644
1821194.565106522
1755691.7180822657
1685603.04218338
1837094.7021084107
1696719.6165847993
1742514.1993803289
1833230.391856078
1957477.081527255
1999878.8192142241
2005066.2508245755
1729875.9835920497
1933306.9135610503
1788509.7507755745
1687984.6397631282
1650775.837160139
1509146.8590043287
1647520.8174408828
1712611.8928460805
1806916.4253066406
1836586.0163432392
1610749.4714032717
1450152.2539328882
1520134.376371791
1373297.9696685728
1326554.286181198
1345922.477462829
1346993.8252090795
1310752.7286968518
1292826.44922275
1351987.9972450598
1391054.0063775317
1285365.429828632
1269619.02630749
1184639.0812184233
1131934.042078784
1137388.8
1242166.2123256917
1276631.7132767055
1379145.6908147987
1462498.933143226
1577029.5028358372
1536215.5327486366
1375700.970561079
1458642.943121917
1361330.4651333014
1273677.6378544034
1350480.8516408436
1140760.262874
1204821.9561302736
1355897.8460087185
1313568.9056553836
1355387.420704713
1330952.4095111033
1290462.750942429
1233399.03972237
1091364.7759395642
1076675.6556914116
1078958.6350755882
1082809.5618199026
1071638.134246895
1005037.7194103185
913640.4122963314
922138.5144514722
815744.6610115184
793737.2141211655
739320.187575646
723888.8963131089
738522.9830450863
669990.2948370388
704566.7865597301
636948.365042104
701803.1804851033
718006.4630424861
668556.6599820225
649002.4649834472
584477.9410150278
533566.5828003993
559161.1762432645
572254.3528088126
542256.0170687849
602043.5282775945
595801.250696774
542361.029020957
527705.8827710756
543424.5109039112
536747.5419066341
628448.0313783404
607636.0757042059
629984.7377353194
631812.7265647704
519023.8711235415
476134.7021752365
472547.2484788545
515650.79531534447
524177.65281037654
530187.8292960024
525299.8789037223
530380.8565107713
543057.2032695916
597389.9958029285
622755.0189773107
622804.7249270707
619615.1833325117
725738.3327127836
731518.6284659434
863617.8386673514
925032.5487744033
1022438.6383919439
1068478.5999407354
1016994.7941169189
963157.0209668202
942079.7418364519
919258.803755785
993712.0678438258
970075.7031390568
966997.0258605607
1045659.2496191437
1194046.7603798897
1113594.4193283815
1100461.4439718814
1024925.1770677465
1135433.7586804815
1261889.7693647954
1140736.7055933217
1220750.8637089927
1287473.1146987842
1258183.4432711098
1401701.38597564
1466466.9176145757
1501976.7860321268
1496278.9048559759
1502829.19166148
1399027.5558767777
1320852.604283343
1287088.5540577974
1279993.4044496976
1296988.9758662167
1276041.4519145477
1238124.3897896933
1168788.2426603804
1293760.325071455
1449216.8033410015
1317701.9742035258
1317717.100698425
1269172.3705522248
1217149.2388550201
