1137388.8
1179200.3719566802
1304692.5603058683
1307822.7454224085
1302346.3844125695
1161332.5101528747
1240148.141438381
1167929.0068819015
1065620.7224777678
1094945.997410162
1161778.1074083971
1101516.5873859937
1106551.6668480926
1139525.2570876412
1118424.8561482741
1126788.619616772
1100319.875099042
1093927.8446907005
1007652.1929261003
918757.9113030523
972415.6994757778
1030763.4890207294
994136.376082421
945838.5042362548
1023669.0691024021
1020696.3535883204
1132853.3665379656
1324856.9523900943
1317958.8976349656
1322558.1274710628
1301580.7737254577
1330002.7234434714
1404971.5448574189
1242551.2503977306
1221420.0324179453
1185700.3997467838
1256290.646953175
1160842.0063735978
1230663.6985021832
1109753.351055565
1024056.0110184213
1012347.110903987
989514.86554707
965013.7082634778
1043710.8550558375
1044817.4159099893
1063221.6234879198
946144.2906446403
957857.20219715
1032953.516768835
1076434.9186105717
1113479.3788554491
1130511.205111561
1207508.0791364692
1315920.5524035706
1373888.9092969752
1414269.5325429626
1503262.0214183866
1529920.601081331
1536718.7675018124
1513837.4708957402
1678635.482898395
1760629.7318482911
1740138.6947275565
1919927.9842315447
1948884.8347397912
2003978.4214646749
2069922.93369104
2278144.0302653215
2062330.7243005275
2005186.0041702027
2323462.166295254
2295039.1042984775
2165197.315699165
1930010.709251242
1804275.8383444918
1736708.873667196
1770877.0755057975
1787039.3783673935
1846691.4781604898
1783997.332747754
1655099.9226067453
1585615.181875233
1727322.3451219806
1801761.0860157597
1832286.6255612574
1846462.7471561958
1934614.0549750743
1896384.2305590236
2096791.8637098887
2152070.655607406
2232475.0941058877
2084608.7661124384
2445747.607216851
2544970.4970209277
2387828.8737759986
2639981.6382654333
2615384.890804418
2721261.901735382
2527166.885210251
2692726.313581264
2420331.835130102
2395363.9877046268
2442383.429103985
2889734.9213912846
3337484.0804598327
3903191.520074338
3782065.7225980754
3868583.767593811
4189466.060464762
4075749.472281161
1137388.8
1241177.063819808
1221321.7931927745
1107957.857844809
999498.6613372568
1116235.8765976098
1137284.8578762843
1107246.7718159251
1078990.6153254497
1025969.4287486402
1106283.6080842398
1209753.9813597142
1324642.826455491
1423977.982677791
1506175.103630457
1641677.9848495636
1638598.490478808
1577223.9338752495
1640946.175238568
1740048.3818745057
1685612.0673288351
1520089.2626017283
1487416.9987264082
1519025.020466822
1586195.013883597
1762845.0699181913
1809466.3646009015
2231201.4397754055
2450396.8172161984
2515577.2635741737
2470551.266589877
2535829.0406513293
2660755.9526014403
2927559.7584610796
2935665.128044571
2932926.496337865
3686585.6918887845
3834966.40753874
3592067.08649683
3803442.061324141
3842900.93051066
3843366.9609718
4571486.040905234
4376615.288832343
3967590.8255299735
4293442.828167157
4401830.529766669
4731712.138673828
4671519.544984466
4492309.391921506
4731007.0229871115
5067352.422140172
5039121.147504805
5229289.924799667
5346670.112659311
4987074.828289881
5148758.128938643
4606830.615168371
5098093.506537216
5000837.787208303
4706583.168608685
4536042.077594528
5005486.20519193
4662747.1713146595
4486751.959121378
4673061.086259371
4817767.806504444
4828576.428318975
5469298.61492721
5721138.760871831
6251696.012137041
7372273.105468613
8022648.704965046
8252708.118532975
7331494.6038142
7165855.044949087
7577904.650237098
7363034.346988607
7382987.602934741
7092765.624759668
7483524.6030245
8305300.774367783
8621402.794273596
7995074.12385758
8073338.987284426
7465392.855132042
8178838.725932936
6221736.156272989
6250499.221745022
5960230.388749315
5160333.055246177
4773332.047323725
5229196.275402866
5088357.648565239
4684820.570260682
5119158.517933941
5733187.777386139
5630037.71165889
5711193.150121655
5610353.797049876
6391445.681846323
6173031.562702927
5951986.264259431
6085395.622012144
5713702.193755356
6001319.555830195
5051482.81189588
4906827.554138482
5509507.049601188
5626087.996094164
5565338.397683254
