1137388.8
1186124.164829745
1272255.9205272775
1245764.1077241588
1160535.3612846253
1304259.0902611471
1041878.7536913654
1070873.0504344213
967661.5604939059
1056209.6522680968
1026414.6857912154
1052889.1619163337
1151192.3605908887
1224923.1891480307
1213640.2232596946
1078533.1227409844
1063118.866162088
949896.3723538908
876724.5591756724
939445.9470135113
973329.9045570994
1028097.2231660899
1103211.2600059567
1094362.4267021248
1138954.3468912542
1221823.016871445
1248894.8309934651
1185173.8006760515
1130458.9127079484
1151828.53343881
1258514.8498891282
1367298.2933949023
1509699.0349495478
1306913.343074922
1476728.5610775326
1439389.5730773034
1556131.5370056848
1688338.9184145373
1856576.3833929438
1947373.7834393634
1792260.7949202023
1727153.6246328207
1715384.5880125633
1745913.751914774
1709743.4705400297
1559239.3556159725
1500493.756692804
1467458.7184994812
1577400.172888443
1795784.1063278983
1848537.6361722285
1769995.1647859297
2078019.8148776821
2174334.2720971177
2076694.9796117775
2182723.6160628777
2342183.3625534205
2495657.8415034083
2774947.433691399
2352628.2030266584
2506604.944126479
2425341.605535352
2335147.7819646667
2293138.308891981
2202959.405838849
2362075.1503136
2397888.98732884
2335909.819769531
2343976.270879715
1899249.430350613
1851943.9184272988
1689701.1818460654
1834272.485367478
1662644.6056278849
1637279.6262781683
1439352.7759832423
1369443.329245164
1291257.3716005587
1204153.2298166973
1278557.069557168
1379318.849920068
1339128.2950316914
1380229.0721500681
1247972.6048218464
1155819.960889307
1206020.7973907972
1127546.9807877957
1056978.4623566293
966959.5111139028
942304.2523468222
963195.6427690098
1040928.5427844753
1045634.4527083089
1023321.9264666392
940013.6057196718
871163.1939906627
981656.2221395543
1140309.129338154
1054622.156880284
1151796.8563920688
1187254.39146524
1250184.0573913932
1266006.4180151937
1267052.1912206383
1417880.193111314
1417969.3672649388
1408666.5463812684
1379990.061412694
1350083.845957538
1332355.6012866993
1233133.9308963055
1137388.8
1148685.2736045779
1204081.3707955407
1175053.966499859
1252010.3766106328
1115646.3822349866
1128794.6771974708
1278083.4639961012
1314577.9385352635
1178923.461508121
1347306.1564646126
1278176.8293512764
1086471.102779811
1095661.9425876387
1088652.2627910564
1021664.2987516602
1019739.6639200813
1027738.8345920132
1173169.9496412089
1140285.3897134997
1171586.9134272926
1045866.9493652316
946839.096096385
1051402.9242609788
1064763.9664726749
1217779.6330587675
1346487.6941884614
1421826.5796252321
1368818.692591351
1252817.3984812864
1284087.2045946757
1253818.950975167
1252064.9060087053
1257072.535155666
1228882.6783540365
1308101.1829462454
1454782.0722646147
1437923.3482147648
1249593.1289795355
1259360.7423341265
1287955.1784925228
1369447.405479394
1500950.1830356142
1590747.5888604482
1597881.7603986037
1526564.4770513433
1548955.095901063
1788997.3791407787
1724856.1480973589
1696671.8773727948
1890567.709343893
2119600.1872570147
2099653.7794628516
2134360.629772171
2229033.3456892148
2444428.8333893334
2551193.2402212583
2702065.8422521558
2883099.09775999
3150285.7084627217
2849700.7046016073
2786302.232304189
2817426.8960218504
2948436.7001642087
2817755.799491749
2582399.6267277324
3018259.893637159
3029694.4532092353
2870789.3655262073
2824626.7018144634
2747001.8613437093
2765829.425509782
2969170.372677912
3441190.391501393
3316639.3179282844
3025107.109869291
2968357.4696139395
2860700.799120728
3003076.560119316
2966781.62276138
3109421.5201657247
3117615.81245335
3342326.9561954895
3831040.98402892
3879522.3911040435
3503256.3797306917
3336701.160365692
3563520.9410389843
3467752.253361478
3465912.0458911844
3398903.98517545
3378521.6188963223
3185029.598356545
3355193.702172577
3657540.423435304
3639850.392713282
3782582.9930322226
3800078.0473742634
3735906.45763328
3755437.967965942
3752714.157552236
3789585.7412450667
4020627.8832008243
3314828.9341454403
3530157.674391428
3800210.7743299776
3681650.4292114405
3706885.6172707146
3575650.4226290095
3554218.8699181206
3720392.4653341845
