1137388.8
1157017.0242493055
1204976.617420541
1137134.456154061
1198379.6267639785
1316897.29073074
1303654.0248880454
1201507.6150852572
1267452.8573373435
1201210.6821503728
1189003.407401134
1196669.6393985408
1186359.4148807393
1165463.343247288
1069660.4726585827
1044838.838650537
879209.2030243491
876285.3995904366
829522.3554503742
761012.3346310378
671746.0825610997
708996.2722850058
673679.1389118095
705093.7198625078
757228.3825362733
756972.5342893484
810648.1626778584
723867.51926304
763389.3085259526
772217.4658774473
865795.1753278722
838774.6412082146
976070.6419742606
841182.274693127
826968.3605437316
891172.2404912175
810502.1805010168
859791.9933334363
951922.8926163109
937753.9698202979
967059.265913278
1057612.4738777732
984619.4094612794
986101.019149856
992595.1683206673
947113.4569391645
1006341.6313979238
871609.7272217405
744263.7948308053
671615.8196899084
700115.2694040259
703509.648292309
714178.2928291472
854192.7576239599
873784.8095432483
758651.7286227895
699230.3688475796
727797.6188927048
654053.4440697882
629017.4268083215
622883.5884190727
624732.9192960338
591735.0169927314
651944.9078779771
671533.7836583962
640355.185165702
614016.7434705807
659565.6875307934
628222.0707000126
606521.3708445531
673477.4115853148
637268.0669890759
642272.9902008092
620669.6421488852
605031.6550267766
573278.3889578182
532884.4495008568
496632.7367523399
382831.6935691116
432858.1966210368
420364.43639014184
479803.01457183517
498620.42579823604
483468.1184105468
486605.1632740336
486075.1932792215
543209.7323323878
532760.8202579301
591212.6718975534
586804.4811504378
499864.4612388809
435509.6788620804
417888.2144302147
428263.87979344145
407376.51375043776
443471.627920472
478825.0670147713
461494.41585353785
519555.53838883043
556453.2641049309
555778.8774828071
538329.0899852115
491272.0162766854
450469.27370060177
448201.0530500105
450152.073832119
498610.54129774694
516396.85106932354
516894.78485789424
553561.5022317817
565520.9771811472
1137388.8
1113024.053647791
1157630.622911305
1187644.178923639
1231822.2873102415
1205816.2668812366
1114111.7315069106
1072484.1536743576
1057606.5093907278
938270.7025487586
972623.9004419107
909041.1208887663
916728.3923079364
963904.8504381422
888525.474115928
868727.5733991964
877064.164035762
1007302.1924419384
917415.4384320822
948194.4050376143
925889.3930819067
863416.6419113444
886575.6983453227
979218.1644129206
1007554.1750323715
977789.7731269426
899384.5577481537
789248.3765883403
813544.0593318748
781028.8667597369
823198.2316178255
854259.9508760121
893821.5144285167
878640.2321421674
854185.0388653501
951617.3441969673
793698.1749575234
816536.347962843
907414.7514054334
988884.998182194
927668.1155362844
967679.0599316637
1037662.1692619716
935877.971528471
980312.7062446178
984249.9864104576
948145.007795893
1014098.9724893462
1093590.0987736778
1185030.0896955258
1016802.2856578692
1066816.7736363208
908534.9655299112
807805.7567557722
739335.9129136087
737426.2737216584
838809.8884280699
886815.4987833711
774491.8340445837
753665.4225054887
732216.3430984366
735638.8263843562
719069.9369521845
748870.0076653649
728657.8503201724
728771.8408891899
715238.0649441895
698754.7041980592
631111.3032630658
583261.2243200181
616477.4664275588
633748.0268952902
610822.9559437337
633475.8817138718
705070.9774701311
708614.5088115397
658091.774325265
595794.2927363032
561756.1770890643
596040.3700357641
603112.4909284909
612206.1802511588
645653.9622467377
664567.1521895014
695367.2893337387
690800.0314186856
656107.9561283847
700105.2520113974
676563.7119277248
738036.5987846161
733721.2442754401
716261.587958096
703918.0666138491
661105.8799182326
675337.6204519604
667918.727915615
674867.7397437536
630683.3175423653
677752.2224328421
666143.9722717627
727841.6323867856
743897.4233469025
679210.0322641798
692572.1874661403
684344.436030228
713213.1389803571
687615.6275681619
728509.9132134764
645227.0578397101
579222.4520165169
577182.2757552867
