1137388.8
1079614.0475574608
953977.3025912793
942520.5775404905
1023944.5866594565
893359.900729157
763008.7748592624
701464.1835824957
676805.6743171151
698724.8178222029
717151.5800150865
611445.369092186
585430.0708160998
592531.5254371511
572786.9094835335
540828.3936743257
538592.7222454249
529457.9175880527
511245.344170306
456869.4750394126
489945.5439373419
479570.5534402321
470777.8211882082
487981.3964393476
474201.53146683524
463843.0896960756
493356.81323401915
494141.6283045226
491863.17412833485
518195.0507492566
554075.894126389
570974.415664993
556760.9578354073
540609.7146028428
536993.8413237884
533776.2567207039
559265.3520647489
549319.348266242
583896.0413332746
578085.6911245353
646444.3298999709
649424.664776844
713997.5998676451
743315.0337013209
705248.4622359851
748812.1825260181
734597.3300592698
810144.3469513741
753081.568850396
760989.6498304133
792166.7630801052
786592.2798920356
774985.8443774394
787108.5657534825
806547.1679709139
846717.104932923
900446.5217579987
933796.7973109722
839055.8615441411
831141.3365355467
743897.4878288574
796007.5788066183
773315.9029145201
762187.9729266439
681422.3768377395
662611.4693602887
679367.3432604588
656685.5645562442
630669.1241124079
627614.0698670654
601661.5845157565
590991.2973390267
538352.1446577343
489330.4527396945
475933.146665841
523215.1854602918
580180.5564676622
524129.50288979855
565791.0083528894
597017.7899611918
578232.6947470142
551356.9213180937
620745.9958173239
613885.4177149546
628985.7213731878
673769.6686646387
652767.2861371068
649625.5221723036
626294.4750368821
707797.6033821881
740993.739186659
693007.7755541949
662106.5715291455
693539.2137140207
707427.0273831694
669483.6500205708
720306.1143457154
745764.1086915287
741890.1978266812
687971.7640165602
621049.2546787307
605651.6715622237
685458.8160307268
696247.9287034437
659353.3863513893
632338.8365350696
664232.1430369994
634985.5028360739
540829.2833127625
602188.9617019484
547948.3842294804
1137388.8
1162459.326207654
1211292.1842209643
1143171.7095830657
1175911.543645863
1195510.5893676498
1133431.1083004496
1213098.8735500495
1130499.312926062
1186608.491289481
1020507.5417422081
922343.7965892875
921676.7003635289
1011974.3477307404
884360.9745197077
810761.0831728322
804699.739111593
801460.0835625478
726855.7008006902
701238.1749019624
701847.2699428732
713644.8724523381
657264.424598093
631555.4714381241
746732.1287300143
719190.6040745524
707693.0715986536
698367.241436068
807292.13366079
808951.9922797107
703474.3810258063
636558.5739145412
604956.6336343181
557101.6747916864
560201.8721566036
621275.8680697996
656628.8855314116
671051.3227518405
670795.9490436446
718397.6039379071
633071.8099900923
579507.0608060674
614722.761028477
685164.9309556112
747320.8879881158
759457.4647374369
770541.0508396341
703657.2332892956
684886.7228124035
660046.4218349667
590866.9919363079
622684.9257680526
741802.7311756876
785859.3303447595
772224.0539326293
693838.1207050068
711526.7863808303
644719.228023531
630741.839267203
628777.794758846
714004.0902597937
726573.8996719918
831074.742333443
927572.2214296546
864348.6731802352
969497.71080687
1032217.0629277291
1143921.5652919994
1030605.1767449618
1055839.1100565596
1118217.4305048056
1070371.2932614128
1098349.849938924
1040864.8987459135
1100594.3119579626
1042049.9425924694
1143494.6145208406
1228103.0345309516
1517238.5403126532
1455823.0534944574
1485806.614359167
1272841.0186221085
1163770.6688618034
1162908.5420177411
1310566.3331550476
1448332.062691734
1521409.7788554751
1300832.973484969
1232908.4647961438
1142137.8778693874
1280648.775050679
1132353.620397851
1044232.6778494421
974372.4632016701
1030967.6856682762
940712.2041411567
971274.0461397736
969351.0074864721
906096.1599567984
859113.0656922167
906237.2073093797
859635.3259628819
839379.2517792702
886551.3609860035
883855.0299300222
832060.8544709411
876813.2014379933
833602.1610587733
726784.248188415
792309.5778770874
799843.2644447525
