1137388.8
1235212.9984534811
1151892.4990490896
1094862.4432666053
1115197.3046769558
1174069.7424334737
1146378.2710625862
1208483.720335134
1261510.8393740125
1127136.880954518
1003031.6021443303
1062451.2784382454
1019807.7550214443
971053.7744350483
973835.419979535
938622.7911647586
852478.5302597537
792290.2830828873
780796.3308608739
769431.9870345334
737343.3853882721
657672.3771724572
594705.7807108874
561586.5031909759
515805.48205592786
546032.2954582634
547274.3399255797
508012.7239086723
540468.4543080474
509735.0301689885
521754.30501349946
480415.6693684879
436539.7257353922
393212.4220000456
348587.2802959404
341250.80637078633
365169.7795314201
346196.9395018416
322289.41199241206
338490.9746815281
316245.47629359824
305751.2345045118
267722.272443507
224692.99144174898
199928.91052629543
193955.72674177078
202800.08754466774
187187.67972305964
182677.28251808585
188283.5676750018
195811.08620419807
173191.09169270698
161611.5884575211
189254.76399761921
194531.6561097856
185298.51992595682
188699.45775636428
177679.3234214997
171711.81747852865
195749.55109579972
197392.52673315784
181547.44615567094
183307.5907212692
165199.74502426287
175762.36119167611
201533.61716657746
187438.22126364903
201207.8353138374
207558.50491148955
226972.212964735
246020.77693484904
273331.9897048756
259518.12380652278
288735.7196423009
299265.41182082536
301791.3712775295
297658.3798235421
272000.632875688
288091.0590686545
286337.9905083762
287064.45623281394
297429.5208029685
255921.66158094094
256185.11804191273
286252.52911812847
274643.00012698397
296297.70702308824
281731.7975866185
249847.64056170292
236423.08189838708
224822.06877929554
187322.38373082568
171481.5479230136
155655.82276712186
151802.38456922775
143458.74204084295
146443.89214576498
137268.1204283257
131507.6770349164
127428.67582365347
137991.58675333476
146299.04089335605
136470.83267037637
138868.78284019066
132925.8291534578
121617.09235700793
124867.47562376045
130575.97556507323
127914.25851431969
151826.7030212496
167365.10977774183
1137388.8
1126965.482267619
1065630.9300855885
1024489.9622183201
1217321.2439718866
1208145.2020142786
1127990.8776707049
1065307.3423370537
1085011.7825152979
1105813.864977979
1110122.4143924143
1041979.547224979
1176887.0846077455
1217508.674647121
1172105.4499988765
1035567.0740558408
1122843.7046352895
1173937.8684621335
1376257.3845094873
1433975.0476431798
1490111.552045814
1583435.4643726572
1455981.068699497
1499633.7411507475
1476250.3323362656
1533650.8709174413
1266310.7797424076
1397959.9083374934
1388226.1353096345
1438278.9051135534
1446698.7743494855
1429380.3431298032
1446032.846929672
1493137.370004526
1365329.9716263192
1208051.9007331156
1309968.9295443643
1280742.102555593
1377665.1066144144
1263640.1206475147
1225576.826684353
1066266.588323882
1039036.5535146325
1103382.4441034012
1229576.7178665218
1311079.4925293473
1290316.9229052404
1332872.8534605154
1457692.44141252
1409124.0641082753
1204265.647194745
1149186.24506836
1186932.4498982525
1156104.153696045
1159371.27723698
1268975.6910848636
1269788.1237479628
1248564.5644224985
1229510.4164244
1284882.5368890124
1318604.5141746886
1217126.9356274789
1220617.5600684811
1285020.8025309388
1332545.0046597205
1172651.425569643
1227498.7963535832
1339932.967151777
1459206.6600738692
1565587.7365307217
1379556.1615236234
1423772.0049653281
1366979.8106962652
1365651.958760678
1176148.0205278818
1200550.6654849988
1138901.1760543215
959697.2693243223
897658.339651825
889542.0560759264
966217.1672925234
1171440.1351150533
1222479.622506677
1260100.5587714629
1175373.3524916107
1270530.2151760107
1378455.3853332307
1506295.429601123
1466979.3773977018
1347017.449683112
1199704.0871839891
1107059.568564038
996342.8846449042
988070.6465275306
889134.8458211651
768265.5006120736
709181.9280371448
670274.1898216386
575432.2058703462
612000.2151327718
613562.4498096801
644922.6789228832
648696.3884035054
638765.9571690595
663384.9726728504
743456.1823640291
748532.7673418354
753835.6590918653
741325.9198807734
725388.9041834321
697566.7967267843
