1137388.8
1194861.0060883204
1114937.8052024974
1121941.3569997428
1148589.22595917
1095596.5368208038
1143567.4900845317
1280939.1221980986
1580112.2184846494
1384584.0080672943
1402726.6411757783
1260729.750345743
1138420.767989105
1383441.6548001198
1398883.0461479574
1498566.2010594073
1493749.0125759998
1570270.298370662
1508989.5470073372
1628307.8437545255
1649891.4173804007
1797982.9015254634
2023467.610280512
2172429.3910910203
2308494.3557624454
2302180.014979479
2391207.8008486596
2248970.2506009135
2295462.674677514
2173525.124248867
2171219.9339356106
2396520.163541862
2241449.171797798
2317088.127575887
1951816.665359378
1816287.9070396798
1770981.2280232566
1774819.8779630354
1696043.1040095305
1775786.8223722123
1721930.7936218362
1753208.4802532783
2037437.8153247428
1883635.897989219
2065776.5079097238
2056088.9967969747
2189735.912799588
2198084.6430810452
2145001.27492915
2277493.1465920154
2427223.916676457
2878830.061408813
2617017.1153658284
2347071.085000012
2427413.2133982438
2253680.5984478104
2621846.323753006
2365409.90760852
2134428.1681755916
1885384.4348082957
2009083.7242811525
1739812.5168964993
1704977.8412372705
1586801.8017296225
1667188.3526936145
1502508.8204852003
1488985.1553567746
1398698.5599897567
1390977.9296928342
1430713.8074460486
1422979.0632864365
1247490.0459617127
1342627.5390030888
1444128.764082455
1400208.4431823278
1179755.31538546
1207279.7282093584
1183015.7617064356
1075544.657565809
1108453.8336824502
1076605.217605767
1152367.6508939825
1181120.7247981227
1145095.5518138274
1090393.4781745179
1100416.6186263422
1205898.4528754207
1196713.9088880955
1050749.0983598453
1091307.3211946897
1198800.5796994844
1167930.246596417
1225206.8567804575
1228422.9073323966
1341428.064430665
1368508.893270001
1233713.1304886828
1214248.35665935
1271657.1157096468
1261001.3856644263
1363243.9006946809
1409260.01779686
1661659.9163892893
1714097.2518481507
1671731.8473606356
1635982.0007307995
1602492.4683304415
1724712.3238826536
1693737.003857176
1868275.7535334714
2059399.872853524
1137388.8
1167870.222719924
1113458.4445632275
998459.4421895226
1070495.559109064
1202825.891450005
1146264.118019929
1017882.0034247657
1071300.4054553376
1108697.216588754
998436.5671537899
965313.7931903199
1066667.4357035258
1009906.4637168096
998034.3894228075
1078606.8187123367
1202787.519407625
1204529.1287122043
1187194.3688154528
1251198.4388855428
1234111.703175541
1068940.254406409
1079938.738557752
1179997.3972302706
1101659.7559111565
1084208.599109974
981990.8786266269
932838.7095507078
892150.744168256
1026641.4961572771
1091743.0158084088
1175771.768583489
1159606.6583428658
1157377.9568770214
1168312.8501710119
1153379.3973817143
1320210.2463092618
1397644.412717895
1516121.669508842
1440639.4341041397
1595706.8789956947
1635667.6925996535
1431963.5959969354
1368679.170724056
1329606.9938711997
1374895.7698369145
1504593.9053725197
1684596.7273209062
1757735.888573878
1788776.6547718903
1750022.0135179604
1667436.5452199692
1843702.6016606614
1724048.8550894116
1585383.9125862832
1547057.2459280142
1677029.4441897452
1788208.0606781542
1796666.7931087264
1644622.517694297
1647129.0717497158
1728893.0863615866
1581670.5093982518
1595115.647154908
1553604.307464582
1582585.8513288402
1439820.676864596
1484214.6503176119
1424470.0856187763
1242869.1911591135
1273668.0765451652
1338852.7902691353
1213413.8486823232
1252200.369795027
1193784.1545040167
1089762.8216748112
1171692.919304713
1264183.9527498265
1255030.113746125
1317508.7549963081
1133962.0705602572
1135339.3516982272
1030147.3226493858
1089333.6101722217
1096328.947405335
1196499.4311820175
1280011.7825412073
1307982.8671047385
1410533.1778838814
1179248.8913517252
999686.3242857577
1214512.2313557165
1127958.9727699042
1260077.0983986233
1248951.8675588113
1250972.279729063
1315269.2986028898
1256236.2018957413
1437620.6326239184
1357926.4398310524
1615629.5625360901
1735214.557677465
1716906.9062307726
1911549.160268142
2055847.9855114769
2487733.6579159424
2311578.4044761397
2455210.5638974444
2178094.7886681077
2278309.739705886
2188277.6016199104
