1137388.8
1238176.617194896
1244264.7747716408
1077270.8356169234
995860.8755738718
902495.275756097
920449.6026543832
950567.4467610344
812361.5203301226
824460.3907375785
779323.5510658327
805629.8811767035
879618.594622652
893217.100964639
952965.159827805
920111.9573315048
832099.0431622744
883730.4897763911
788775.4667422569
760173.2001634404
769514.8119361886
742929.172732322
755805.6620684016
778423.2487662692
799186.5467759231
830845.4593004163
780062.8782215245
703884.0998319545
782917.0723619049
779250.4430540077
821750.0060996896
875960.3588622488
810879.1639767112
803122.0990911742
838036.0985005377
942472.7698142411
948392.4349572186
929646.4706547204
1038025.978028508
1033541.0357389298
1042601.0376700158
1071202.6298875893
1024454.2257820809
998784.2302149868
974347.2333753975
973381.2026789229
1089392.5196087586
1118258.105640846
1188057.4547979587
1254745.258665412
1254290.2460599695
1169677.214833517
1212209.1049404528
1253166.5779829633
1105584.247069368
1107033.973879707
1127412.4309046736
1133728.8064912485
1066182.2887376253
1083286.2052074273
1161561.707461864
1110459.4403987604
1141973.9863049537
1195316.23343936
1306531.2047548268
1389330.762851664
1423211.3529422507
1504403.256071421
1521311.0504674693
1403522.4586258193
1416907.3447520349
1499842.076987269
1592393.176069279
1436552.3304377345
1461766.2828046633
1481267.91026635
1535555.4289110838
1450406.5232112168
1492575.661189617
1657622.052386756
1569995.3762610196
1526003.5344283783
1600643.797373393
1566726.171981579
1709197.5448136437
1808991.9433401204
1826697.5989393084
1804931.0953507712
1940406.177046092
2037402.4644676934
1641576.3217381558
1518524.6722507295
1672212.870709009
1568298.673297829
1715615.4996983975
1666585.0981890117
1625827.1688790102
1492223.030667066
1450298.3641175947
1403638.0084950433
1574999.778549933
1573559.0782222077
1316879.1421068518
1451360.084300471
1351106.4339712255
1254798.5588896447
1151726.3586976472
1191767.199122445
1315558.817217476
1401160.2225148017
1370072.7668544885
1137388.8
1005941.988757286
979532.757102398
1035365.0142120703
1076971.708904082
1077026.659309926
1074652.9878314934
1005642.3002355486
926668.3024678329
949706.3186508262
939868.5595504988
918038.7191159029
901432.7081967898
768555.0521069801
883831.3465012246
812310.233211863
769819.0716550414
794830.9906927646
780739.5138958958
751768.2254450638
726116.838424168
643691.1975836942
652207.9770568558
625874.984460744
541738.7534411247
550368.3925973807
537036.0902464641
509543.3766391719
519461.91567454115
541891.6361287157
533913.0396921275
553841.7426543122
559796.7694338762
528098.3013443282
506583.86807808187
517357.5336788441
602054.0695532718
537096.1835719417
521671.1660821905
552356.7990229722
584881.4184638878
519675.42244658206
582732.9393351303
681884.835362073
723060.3912185368
761302.5632970404
758303.5576048295
644191.4552781553
665859.8462780525
702796.863419585
668705.2755375459
698843.0050173731
595352.1434925224
547867.2227786334
487181.09282230266
433507.9777342881
487413.63309499196
460253.13656228874
448242.377246712
457361.5133455188
472441.9446612719
617594.9083917623
687763.7262696367
689954.5854429296
662040.9693251057
680212.56205371
666383.424897915
673755.314686746
694735.1846864201
676158.7348653208
711283.6208963677
747916.50204796
774233.8004287685
809650.4765419068
854343.8757217112
976263.7388263184
1017073.7649564564
797668.9807364964
783103.5191075981
807406.353399417
871892.3799176612
874469.9842766916
966401.651029875
921018.391591116
932082.0919822755
870782.2263123807
805257.2059568625
823646.9839590144
884086.8860712065
825094.1933067361
768910.9406079747
743484.151514527
725628.5446367717
740099.5974488042
898975.6493494473
858929.2404977015
963046.9342923437
970625.0475352331
1110715.0250214743
1067231.7185519428
1177091.9533603536
1099297.8908513098
1074946.6817301493
1126120.95026673
939211.0114310804
965314.0909775208
933868.8766222036
932708.1095232692
988365.5951702206
1077431.3537343196
1111278.56487851
