1137388.8
1243348.4755423279
1231905.9276637493
1159702.6252746568
1169384.9113578482
1204147.081129799
1330368.779439888
1525956.2211628067
1441642.9505620105
1532258.3818139818
1525729.3721962639
1853845.8044438718
1999156.9484743972
1922982.0820713928
1917016.274461667
1878252.3469430287
1897072.6561226447
1707272.9888150543
1584820.2345554288
1595299.0977114288
1498939.3163075352
1580829.3276215745
1518892.6669043726
1449043.617626337
1669227.589232254
1717036.8595615965
1808256.1033592494
1653744.9254582813
1668723.573311439
1734885.2207169665
1586718.626678638
1441707.005294154
1458453.403395671
1615904.3467170075
1653623.4090100618
1575723.1520536472
1572047.409225128
1698437.2550030185
1743439.6642824444
1838335.7083007782
1827416.1421680304
1821024.0880464478
1643889.1456508623
1689310.1908593946
1722338.447775417
1664683.723530915
1513260.4752317914
1435566.0709311122
1361374.9921643476
1447803.6375966305
1536207.7437787394
1553502.3480195403
1456659.6818906027
1470069.5848837066
1673746.2356310182
1598522.398260949
1607936.4380137618
1676885.732306838
1556514.9935420929
1667037.6596648882
1893865.4698619717
1761642.5245544189
1896985.2320158782
1979049.990222226
1764546.7801910904
1870531.052946327
1738865.3778938083
1662566.6838337819
1526431.2269904362
1505624.8418737631
1255798.5368880993
1177048.2337041139
1153540.646478681
1206682.8003491533
1047662.1062732791
1020867.0180134989
1021610.780619534
932938.7176446649
926343.559881182
986967.5850035996
1070108.798474142
1064019.910792225
1048721.0707355053
1086344.8128204963
1048214.6282327065
902685.2488324976
870116.3701826202
819767.7687535057
840706.0764443713
757419.2501696451
677796.3490863526
627858.7225276524
568226.7992408819
612761.6915813973
620378.469583854
591632.3967609132
717118.052847542
674379.2944265709
657442.472496828
632253.9904057354
696501.455752506
722253.795460175
828587.5131120138
836593.4237776365
840807.7489439396
780654.1905379437
846507.2781055683
864299.1547137381
786662.3286954968
782157.888356013
904522.5756147008
1137388.8
993009.7593266581
1129696.2143568585
1222734.0517294083
1354623.1163777828
1335232.1053461202
1325480.6200955221
1446237.8751728076
1479029.9502661764
1479457.7996172744
1410121.9011885424
1265705.8752680414
1190080.564101111
1201448.4991855873
1198691.8086519495
1268531.5249219807
1377550.8727907052
1452093.8419710011
1453224.6577114214
1279321.4388386058
1408080.159128396
1382342.0761308651
1212692.8869890606
1348055.217430193
1522578.0205558771
1581564.875399183
1512543.7370673993
1491716.621923679
1454666.3577391682
1295866.2110890746
1437065.3274495725
1477042.325189153
1450935.0742510653
1512400.815234829
1524354.6487588
1516112.5093149398
1438911.3682874972
1349164.9575777047
1347485.7549772356
1516656.184249489
1415888.6358178528
1276868.6758464642
1276138.2635572504
1162885.07896929
1163792.813254349
1124376.2965143858
1135307.970275732
1243483.6527543757
1436021.160308878
1533569.612213885
1519826.028220372
1494204.5011146774
1542379.1924060723
1449595.4580485544
1337372.9305513187
1349879.0401147022
1441684.1256007522
1143903.4265405745
1106021.7803205203
1218727.0929530961
1151602.969048185
1085044.1565991587
953293.0786938007
944309.371692139
923597.8391644337
1004285.3426773434
964619.7708246108
1054433.4564140842
949522.3442822484
916782.1928517753
845008.7738987437
848065.7344923137
945393.35673317
1042902.732104069
1030503.5381311944
932864.5729998414
914663.5260420886
912741.4437175794
894834.130181173
886182.6699505748
877370.449466633
869196.5862794266
966534.2426283438
1013246.8591845669
1026806.5774618984
1068792.3992111487
1069588.8614003274
1067125.4794521262
1184033.5625995721
1207610.6850244335
1388547.9546961617
1267186.1958861921
1323259.6140781783
1366525.859764353
1325241.902701903
1332760.7909710782
1450372.3578309987
1381986.5459352797
1433418.0290473662
1347110.0990050964
1238142.1911614428
1262659.0345967645
1085364.2262606
1249295.1944537144
1259026.9536257861
1227025.2100781181
1157325.078419062
1233489.6652310288
1136540.2362874057
1219463.03356944
1060508.2637566288
