1137388.8
1142322.7769970938
1256259.5087090447
1219808.9501785296
1326733.7667078564
1233729.7484683387
1249334.512796552
1246594.654119739
1207573.439162964
1169131.1381722747
1157812.4782630077
998992.5716802651
1220200.6051574019
1099445.7006373054
1061623.6809478344
1119554.6667060459
1109874.6550765715
1114535.9058416942
1170179.3057050582
1105849.5454206867
1137005.2861539877
1005819.9522904985
1028598.1091688081
1018439.0104325806
1012756.339682835
1070926.7350525323
1077555.0656982036
1035038.9288266714
908238.5421745648
1021617.440776725
1019476.0226556698
1139471.4870828863
1126488.2447499093
1113897.911022636
1147941.208435987
954778.7085371151
1057141.0628584363
1218988.7255928742
1152264.1932219814
1102471.276389861
1172471.435122721
1128413.848431026
1095753.2345266433
1054670.9757270543
966660.6268730863
1020897.3482847235
1011209.5683709715
1050769.968830614
1158092.5182076183
1097489.7580088982
1097646.4261478009
1080129.0986616788
1038167.7225768296
996459.1633176341
934573.1936207651
901540.308010998
820119.1287553203
842585.212275921
744854.8315848547
784253.1742091153
873526.7806716276
873365.2541090974
836466.8239556353
922471.0540973239
948779.90338037
971995.9110291156
998565.2401730815
1050713.1968957845
1017556.5131126154
1017718.6640985151
1021596.3253462872
1021127.6706485328
1088153.8946030317
1050395.7437819727
1023936.156105376
1152375.11252659
1146843.8545025364
1195786.6336992215
1206344.457199835
1202106.2851894028
1286456.0654659169
1466349.645656224
1411947.9438071111
1402413.1829208995
1276616.9657944636
1247263.978812218
1230771.8296823222
1205085.8712939562
1183434.1428504668
1284246.4235928277
1539410.6330234655
1458880.8154472401
1492793.1126165474
1546948.3246864192
1425420.249179932
1323281.0285881222
1377271.485612327
1354727.947001908
1273415.8488383675
1275319.5521548758
1239000.3913180404
1221831.0422144271
1052364.9415388901
1076559.637504847
1034514.4642641715
1054115.3402753253
1095452.4195885945
945852.064995286
1062411.4561673398
1032708.5363460674
1045082.1653931335
1137388.8
1063330.9777288274
1087896.5274192123
1071607.8671208296
1118946.598274595
1168415.3012937321
1153434.5433581625
1027743.964145156
1114633.5182806284
1153919.6623101481
1191894.5376886032
1119177.3559839774
1253070.189017111
1045255.6665040313
1121360.8879770753
1044514.2179404363
1021072.8797236029
1060686.6863259592
909953.2466088887
919058.3970825262
923141.7833053472
934783.8854264504
874705.9138670819
848500.2920580433
707443.3332898881
777688.1902742059
689202.8174456112
681755.2723071137
634071.6391635102
661439.742058413
618476.283426295
629108.2756557735
538557.4007809276
521327.07630564907
594018.0417229095
594244.3464456198
515484.1211960661
499801.86902277847
493650.84261213243
463190.85811794864
441156.6553089856
471440.0723303259
503886.9677885228
443536.9914976411
460241.81788639957
425235.11639152374
404857.6252438305
450528.98126433196
413236.8079417916
464701.6599702836
440119.6067704008
500021.52597966394
553432.3195457937
626782.7964885542
601902.9217928993
651351.7481061134
620729.0331210601
620166.0770352111
640303.6692347471
689797.3512836312
587424.4979795639
593554.9793091202
601636.2454340023
580741.9756488993
554381.8552256366
578057.0297748867
596213.7625792039
545540.2254728769
572954.2324282287
563996.2211934981
633127.8406929825
703208.4113869106
735193.1744229218
753095.5975396046
807577.0557608424
871826.9444962902
905896.0247858118
974664.4028346715
1099878.8323617876
1361195.2375089086
1215708.6937445072
1135247.4774645916
1305385.1702402837
1207555.5364652257
1396789.8009615184
1565698.0460689878
1636357.6342879436
1753743.5725013572
1837309.4167896737
1668025.3668329378
1681169.4650372465
1661914.177340198
1617387.5813731712
1500701.9011214357
1375301.8935534533
1408247.9967084164
1376213.4570042677
1326765.4165344585
1214096.8615261386
1295208.6899016208
1312615.1605449587
1354887.263182435
1139893.581052938
1171132.9779452796
1149352.7028636779
1227276.009921257
1129905.8371567593
1216255.0234279402
1253033.371230127
1256812.373261246
1232408.2582314657
