1137388.8
1138738.1932470282
1089215.404459849
1078108.7548348904
1155222.3607576473
1137030.25924591
1222492.6849071744
1378483.881406168
1435171.6225259302
1398490.2525390487
1328420.035755417
1281096.0880656953
1378491.2497227725
1568778.252491394
1542445.5398586048
1478661.791951928
1482834.4261205092
1426327.3561924135
1362059.2450649408
1362848.769216102
1328354.1313347993
1266769.9157450076
1203053.74897633
1177798.3065433018
1106004.5465675266
1315065.3136247967
1402251.0707269758
1461147.7913406028
1349669.544997781
1486663.0687841652
1388603.1259699056
1476677.2615118728
1517392.5665108194
1382606.854615605
1473096.2582425738
1392513.1785380177
1392549.518766566
1379353.6492316253
1535582.2667575488
1681510.2717513202
1664839.3448712213
1743721.9811837883
1641560.384250021
1599238.6926383914
1322921.0287350065
1332549.807180401
1376698.8210387374
1292313.125014535
1289926.4803624423
1263662.3292806484
1469742.5561614914
1351111.5733835252
1460166.979229514
1408969.1748749476
1359498.2091546052
1520947.9289940319
1692684.7584230967
1543276.757449159
1542416.8718477061
1364372.286153246
1237571.2705828722
1124598.3091921175
1136621.1697120902
1127384.5222266451
1147332.5092947662
1191112.8591258721
1227874.246093765
1278914.8400558757
1454556.1312379672
1455279.4766392785
1344118.2443091988
1570168.5602954514
1647147.7029740557
1589949.731323311
1491023.495273235
1541781.9194466618
1482580.400714889
1305993.26584095
1373533.7528700472
1334943.379421499
1304679.569632107
1356830.810590002
1280786.3391067549
1314845.6744227502
1393363.9017144172
1494222.2691020847
1521949.4355218036
1469561.5828111866
1492841.6674290835
1585280.1808151559
1651453.160602669
1776801.0575896138
1801952.1802798242
1855298.1206865208
1615640.1478523307
1483841.1916908843
1455791.1957056287
1573304.8921373603
1576216.6448086866
1632605.0885709124
1635875.7706414314
1744286.5691555412
1726466.1615905087
1576006.8873078558
1502660.6111592741
1391147.9765031682
1443582.6608583822
1528141.431532691
1562115.0362868272
1561427.8518591584
1412519.0221612398
1137388.8
1163946.3300769576
1097112.1423041627
1096081.6910318697
1124661.6268651804
1063822.093179495
1011067.1052016806
1031111.4099458928
1052659.704388553
1084508.4837593755
1118594.874226347
1041704.1245516967
948103.2075398805
937052.6951327323
939930.4425887492
920863.3668820815
893958.8067111997
823291.9668315478
869967.2705413832
853731.6361571518
959274.6270916929
947754.6678070461
923742.9795540236
864214.1729476161
934014.6090816282
863759.699504965
888181.119983443
867504.0730009244
822044.8085092973
798352.9696442592
770574.3469645024
743338.3104039772
729228.8357547995
630966.2506251001
704283.721209175
695983.3241645414
725128.850020948
701137.3458368253
742467.9592672866
740930.8145811781
725288.7765117598
775383.7997050051
790982.1828908445
863703.5492085834
844996.0892261071
861007.9211657807
883481.5825322346
1023701.5872390938
907911.4688063365
909360.3037037968
891975.103864499
852711.5707234442
791231.0942314616
706909.602970212
669502.672165785
652881.3535948491
668065.8116426328
650707.2033627878
610102.1369164046
628377.927918557
555519.3383082647
606668.1348086977
676814.967902459
683374.3100985333
688836.364170441
710798.6651218169
706321.7928414651
667789.3583020953
642043.819715333
610696.0631273895
545182.371596556
540353.5815583513
562954.6183410852
538749.637396796
546552.0127224444
547631.5250402266
628421.1657844014
635653.0153032575
515335.8814965109
461893.6490322327
491737.48962889594
503521.25208220043
526615.8320491412
566227.5913133505
586283.427903883
682322.6407025795
652372.3670967045
649235.8980916869
609468.2666244188
554582.3409040839
562008.5198911842
604353.8971261604
623022.7297598182
703866.618071034
705959.6321727413
709177.6296698771
791998.3853642243
816711.7493810778
865577.8310423507
867353.4877988488
830680.811694664
898526.266946552
934584.2379924229
991387.011082866
1008120.4962709162
1039545.757752703
1127963.1062048993
1153024.5806957784
1136774.7477732424
1112926.637651086
1188936.922378598
