1137388.8
1070133.4101723812
1180491.583408487
1057055.6843003267
991754.3647473629
1007863.5135465895
895992.3126037744
923703.8486026849
859182.409197039
1048971.0727719555
1151148.5572430138
1143292.183701212
1144408.7631225602
1158332.51426215
1097000.8803585637
1013564.7574125705
990225.1142231063
935175.4209191137
858949.100281265
894828.7688533623
891355.6608501563
797849.7272103443
793540.6846661809
823404.3787538244
892953.5418395291
884120.1852100543
879191.2675442654
873636.9096187796
825935.0417094276
913501.758870277
1179939.2723786896
1047686.1346989318
1127350.2531289665
995981.7463740195
1029977.9658006361
986548.8344998575
927021.595184797
873951.597716638
923144.3845122597
958917.815710122
937789.8080373722
1015691.812699945
1066378.2554566688
1091679.5771842368
998060.0686690952
1054362.7038051358
980716.1805828381
1065335.8197593724
991344.7529133013
992567.1659856858
1027090.3924438809
956982.8160950391
829067.1156505363
926085.5455137516
935408.9371090794
915407.3610890902
937630.297612812
998315.6780186237
979002.0656317907
958799.4346505681
993673.4331499527
997846.5929062931
904065.4695555491
899877.6240190883
968960.6996721228
1139415.5154000055
1238832.6591490412
1338849.8612192136
1351019.50951228
1531376.6816704667
1498608.0778452584
1490367.3120168538
1621303.8027536313
1665252.7662753381
1895897.2674813636
1938187.8260583605
1993203.9159962032
1954147.751724343
1930487.5465797323
1792599.6943239912
1909810.267526567
1864791.0425452183
1890596.1544609452
1671455.1196003857
1637971.9185612618
1652739.726374712
1639320.19671716
1558128.7462999844
1555257.0520527451
1387074.8537307135
1432786.8296290487
1300049.763326984
1400771.8840673314
1473610.6277419329
1558215.6974316202
1674446.7294394134
1779922.5828785906
1935446.490899701
1973412.2855909038
1712629.2566227291
1595447.2760675836
1537337.9498678823
1436403.2822217701
1345694.8738053322
1211736.4912772516
1084680.5674089123
1091048.6360561526
1046865.8473495856
1107556.0101948697
1298103.2986268837
1229499.15373395
1137388.8
1013632.7091039451
984914.563120464
941880.41892702
963315.1729300402
1044366.2095912372
1043421.5178853743
951738.8550969379
987292.4176350445
983138.8518861328
1014501.0448992443
1011087.1418404437
1073671.3855635
1136522.5653485376
1233998.5236115993
1144213.42737311
1123755.2051302877
1124639.068505124
1138988.5838350828
999632.5168297306
1118536.110840159
1139962.382103167
1096125.1164731893
1135918.831279326
1013705.5609790578
1079027.5260933742
1004315.0740914827
1114755.1174683266
1101591.2361241803
1124918.3639628564
1142045.5531443611
1105998.983351412
1010071.1680517849
1023245.0341229424
1064435.4145849273
914341.6529004787
932939.7640125819
1075926.7326592922
1202236.3274015153
1264324.3180868719
1240088.6714581465
1302784.352263513
1232745.383679029
1269887.9392809016
1298490.1739569744
1174426.3434352847
1209410.591195553
1166841.490314576
1140751.787694057
1158249.8209062296
1149435.4307603233
1102352.758876208
1018793.3144892236
1108244.2540627741
1138574.2750447574
982316.0770947129
939054.0321086361
949399.8178355676
899734.4227494646
923135.1524021071
899533.2852468853
881229.6245782175
952027.8776274519
1054449.5149987433
1029986.7258306877
963100.8199783624
948480.8990873954
937616.5849448675
938503.8591873009
864776.6540604949
867140.4433771397
837986.765800051
796816.8101299058
773961.7287169583
706623.6069843555
661427.0695480339
761576.61044978
752270.160814634
740705.3821766836
805413.6783266263
869402.7185438144
847241.2021584862
909076.142243609
878057.4948868427
897127.9784113227
983467.6723924337
894740.3831116859
1011860.5281027394
1092985.9791759315
1199621.3840970634
1087592.1789567021
973989.8289661063
981797.8656947159
973632.8982076324
906709.624765499
947874.7110272229
988063.8177191508
1008159.8985514104
1007605.706458214
1107640.6969072267
1087710.079229946
1046103.7885071998
1059051.5454431337
1153561.5671764384
1278634.1315962833
1269718.4650033433
1167270.2729857578
1170885.6979238135
1282211.310190738
1185376.6420776048
1219398.8574322874
