1137388.8
1129542.1184459068
1232412.6938821103
1174857.4516881804
1110976.900450989
1190676.9030863694
1188333.183954282
1235155.5961283504
1218022.03368745
1200207.2312812025
1034929.7550824523
1114771.1338561338
1206214.1244540736
1176671.8910416048
1041121.8849007736
1054220.4760520463
1014398.6296215154
1094283.6776522093
1110253.3138567999
1182925.789626748
1164883.5836074268
1229656.155114294
1267274.8530213523
1267280.8098649837
1264936.3681130987
1274573.6628785757
1106098.206328395
1104558.8861099882
1166948.492965445
1171244.0981144488
1101150.9085391713
1084533.387909763
1031615.286114623
910637.8923613438
906493.6826990428
796618.5819864552
818216.3168269532
835730.5200193902
827528.2427671491
811318.4600489348
744799.5033367382
683742.135119496
761851.3734202344
803793.4216651903
923049.1645859516
860881.42081644
918724.3159944554
910537.0034485137
842029.9721241854
909626.3898796083
989069.9261138592
1062862.406408251
1159657.1435481657
1300074.0248738094
1282248.3202752406
1253411.0089464346
1308043.9158906224
1341199.453526628
1508916.412949256
1492542.5339670624
1620445.650716506
1636634.1373970185
1719170.5174220754
1662449.6091880326
1783579.2078582107
1750327.661352311
1760309.0750970473
1840653.4386045483
1825427.4645130828
1784070.7572746042
1734412.3489157513
1697831.2500707933
1615718.62244986
1566896.2039357664
1627024.9933406848
1612686.3684223644
1526035.2902349678
1430860.102179445
1471449.8018165403
1485428.2086518335
1464058.8686289235
1299767.0677509124
1181151.0228137933
1237300.0047666086
1224965.8549670433
1266485.3239190672
1114346.015961514
1034792.1310804961
960040.4626062345
1033367.4861270112
1010849.2628413192
927325.4452106174
1132674.6517121994
1106392.876442697
1122315.45155449
1151499.865029305
1268563.2895214336
1223307.0904806547
1270846.2502033694
1310308.0167130935
1521335.0301465741
1640597.359910805
1660981.3624744164
1873714.0988902685
1802007.6861297614
1843987.6843802661
1748119.0179543793
1901481.6406584145
1734373.9811748269
2022350.2402468054
2192210.0937313423
1137388.8
1286205.4947099737
1212975.95541371
1195487.802314979
1161161.727543389
1278688.5204650918
1608248.245692749
1654703.4281978393
1592036.8115739154
1690182.229011981
1754468.7023569215
1858073.934728475
2140158.610172737
2130084.647564658
2180734.9558959245
2424678.74685464
2576455.0652173352
2690926.71354212
2829620.7277017273
2812977.5249382243
3066371.336495195
3336254.381757861
3166105.257625253
3280212.4779968066
3302072.3247951325
2929976.007872441
3434594.784665083
4028516.855647273
4175452.9063646705
4183085.258863026
4444265.695044072
4876005.23009227
4735279.5983247515
4716302.274983764
4623861.192874361
5298818.540324664
5310377.055407515
5691669.843815347
5883510.984514424
6212320.644550106
6379051.515368608
6260556.565087839
5983377.861580638
6417012.427644962
6292400.650407524
6351336.087487574
6712385.553859568
6699435.58021504
6000153.48085741
5822542.562521643
6037618.203138165
5940587.106787596
5884178.0746238055
5963297.890004904
5945232.270188703
5699427.790357843
5586600.850504311
6746283.216866386
6837934.75463435
7806587.791790359
8057304.533619869
8015645.244889408
8163180.209344417
8616088.383042695
8125303.033598687
8210730.867411419
7203809.6013152115
6770433.506804397
6191061.778233147
6503458.09710881
6626877.471096862
6082395.840327322
5842205.876072452
6063816.578770429
5461273.131427479
5377375.019510592
5668321.326949169
6027256.023571689
7186621.187335121
7167669.998304703
6547824.501203995
7447065.018149983
6405050.545222573
5791076.939746996
6271944.80792822
6072249.414084893
5529149.35325873
5913308.620216802
5314799.105792186
5321883.144674536
5356242.535454449
5044895.897366084
5000532.138798173
5401031.524071805
5202838.598239443
4961417.772813169
4871290.791214426
4667969.374659043
4178105.6280797985
3616507.6273677675
3307399.441472699
3591132.2601962634
3516538.596337823
3962857.013596709
4376544.296258557
4801638.781700391
4671828.346179661
5039236.980458794
4721258.982130022
4523935.988606027
4401255.9762391
