1137388.8
1181974.0520257046
1167700.2550050574
1028618.2907792992
1101461.8737201008
974329.1083427914
973399.535869432
852267.5385396664
793689.4236832233
884881.5788579645
917174.5499510535
839735.2129679548
780252.9378071971
808549.0220649117
757541.2465781315
721347.4788537367
663345.2112720569
720994.427829751
764350.4609454165
748910.6138694215
738225.6475518998
709376.5455020517
697284.8304330615
774193.3410968516
858807.7733292076
891066.2992817567
941631.200974373
958120.9945149699
881131.11033045
937221.1038586333
913481.9960402274
899882.8238925172
886046.0728205519
897811.4478664497
809571.1538076604
792668.0890244343
766373.5737588075
742650.1710576649
845962.8510421418
827106.6190398701
835001.5805020244
900346.9493325887
859434.1857212007
962010.7759736747
985416.2374698637
980055.5111379692
1061946.9871791836
1027368.8122323101
975215.870306847
1055641.8972534258
1044429.2503238498
1050518.113514471
1129106.630897773
1147836.8938682657
1094162.3804196566
1044106.3116545915
968145.7273538541
1085275.3979233864
1029542.8836319658
938379.0831626386
1026649.4276468976
861476.7555418017
973873.5418498827
1101587.9332558461
1110209.277580948
1156913.9668811115
1184833.9506736866
1321878.5891374373
1285641.5959300578
1199739.4503855093
1324543.1966208932
1406505.340861829
1295397.1900333297
1327292.8672871043
1223024.5826296054
1095727.9432338176
1245039.8862556908
1423057.096157445
1383376.4433088743
1189233.073623773
1028777.1914170498
1006169.3884747499
1115011.368639933
1198769.9966615348
1366196.064248012
1213491.342261636
1210331.2055959224
1323667.9407080694
1451124.2772530927
1468001.6659325745
1455350.545991635
1383428.9589738352
1371540.3385530664
1363637.953329517
1412084.200320075
1424030.9981396433
1514516.176866237
1542971.8264926358
1422216.8648343305
1598640.1782516893
1508172.653312538
1716496.0940832184
1642402.9761185118
1636114.1037369082
1738180.097707427
1829024.746957736
2111051.283061506
1885672.9300741912
1741364.3437946702
1705704.4798798237
1665463.1479462388
1137388.8
1221122.1559097432
1176442.871708923
1004110.9309925946
928873.0350547448
990911.6914097377
949195.8339486289
1024604.7493480062
903853.6429750001
920912.7609851367
868155.6298234884
877068.6893380183
822764.4734348716
726474.4364629312
764098.63387321
866782.4033769572
902466.4453885959
805159.226833425
768756.9279237004
774593.2201262591
680508.3949226274
697779.7081455049
721612.1437236561
676903.5665534337
626251.8285405295
665076.6288344362
626710.8954363272
681570.4102352258
745640.3320261228
733233.9541240231
716110.4604206164
641968.8341338962
686296.6765786842
687334.5795451469
643492.5115989142
660385.2107393089
540644.8911851441
592453.0829049994
637585.7016872743
608838.7863633628
602865.5154712881
628734.9580002817
608894.1347478875
685610.1961783095
690380.7524312363
642213.8349591624
613802.5062588276
614517.8448162752
664560.6970677087
688894.1289796687
627731.686223836
566344.9122107588
609839.9589154053
651762.9557628048
668502.0220892985
706262.4058983842
718189.773568986
798563.8571557838
889842.5560903448
870964.3105350041
895776.0796198046
915948.2053804819
923595.6210227975
877773.4506888795
854549.3937667016
774957.9794621998
709478.0613295018
752114.4491026783
779290.2024835127
785564.720893088
713977.98463871
799185.7852216313
792809.4000844104
856984.1016531317
887628.2434289283
917715.9124122225
821980.1006842136
772556.5076136234
851670.9326603125
812853.0387551808
761300.7358759588
794850.3933237902
815839.5510852605
857835.1929940555
851538.469284575
827199.312791693
783305.3602209244
807139.2541400903
756725.0466689356
723612.2475520036
649926.5562768404
681766.1960447577
626621.02897529
628541.3358753499
654392.0232789235
668882.4989187914
683441.0971548454
782949.0326874309
741751.7415516011
703954.6980006907
655411.0881965125
733167.5502404536
753019.2059745446
696990.446067311
747073.4676209862
808131.8005096515
734102.3411256718
787251.5675028523
827302.8467367407
735288.4359185525
727938.5805911357
