1137388.8
1192551.7564962767
998512.2509677841
957276.1843458543
982200.8571530932
1007315.2110152688
1133280.4832704908
1273979.7491809416
1349593.6672821403
1415666.9784614888
1489653.90779065
1356931.1546100008
1414772.5954170038
1369917.5893910194
1412844.7588791985
1310047.8783758343
1252659.1305756825
1213079.1163177877
1151204.5759640224
1312153.8767941177
1394858.9868338385
1465759.2379794768
1409815.0809009618
1303700.3350094461
1228868.488479552
1262962.8074697799
1268145.8465022529
1367550.0075552114
1364099.9554770992
1616119.826380942
1660499.100741827
1760321.4023859433
1680849.086095997
1464889.1961658674
1400900.3591777699
1539241.988244443
1602457.1961522284
1527676.914996698
1413576.139934131
1396898.5140395006
1554604.9616136674
1608110.8393643184
1547846.2741776889
1908867.6086225007
1608876.0823370365
1465099.3945605943
1461953.8521837548
1370878.6404951143
1483708.9516071854
1683090.595469072
1642914.1626036132
1427539.8630325529
1369354.8460923517
1646240.70598154
1599386.5600319817
1462409.9563237564
1766512.9142223124
1959866.617449332
1871586.7441490379
1715315.5812272534
1793232.73377275
1935956.0894563457
2156328.2684304127
2434808.4106846666
2436432.1109269
2689915.133581828
2713083.065520741
2890159.9353816067
2643712.353268778
2930105.2727173585
3171042.6262663407
3271333.836715005
3038648.0221548704
2987488.463458581
2945544.13265313
2804355.171725195
2724850.7846438633
2729796.178067569
2433209.2353867684
2441582.256425577
2428096.887881526
2685993.783939798
2424138.664650278
2416057.115061139
2412230.523816573
2499009.9269809863
2807315.038588168
2453969.477087972
2636388.725364586
3046732.2922462546
3078836.671779585
3302239.508541882
3264994.502505503
3376516.5889601223
3321137.282473253
3213664.6220455663
3142769.977191331
3309028.5336075774
3861872.314375004
4724984.151108648
4826193.667698809
4446177.281191299
4624524.450423533
4393580.628869877
4561939.479328365
4944640.332965116
4981248.753741244
5018365.905473597
4901485.6275004195
4808512.947260047
5054697.732347097
1137388.8
1089329.9807944498
1273688.1045864422
1380151.1561041872
1435476.1605711898
1461122.3783584828
1466874.2366369446
1389106.1240587053
1382103.429124429
1307611.6470937373
1280714.5292659001
1266265.868662475
1342192.7774634992
1405114.0718348748
1458053.8644896408
1351674.0116965743
1303618.2104979
1373239.312628685
1426866.7949614841
1362851.3716323043
1320242.8862000396
1249712.2683481846
1232996.1890812714
1219505.459703136
1069487.499472016
1148449.4187547835
1084136.640841882
1168891.5427921992
1234914.2023243376
1161196.9066450088
1152704.4782372578
1071138.10776768
1137192.5428355443
1107810.8139806823
1057783.0298493213
992613.4919019422
1012026.7325332062
978426.9722044922
923909.205450047
977999.7219520268
991315.1809742305
963735.3362879119
1116932.8772777473
1040818.9897477502
993800.7184717469
1012086.7657775969
1003099.3696756321
1026663.7924244081
1036838.662380441
910158.5287900612
862924.2099898043
884884.9325985152
841569.673661191
808828.4121946523
811084.1263220226
745334.2535702274
674170.5195560147
687420.8444106084
740407.6538127942
761942.0173020124
749704.4451603156
709602.7990700401
686710.2400931864
669013.6912110095
724701.392988474
726592.107994493
649253.3326395389
636147.152658712
583715.7711872095
617124.7646197699
601430.0628658251
634556.2394355659
656937.2831872253
743926.522823113
738354.2416972565
640631.9149937882
676758.6015578471
630562.1903528924
605481.461960242
540282.7733541544
471131.89730833855
449902.10738903936
534089.5224693498
494443.8186275909
510095.6722235469
541098.5560026336
499927.17616563634
491491.9223424217
518409.50565508194
567891.320286516
556427.9629964603
625980.3694809792
616474.7574853183
641770.4167165824
663973.3843959332
714687.4585169503
628703.5487084695
670570.1145747167
695849.415614101
772038.3279697695
748555.132891881
657121.758052162
742826.792205136
803996.3085861128
833081.2544682759
752629.1374170136
729874.7108918554
702895.0635156123
656428.4756632565
700963.1425906797
666463.4696104602
