1137388.8
1247218.218336347
1175053.1599604618
1192547.2269164734
1236896.8906445971
1082393.7881842915
1018513.9549752268
977286.7551570825
987620.4519446706
1053739.5787769975
1095667.826571635
1220132.6582233363
1258495.8335613022
1225498.4617627761
1061943.0086325621
991142.8398581311
927128.7461594042
989084.8545692454
995572.2374460935
1006137.4326685696
918131.9400642925
984436.5567806056
950059.0472269623
923705.9454381579
933753.0458688814
882495.6172396665
972972.062626559
1090417.1731284691
1048667.7594932963
1040362.015002047
1044337.062230898
1036911.0874861062
1089964.1294290046
1067644.1585931466
1101471.771893596
1183626.6284695019
1159389.5152444616
1322811.7003597876
1205225.492876549
1240216.2442218682
1274143.0307999298
1178936.0536624251
1224805.50848492
1249826.746121501
1321765.4189475446
1301678.2291895417
1448757.9305111733
1439585.0641027505
1229160.022474891
1057864.3649650267
1123874.706641663
1104691.2853175006
1065181.5872994976
1043993.1073866825
1132594.087696146
1154000.898194318
1184998.8416353962
1238077.781355305
1233227.253968935
1265926.1212160191
1242576.1232434893
1278136.800414941
1272845.2024865462
1242407.8910144703
1200504.140041974
1143761.694187872
1018506.628828908
1202806.277751597
1112666.9085421963
1200838.4623538726
1197927.5935194734
1184942.7262957026
1254553.4912462614
1129320.677644006
1044575.912307515
1035869.8929379295
924681.52324052
807723.2701814843
770574.3242307755
733070.4702106448
839489.1844130184
798423.274011305
875100.1506903484
839979.9923202728
824155.8966580242
852887.368068235
826461.8568086127
815611.5818437608
748013.8759420676
749836.0968775192
768067.5242892142
710633.1726253516
634979.3595060465
610706.067945725
694796.895972144
678357.1285481389
623415.2742124661
561424.5480351644
529605.5169305711
552687.9564050424
538828.4108248885
469612.63291707396
403046.5804978399
382266.37693482987
416874.5912321829
456023.7802796524
494352.82118507376
496852.35477938683
435274.043515501
458302.07569472276
449262.62542900717
1137388.8
1202003.6097820895
1097977.5595274477
1133958.0937336846
1169505.6129696744
1172428.6569249525
1270085.1934388669
1063869.9570455868
1199055.6687393321
1166426.42823908
1158385.2083306974
1057835.4695517481
1013798.7848386647
978693.3239763106
971801.7182769093
1023936.3102665462
1041794.5833527943
1103375.5673209943
1145989.1288504316
1068659.5057239367
1010360.86647844
1082900.8540588024
969509.5131042356
1143507.2316969403
1159303.5486187574
1077129.5877572747
1239165.7599711188
1166912.3405279936
1070735.502747548
1085561.133516096
894178.30573469
849995.7951181522
867957.2175594453
831185.3029423848
796516.0348907618
797676.5676334642
836832.2014890992
769894.6094475872
738563.0598732538
705693.6222158072
767147.7734915873
784166.7463059905
725829.9033378437
705034.0861589229
740198.8898332062
806610.9731377952
791131.5729225229
758822.739577205
777890.8287029084
822973.8352251425
760213.0488532681
705851.5211048627
628484.3304201685
604285.4261072086
643079.0079620138
654512.4553429367
721493.9015101824
656398.0115069306
675093.9820343478
619200.3077405423
592864.2752561811
631410.0966392
676322.3153069371
610096.2821869355
616646.1605222838
611499.7804788374
619056.7329248941
629580.9713655369
671709.0856820549
730522.7630919479
756622.0482689501
765767.7517892933
720705.943056521
663713.2289627197
629449.5711211002
577290.1566309462
504537.6087616818
491519.71185484965
444803.2948813054
468379.8387825088
499592.3817417927
527869.0850532501
593562.5003331256
540839.3079310034
587958.1860564606
565363.4429518171
526610.9343733521
494134.1998406617
400522.50031905307
338883.7926516522
296925.4606044518
319053.9628872997
330437.4761093569
317372.45811536524
348939.32435175666
408726.7423964436
411041.0659662015
408154.1543171658
343283.0888341551
347694.6185772724
361961.1011495393
354822.2885673716
375945.81119596004
374268.9746335497
389810.48649427266
379721.7817920109
375109.4378283436
373292.8014425001
404300.807000003
382479.8673813263
389713.80981050123
