1137388.8
1222148.9190981034
1209802.617387617
1354732.6402856742
1334217.5712045005
1449470.6989837557
1722140.5929690264
1906817.4952401544
1927617.7276175432
2022792.2002094486
2247292.19536718
2170874.896002479
2024109.2120154349
2192187.195251052
2037505.7222279655
1788159.9670666207
1759218.256957686
1687014.8092039006
1707804.1723249585
1904423.230549866
1898284.2973455323
1993023.980280364
1945454.5729925113
1985092.306460967
1737462.816068427
1784726.9731704819
1731759.8275811041
1746722.5907988783
1700785.9338997977
1811236.6517556417
1637306.0097185604
1632471.3894365276
1779553.2079999908
1718023.2169470198
1714629.041099873
1681791.2139134267
1917061.350753019
2006505.0506918048
1967203.2579606117
1872823.6838107582
1828869.3427574998
1972520.156738383
1916412.944618301
1874751.4615710012
2021081.8104702588
2203640.848094951
2486639.4229397704
2498083.2892635255
2069376.0552121182
1942032.5135819006
1863702.372397333
1748624.2942233689
1754491.985349802
1761912.476088359
1678049.1772922692
1724933.305863933
2145224.5342665897
2084625.7118665078
2210243.670073596
2614591.6165385204
2713717.97068822
2946295.1265446404
3032693.4898085017
2705845.1032217504
2928596.3247144185
2806182.6507880883
2661077.2516062194
2605502.760834172
2439929.4235420204
2518754.771000798
2689461.0222080383
2886325.4835612783
2910926.975031296
2842809.6440257006
3181801.6270165397
3377498.269766583
2874380.2294074856
2829375.3075894634
3030452.7517352784
3259631.006857669
3147822.0260627843
3429247.78181513
3494506.3303061193
3624613.379496974
3398063.2965055355
3097101.0208481266
3358902.9664316075
3523420.702856206
3675034.142403383
3559784.426607923
3486079.1757082553
3681590.0467147357
3603006.916083306
3569785.365492979
3713805.8638861524
3810876.509598255
3783767.3050255734
3817619.4742714223
4028680.5632244386
4171712.322777925
3668236.9385922817
3410423.85831588
3307134.956227292
2991892.9339506747
2851482.705250918
2825942.0833039805
2637975.005963156
2649260.0668400186
2403122.1689665187
2193889.6691120225
2031952.4417949342
1137388.8
1217314.5212429587
1234642.8320983604
1149016.2876159686
1223530.753707175
1293098.947535309
1264364.4907363232
1528812.1947642183
1432046.016297931
1371926.3139837587
1556812.8062997663
1610208.1092378667
1668568.4397963004
1702155.1008325573
1774329.4553131538
1758928.9358151108
1867957.061000098
1827316.0603987582
1852103.4279111542
1834667.2929685973
1782275.8982795463
2067948.1973020104
1942744.2935130976
1973436.5255610934
2019820.2421371676
2055373.264616547
2315453.5373053383
2186814.4503461756
2278281.031533977
2929816.8518590652
2994799.029639709
2565863.8902674397
2534177.0875267354
2512091.512337412
2515923.643769133
2617184.4433824536
2582912.874837035
2171970.450509906
2229983.064647327
2017724.8303369049
2224253.0931741875
2451693.1521978653
2686333.0250368877
2665720.77207301
2482163.524764801
2412032.223688186
2526913.482451044
2655864.2677926174
2726774.4007288152
2668526.217585131
2616775.8032875108
2207434.4074153216
2511562.9073698767
2361002.965590257
2464866.6278381846
2497468.7439619834
2485736.422608182
2351145.6093997983
2318941.505705518
2227710.655240759
2305082.3103404213
2223166.8666645056
2159690.136172773
2396544.7943492173
2428213.6054266617
2049503.2848915707
2010342.7807867
2172278.8416293203
2177428.063318325
2091339.3578368337
1977037.026676137
1671276.0359812302
1548414.7012211536
1707940.5998236584
1685621.9243947233
1551933.219575852
1532629.364843035
1521655.7311902493
1448084.7577104068
1381443.7359233552
1422887.7082438553
1555581.0068334036
1624475.2601352315
1424258.8632836738
1471428.8157770403
1517666.3087359783
1756470.5213132228
1433815.936050943
1370864.2356456725
1271153.4068269616
1278477.5464066197
1384324.7051013696
1259639.869469845
1275867.8517180884
1212444.0861696026
1360404.0533029211
1573734.1491425964
1529555.7998530606
1803855.313238247
1844201.5835058256
1840980.1538201843
1837722.747988041
1793546.2214158764
1746652.393505893
1770016.1437273764
1845143.7603729633
2121570.81738983
2054152.7256983353
2095037.2153129505
2475552.871874681
2542540.6604381823
