1137388.8
1102609.459602069
1158285.4613671557
1086406.2934040492
965468.3910023023
997151.8438169835
949708.9068958269
920254.1974665156
829825.5766825262
831434.5050033097
825976.0387495618
792696.7694351578
758827.4233891641
833317.7863211806
850650.9698117571
893000.3592645328
812428.7408849841
868504.089176693
918271.706439002
1055151.5622206342
1001265.4886359202
957411.0786491362
1089843.3521797569
1142884.1934246956
965737.1488368225
1106242.9387494677
1058385.0702052435
1069478.3467954698
1122782.7814448455
1251021.5533293039
1254888.5701878327
1370369.0396893185
1383355.9121288524
1364773.4639670453
1331742.7244638863
1416973.6988960004
1422327.242232967
1548206.0446914851
1576968.249701146
1439627.1682603578
1477260.4075738047
1580060.868571206
1739205.3863349226
1828011.6407214329
1638732.015886876
1703810.2735592178
1562565.5907904545
1645607.4310316923
1758544.6477860427
2067079.0893231116
2127190.211835134
2103932.9380543493
2121817.5931771067
2199154.9366472787
1936121.0140496264
1895216.1759682223
1912007.6335863047
1944767.5517444513
2050590.6088771073
2125732.4429113707
2370892.640696026
2517622.9138764786
2544224.723993309
2534798.026490892
2936358.8779892917
2845771.112361563
2759815.2494695904
2692288.9959448343
2465329.481804596
2630314.4807668496
2417681.1510130176
2816243.1323568737
3342157.4910505638
3094469.210274175
3274728.9547822475
3078444.911092388
3209180.719303298
3557970.373308991
3180324.9329707716
3232221.0009221495
3136424.5949219386
3633236.2913846048
3402064.037134016
3183605.4162014606
3073597.2406678884
2995420.9092381615
2937532.365786366
2740589.352565113
2929054.327917634
2849764.8828235525
2762675.6409096643
2716235.9466658696
2516897.940286184
2468272.966692431
2300124.7748706113
2159126.098152574
2265553.8407916557
2105287.4826591853
2088783.3534262225
2012373.1689040586
1993591.151204254
1731670.1019548988
1765363.6026911081
1878581.6823390475
2066766.3129040624
2228732.9647603845
2159118.7963147247
2216606.757350017
2033914.018364012
2308042.531842054
2176095.717554257
1137388.8
1199328.203182237
1228122.147960474
1422664.482671844
1421691.6467619676
1457834.805110309
1369536.079046581
1392806.7320282273
1320795.2606729015
1260287.057865945
1112744.0664280087
1080819.4042046422
1076668.678494659
1020734.4524669322
980976.4327159314
1006336.2732225145
1177998.7510844113
1185134.7699621113
1214181.233281558
1128498.527062932
998274.304258024
828244.9003767779
752111.8243030137
709006.2015307378
686326.5495439757
569314.1315932159
549332.4809278871
557912.7472326786
611801.6280564128
610434.0521331787
579719.0177513777
533422.4661235136
558831.904196742
594351.217150674
534695.8236227102
494163.6945261409
475489.292538657
442643.7415589327
401433.3901012751
440083.40472743934
495567.42751946254
530176.7845503413
465236.80539750215
556494.0849128003
538994.7637072699
536636.2525893219
437449.7266257128
413332.3000174488
393066.34901569487
423015.5292337302
384745.77898972033
335937.40594297217
311501.2528665097
305584.46689903754
314803.2559310388
347129.08364522195
374850.89529527596
357618.3574096904
340665.27755779645
388021.7369652999
329247.29243970005
331778.5808300862
319789.85966421023
294251.95102397364
320830.4097464655
295131.79474268557
298562.65336556494
297250.1730632475
271321.3557530465
278122.0149748958
285903.68345141306
285448.2068980325
276813.96109919634
266491.3090181807
270652.5679674444
271513.6901612304
258978.44561346504
239862.07145315062
230747.51404866547
199139.89400862914
210090.34870463333
200133.01147989192
192037.81547448054
196714.56315474378
238017.1031776315
244122.1292821925
228320.35745851742
234191.56006390223
237063.97183494663
222082.80968713172
212048.4425232026
225909.86804377456
236752.50216776363
219939.69081134172
197490.96750521436
226698.79663727028
213329.4050973012
222195.5691261753
209917.37657964817
227377.48811674214
216704.96313534444
221402.01999876666
246695.41125355163
257678.32454618992
269933.44454994594
278760.66575355106
260762.34272437662
262842.3338543525
239712.2741476461
223624.58189093263
192949.34680603776
