1137388.8
1154692.4021152174
1209555.1313542346
1337411.5388385362
1491523.6942556885
1610827.287985187
1460618.3067859474
1337753.4223178255
1316515.7770573725
1321500.1548211921
1199142.743945304
1147418.8348039333
1104050.0985573854
1065715.5790112438
1204747.1756033124
1347902.2607129996
1360509.893442532
1364517.0599895273
1391155.8129084648
1346805.6303560357
1437316.4504546206
1354916.843869511
1513627.4162553085
1460687.1502837464
1542283.4301939348
1606336.2596135433
1522410.3332705302
1484611.9343834154
1518692.7199343713
1364776.7683203376
1430502.8591714527
1371908.6317087098
1290037.5427985722
1302329.3605627373
1354987.4762864627
1401267.545457352
1659927.6371950195
1470359.5965327679
1551095.8749552309
1588091.5202437406
1623847.9865160435
1636351.3107054583
1664832.2490850766
1872169.1040877132
1732278.159292365
1768946.2254092882
1928547.3435207838
1950503.356556578
1782096.9579868393
1872768.9988588053
1564542.7525575727
1481290.953073817
1419528.1665850938
1308206.2382542014
1237551.753409037
1399026.8621309742
1317057.243433523
1356779.3242141684
1430507.0461614262
1646470.5509361587
1830367.5007800169
1787838.0743135998
1858967.1609362918
1615493.6413317411
1631355.6395904506
1914363.2529792602
1932144.231826755
1968054.8446448946
2009314.9105814581
2019416.2948797382
1999326.1864721654
1714159.7254624995
1879422.566068715
2009306.8412073015
2107631.570841127
2008919.484735945
1932559.1977233123
1966424.5033156918
2248693.285953025
2512960.195954748
2430550.562036924
2519486.052571239
2766957.874517514
2807445.975581813
2989756.315909023
3135942.3138715895
3030618.215866932
3067046.520070586
3269045.708190494
3400597.4585960414
3299591.8627556497
3693534.9853243055
3753833.1541248565
3833457.1074614073
4194378.015131259
4048065.3496514494
3838956.7354262467
3640843.248313783
3288122.8270174433
3077455.2337969453
3160616.662623997
3252290.9308484094
3084991.0826507946
3391654.7647499745
3492174.6800000267
3374444.0099631916
3286222.8533962565
3280214.5448383847
3258248.6153373304
2946791.261989499
3154490.2619026015
1137388.8
1110540.1941406387
1127045.0259442471
1033800.3093152345
970022.5819766762
867745.4000331224
879873.3240474239
838871.5367335201
930878.7114868076
903793.343273217
876085.3951156181
814460.8370456671
785344.5088806269
766523.0826617661
780642.1404526021
659129.1606303584
677265.7298815182
637612.305304567
670664.5808424671
806870.7798710251
899147.2406854923
835212.5827706526
710308.674806332
606505.9815517707
651044.6765259404
678270.4248104849
759845.9349457168
732829.8038947487
740103.2611363762
764021.4995550076
691350.4374599356
699013.8889363055
679599.6824490773
738103.1670534171
754503.8427719249
769144.3660502125
750240.5039942592
761789.1887330986
759475.374264318
699989.0161339665
632016.390831157
653807.0953907485
731425.9808257099
804740.8402832887
803960.221398723
880078.8434992424
794679.4993631958
784122.5277534925
694284.1072395523
722439.2188440722
687659.624071448
675213.2084329213
655381.3893939235
595376.2937153872
642528.0207486419
602834.2397116804
625763.9820133742
587261.2573747011
638812.9529643079
629632.3572442885
616208.1791037014
600438.0993322525
629756.4548951323
641114.1336583672
641105.0204942253
593172.9780629253
590717.3281564426
581412.337247716
664672.139488045
658228.3977003373
676281.1322431808
702256.9895412928
742534.0450626862
724794.7863246502
817863.8686987141
841279.2236410384
854251.629588967
839589.3490694779
777937.5442025055
799224.1823364176
842705.8295911938
825151.6901495217
778437.9443591234
772614.7463837086
788523.8970972883
798740.3176374137
843158.1094259628
877925.0402958269
879074.808123268
890159.5129481035
909305.9181049203
864010.01362757
814586.2436243964
749305.1776912771
828323.4581295098
855094.5082986025
927583.8952156305
1016114.1420872636
1019135.7891570219
953614.8402266277
781296.4727793651
748478.1403764697
786671.4729843513
752561.6076327965
768587.3248979413
786175.6903334224
798151.766751841
793646.0477822346
867279.7203915414
815920.7279699725
808410.8728282877
