1137388.8
1100267.7900270405
1171186.4212299245
1250084.5769273385
1337756.908546101
1235156.4675647807
1188418.5181184895
1365593.7275997892
1410059.7816562776
1478570.2251406407
1552685.8603527225
1354336.237325858
1383246.6394239413
1227675.0391438464
1279806.9443946322
1273452.7560263716
1301732.02456423
1177071.8051073677
1158412.2683618932
1243379.332182006
1243349.4942293027
1228887.7654229936
1320529.7791067564
1383336.4765131343
1373743.1658671864
1309313.2020081347
1624640.265533519
1615029.8069283145
1399015.9692808336
1381328.9608652056
1413199.7410481106
1509519.5646997239
1533406.8497795647
1654057.2993745466
1597909.917820632
1477244.9073076989
1511436.0548611425
1489249.1050857725
1420378.7758258663
1412559.2002387478
1869338.4959458434
1822126.9919095468
1745557.660910648
1769284.060984943
1682227.9574948398
1880112.8488933488
1896888.0605332502
2016478.6536981557
2108769.7787361504
2109885.2025036463
2359661.8448629947
2276941.7270667492
2563314.0632972177
2563324.9500162564
2943470.3855474293
3081358.5736729684
3093043.9535123887
3437685.406286643
4003003.248390128
4510319.465248742
4793557.824609079
5070252.240769644
5599174.585816275
5771557.261385921
5330987.516544831
5107845.567444051
4578232.958020488
4515684.531230788
4825650.864860853
4295445.812253288
4519197.381977957
4407486.213447907
4719526.931589356
4598671.71914942
4180455.1025491846
4303420.827360377
4366081.577775138
4127454.6714411373
3720522.474391414
3744144.2404453596
4356233.413153177
4146353.191633317
4329904.164485321
4922235.018460561
5122239.763793508
4981568.886882433
4849991.434068239
4528380.443047057
5125619.086867667
5159439.505385825
5301811.266792562
4831327.741907279
4922386.156205722
4878957.494199916
5272214.361415157
4761585.329368379
4606890.148382909
4305001.869899511
3995366.0479480126
4011629.1553009422
3260833.717236987
3242480.51580856
3128875.778102081
3007030.177652631
3217473.827896529
3249804.957300598
3208627.1717353016
3117802.138192058
3389324.776793887
3089560.8547959356
2995489.408818284
1137388.8
1141955.03374244
1246542.727310513
1303188.7926016697
1223103.6937895087
1209140.4905299824
1246540.7233039136
1362109.7267967474
1422252.0800210936
1329674.5784228467
1444746.5933332604
1357479.6345979206
1277572.0221766362
1394608.6042799908
1263920.3856583124
1235979.807255704
1394540.873855732
1295370.7515017744
1347013.2435485604
1156700.5771364756
1186545.8848401855
1173140.8242812438
1189895.0371128963
1163746.544519849
1041224.9883635666
911930.2595293022
1016035.8939150322
1035278.486386006
890262.727721384
933842.7365559791
1007733.306619776
884906.8630471706
917225.8108498146
992366.3441159314
949912.9816537871
999721.4673122037
958880.2131718958
855804.1315374924
857256.9910640642
722216.1656226084
683188.2964170872
580119.6434604495
546852.7298346427
565870.985133862
622091.8771471268
630377.7109408682
612601.0636402193
658642.8494052858
702874.4222408701
644877.3994921643
638247.590401888
648734.8524611518
659741.9449951014
640456.2948178719
631881.2772540095
573067.9376600607
471556.329987376
521099.34756692516
540141.041807286
496048.191408792
486201.8943511365
513983.283989242
551810.6997713309
521791.16115080065
542811.2461543949
496181.64741554053
527756.3881987862
557291.3656618403
599305.5834610856
673986.9277131833
682637.5542046571
717394.7402427932
755473.2398671777
743953.3131116716
789378.9173293444
972554.1191075279
1083764.700661745
1047703.756004396
1245347.5027003482
1326649.7230105167
1377715.6013604435
1407968.0380451372
1336921.388992481
1360340.1728775941
1057106.6339187284
1207748.5838618788
1168795.4860909302
1108356.1717119855
1211451.890361205
1155042.9835648919
1053565.8027624462
1136909.1562380337
941670.071999794
755416.881972281
831582.3940176805
836871.4153292491
842905.1695430891
800025.1323631706
874550.6657381312
900390.9163756137
873633.0728653787
880601.1277205733
832610.0905678578
912930.4527837989
991228.8997985052
1027585.4407149033
1086806.2711109535
1021325.5208438684
1174509.3851805364
1192939.8234091564
1153682.2917569082
