1137388.8
1136277.8343875497
1135411.2980810048
1199091.2445176498
1360227.9808260738
1130955.9443655333
1263722.013464534
1501160.7804468514
1380494.8914530224
1428531.507005091
1383981.3836005933
1221412.9730013437
1116663.4741536877
1061467.8222014995
1047568.386747055
1100220.0482826554
1041366.5907343125
995662.9300364755
1126277.0187721304
1106015.189160391
1190573.7208765368
1078628.5367614857
1092038.755833727
1097390.9032290622
1039117.5868212249
973858.2484523429
1018000.4033164151
972638.6560599467
856662.3588737242
837228.8820934674
914298.7454511167
980644.2051707782
900065.9232038346
936213.8783661942
999785.7180396045
1045351.6882141083
993243.9880553026
1047352.861619498
1081554.8493855768
1059217.462497487
1036666.7353216935
982886.2981908607
1027047.2809693981
1066771.5705012458
1081638.8967457134
1009551.5869953481
982088.0804396317
1083331.2509115299
1157817.6001904188
1213210.6057764417
1352350.663451515
1284186.6372183233
1425407.8763503328
1393241.2901192007
1318673.6501103274
1467595.9005614873
1377757.654289719
1280051.5761716168
1539158.7934295903
1449006.726794056
1314922.5059137645
1275179.2981609213
1266339.9051031142
1278554.8565842945
1433125.2509806869
1396596.2510653855
1258489.786301344
1287309.9612065128
1210806.701761144
1319418.2825434483
1350866.5620519836
1301309.0420071858
1077590.900130506
1060631.937766733
1023812.7549336797
1043802.0508528863
1032887.5104687063
1142131.3426506196
1112276.8783373837
1146988.339976913
1123323.1201469146
1316053.973539906
1382165.6663509563
1337718.4941323532
1355798.762315134
1292903.2976727688
1211041.1386883203
1227047.540611958
1334709.7050120658
1268240.2133329909
1349117.7453190687
1357820.5786219866
1291755.8606777028
1229974.8063474242
1255622.502586141
1369960.63415121
1378439.6993746867
1391746.5762644585
1294323.665955497
1468068.9776345468
1323775.6619738403
1294109.8898579308
1423320.5105456817
1317086.5583458794
1376109.1813041118
1485692.2927444894
1406266.7308545106
1536732.6276204
1561361.7948024338
1620994.1065411458
1863693.1355301675
1137388.8
1020884.2108847828
1085473.0449006807
1145434.0602317275
1140217.7037474203
1229042.7304343819
1280947.5049607654
1062453.9521842138
963017.7984968211
831759.5272381876
986695.7643810156
1184171.1857563558
1252103.015366543
1251004.4170023045
1108224.4449754118
1126773.9322027464
1123178.3208046623
1063963.2609184491
983572.0468529145
851206.4832194002
877721.7195926799
958224.7795575927
998178.9076031918
959715.6937077756
976458.0039523166
912235.2178078238
899686.6708638609
942134.4059144887
891808.7881538572
807589.4447403791
633589.8115112972
712653.7912575809
699804.5414801523
751539.798740676
618524.9280869869
588649.8015917647
585920.5330208031
584799.495824134
571331.2932172527
605497.539293102
570164.1826891564
608819.4415186213
700763.3400402392
659471.5720998759
748066.1370316102
862428.6717076236
875858.10076182
741178.2286518328
801290.3392292422
717010.2939793833
717845.8369105596
710262.1772755289
764680.9273242715
750976.2897887708
745682.8799178218
787454.086540951
831211.0930857137
792341.5616593119
749612.4524674761
755585.6584514189
679029.8331671593
698590.5842798526
737975.4821333718
877394.7217947537
895145.5536282907
1010656.1754545706
1035547.6697415784
973547.1051195783
971365.1217154966
990825.4310668266
928716.909983059
1000924.0556377618
1154021.4811887287
1095187.7738637803
1182729.9992754443
1362834.4523209636
1294011.3508776065
1351153.9437162445
1428335.3760850837
1497897.972220861
1630176.4720576126
1594486.4389543473
1534005.1152993515
1508617.216244149
1647407.7201833562
1562717.300982735
1649984.259338639
1724924.8777688947
1682693.7510232234
1398228.1650598706
1418716.50581321
1507110.2619563746
1604451.9206733177
1414768.581251607
1399569.0716196292
1293414.3770965105
1125595.38968191
1212622.3039767505
1098940.5104669828
1060868.4037423355
1176858.9775434344
1267886.3519573973
1218011.8063297563
952456.6187520721
965186.6416785301
1078873.3234417893
1059776.076993008
1143684.8291238644
992197.541402413
1039994.503406557
1077455.8751827274
