1137388.8
1094703.9454906303
1135124.4936540378
1205340.4607939057
1120511.9152734315
1125569.5856138654
1136462.863040261
1115707.0232381255
1181061.5788345917
1258541.1145631669
1329519.5414035595
1295286.2969964456
1252924.6953454928
1337501.5391873824
1350159.289173473
1262231.783854918
1354905.5104042161
1335879.4846457306
1247720.33841756
1312717.1730811521
1231811.060578254
1318469.5931852746
1362292.330945968
1363813.4998917072
1199146.2285886586
1140971.102402036
1124402.575970835
1140446.8107191927
1154806.884477861
1143856.6425907982
1147744.2388168897
1108715.057090644
1077359.9624237432
1032519.2579280331
1003078.0105494936
1047553.2328079606
1115174.431111396
1066833.458577432
887273.0255311872
964596.821396071
936209.782345023
1063470.0938274176
995359.9372913709
897683.1427702454
1007387.017337533
1069286.3681104132
1116379.6571834804
1082847.4856531762
1154605.07976377
1111897.8687497522
1087903.941907134
1050043.0102997497
983603.305606028
1027540.837960595
1048044.2477023504
1065840.5788750201
1070055.4835707624
1097261.6190598337
1060370.0836386993
1054652.0294162105
977645.3110031819
986744.404519406
1121751.5124136966
1013007.2739653109
1057693.0837102828
1075099.283797276
978040.8723859094
983687.7702994493
1024539.1195738595
1115714.2365829626
1191662.2508625844
1288798.7472902036
1276241.5032179863
1297660.8283330856
1278709.079469806
1369936.9732996211
1363976.2406379716
1444689.4089584178
1319117.8142190245
1409423.7553669966
1496655.5817490115
1361239.709041124
1494665.1545035983
1455023.1801773051
1283169.299838817
1304572.5645703266
1340426.4769857505
1473644.6951132638
1443053.116577953
1378091.8184191636
1148722.9643811618
1255622.5491244718
1174993.9078558907
1348315.0562144667
1421171.5148584296
1535002.3359010702
1630172.5018704198
1534615.294603787
1601727.701512354
1674930.738400484
1809483.5775216622
1738743.4245485195
1646043.0172355662
1811340.6643980334
1653886.7294077326
1689981.8874216834
1719290.7428236788
1678944.254960175
1676596.4337196813
1570955.5248466874
1423635.5252810635
1137388.8
1117307.7245482446
1335672.0063389246
1397942.2611990557
1322240.7755257706
1395192.5818798759
1496342.6621144235
1566883.266274273
1583909.1969721175
1668626.2114156913
1665588.2577689427
1505809.8741314157
1605625.755919448
1672904.1685563275
1624335.023307395
1586426.3713338543
1588202.0199332274
1551082.156944103
1569276.8619166384
1461744.243522798
1451948.62546358
1470375.425576527
1480612.4256813666
1783304.4057674136
1956127.899951465
2099248.630838477
2191731.65171965
2515194.6414250606
2456413.169237397
2842603.9785923245
2719182.9104092517
2518245.8820498087
2742196.793475468
2731599.9439715617
2627572.8122223197
2815693.153645698
2620520.231332658
2946756.730865235
2348232.9820927633
2051447.4052810296
2091924.303296387
2069480.0623715236
1855349.4960958897
1886162.624268302
1872518.0823203425
2095319.897490114
1927508.6701225557
1943041.1686997607
1941974.5598302714
1822931.3792789418
1928015.7123500018
2127685.495878162
2227454.360181079
2300650.305716895
2144776.633058874
2162324.7372302916
2262351.5851157615
2114933.57211678
2375883.058872278
2421465.1418670025
2568186.7456462234
2992829.4096478345
3095295.829863193
3144169.865314794
3321829.951339594
3627355.3787534246
3404067.110120519
3499646.96402925
3633725.117988893
3819725.205328582
3967598.8999009896
4525901.154064703
4587868.467832742
4235061.837794765
4530231.12935907
4653767.037755939
4861799.592273181
4568581.256133653
5333385.856241521
5485270.700919852
5143913.052377821
5071735.352092732
4970928.516516207
5308836.077754878
5102704.054340767
5543464.277323667
5089950.7723550685
4824718.382208318
5591699.270163756
5703738.953454092
5638290.783485559
5329738.063828998
5516740.028099411
5944096.431513187
5982052.894109894
6561879.146784184
6915408.919006512
7427212.830085917
8652956.882339694
7787643.638895723
8454094.581058005
8271509.485490426
9500930.134878885
9012541.895546738
8750363.28385477
8261092.620658644
7695990.539154468
7261221.950295167
7810087.920152744
7641528.026855593
7667080.155645883
