1137388.8
1022127.838707504
1020055.9495217475
1084538.5445139743
1049933.656402192
1076739.348003309
1015864.1108045918
1120981.4311942777
1316131.4442598
1187775.4428303903
1120283.0406880837
1202377.498146184
1136503.3457354587
1205800.0629218835
1105036.7038962408
1006047.9299046303
990415.8155181014
994284.2620647445
958070.224904486
1014980.171125905
1159245.3721341104
1154059.3546233787
1042875.9193353136
984948.6286784089
984465.3668178294
986449.8613167867
972344.0317320552
848934.5269778012
825873.572717192
793568.1929351545
781042.3575967234
765893.7286980893
756332.5438332825
752560.7877038053
776302.947407411
886396.2161349946
891646.9425282403
812427.9466338438
900329.0038814999
986162.8870267159
991277.1391418591
907617.2161061652
862521.1319285677
846920.8662102588
932137.6385265405
914004.5882922846
916990.5446753356
890708.7929871908
842920.5738693946
1054642.1425399238
1097204.2445993929
1159875.146108614
1125668.8669776104
1189279.4988464396
1225471.675548092
1237699.9708458884
1189978.3560835428
1105188.2789696092
1068733.9249969593
1011053.7270101783
1133772.2078825245
1376876.1093721949
1300122.1546236877
1267986.1454523474
1289328.1578368067
1441157.824440075
1636760.491571715
1614899.538253158
1764813.6588914192
1528408.0892337598
1693582.2676381497
1594631.8716310486
1518977.0837641512
1562052.0365810634
1823148.1159907118
1933348.248610582
1839403.0012728919
1829907.7717426675
1847637.5442102859
1731962.0632553394
1769634.7255908216
1698503.6368639853
1759339.385699118
1803476.1429779828
1686247.016509478
1628652.7421593748
1696769.3201539034
1674488.1225688483
1644422.191970825
1811062.2833415607
1791753.632160361
1650600.900414478
1744633.3759041228
1809493.7452846542
2031727.100293256
2352876.1857729037
2235111.2959350324
2414806.69682196
2497790.2873988952
2658731.9505224274
2743976.419278544
2997005.709588317
2950786.4413795215
2843296.534568661
2903621.414586918
3365005.1492481497
3449694.8655650937
3614449.914067035
3976427.5399892237
4067783.934949045
3840466.2629427775
1137388.8
1060270.9342304862
1160344.7811376355
1141553.1809432637
1110777.937322515
1095310.7858541333
1162653.3033481746
1089552.7492455032
959039.4556568166
1084001.2788628892
1045202.9090304623
1126608.1340621621
1151671.7296276267
1167525.3406997363
1155750.0959575246
1193187.3772188413
1280720.397377633
1243909.9319359802
1189147.7878077542
1139394.629149365
1078589.7103475798
1004098.4779945888
885704.0205973614
1020147.118585153
1102969.305757975
1227095.2905532692
1247590.7303979648
1407628.2687616511
1528980.0354818322
1530194.9876472682
1518524.6786659684
1529791.450251401
1641626.2141680478
1697835.3214820318
1703387.641418555
1374140.6932583537
1380456.38718442
1479547.1061496304
1433498.976353904
1537598.3907384288
1435469.4947286851
1453041.0944898985
1496855.7399730184
1425595.9812659207
1370102.3249075473
1312082.9612515604
1355526.718273824
1485642.094157431
1506983.360403995
1741972.886977277
1555248.8735340354
1506963.770378156
1514610.9605206528
1547948.0849577058
1543509.7362378053
1671374.0325599622
1528753.833925272
1520496.7855879543
1442045.1136081535
1372679.071678696
1314285.6758283086
1218447.6034081657
1289646.132716652
1326860.8502187212
1352018.3565285304
1369022.322893007
1490840.852733097
1444561.9930559734
1373218.0706936433
1512852.7961816478
1473208.9382767559
1360409.614077277
1274560.9568504295
1285690.4302424355
1427779.217863154
1258501.695980559
1203705.29285952
1121269.0893320357
1060868.6245255873
1125647.2124752116
1022797.9025708397
1072364.6128642291
1043573.0362746695
1171994.4211652558
1286953.723733539
1219003.5506989295
1186496.2389537436
1103838.106962116
1073657.8812125295
1034204.1253631766
996820.4540932623
1037683.5617176123
932992.2395854876
964744.9099389601
1029151.0480394097
979527.7274728164
1050501.7420088497
1119456.4976388223
1012998.8338100517
1019271.9197662843
1094138.2753961184
1083190.578373854
1130890.595228906
1096614.0085747642
1195504.0913689756
1119550.2130377237
1123297.703046589
1023306.0491708264
1095782.862189067
1196242.1665648178
1269415.36314591
