1137388.8
1139874.115537865
1124372.0282532154
1119956.268191215
1164508.9588401776
1164770.3506855692
1099855.5309415516
1146566.016610843
981285.116781043
939773.4981736869
900451.3060757092
925132.6872588112
883726.165587921
954119.9719039627
955026.4578166244
1037181.2836251239
1191978.7254259186
1147513.212193343
977119.6506440956
1044110.4160121151
1121141.7819259884
971192.8472810631
943098.2447964478
976530.5208935916
1077861.8744652849
1033343.6749096307
1054270.236230528
1081400.7409804463
1078385.780708073
1071595.661785864
969548.3105968629
912971.4965811198
917542.9086053313
1047956.7656926693
964376.1955789371
941255.1454223533
903403.8330983734
953844.1340506296
1049087.4827055978
1003646.6335443945
1050432.5694857189
1141937.915614994
1140698.3901317131
1030237.7411907397
922466.6464072334
799269.596165095
911736.3559103836
924411.4574436084
963833.3752481778
1001958.7807056304
934017.7554277144
1132297.2634926543
1101647.8460958009
1035166.7604837306
1116630.9951648938
1038146.0745511404
1051990.5021132557
1152156.2298895542
1021048.573711821
1084066.0249608136
1208041.9789447344
1215273.886267638
1310360.135605405
1322734.57682308
1335004.4603786073
1278727.1508629774
1326581.9686035956
1400517.8294621154
1543694.044881915
1547565.284633191
1503054.5806221848
1601810.2244557221
1816959.6767545897
1848256.3326613065
1956158.8533971424
2017914.4985308517
2085847.4237767786
2189670.365079569
2112783.381497504
2310180.74768523
2202978.1530559473
2055319.6807783293
2071211.1088935758
2048324.229505907
2273280.2318474143
2175276.61590325
2113109.70792458
2510157.948057577
2519228.0413023713
2648777.567604948
2390738.7901646933
2762732.444196625
2895727.328321174
2833976.384383037
3024758.9917009403
2978875.635842203
2891464.28852295
2909836.5806568055
2958212.3341141474
3075749.563309776
3182773.012530431
3005820.127861799
2803079.5424435143
2863618.225375889
2645020.1723018717
2730516.2009637267
2753004.879041138
2943991.558908969
2917710.810239012
3145924.581735898
3286100.7669518567
1137388.8
1222216.8674502855
1329805.3016246287
1490810.372666598
1428416.429028153
1436669.7877949886
1606780.1818382102
1606170.341707365
1527903.4108940961
1739744.7850494075
1615823.8761207147
1546513.8204174913
1693266.0144026019
1571438.660966454
1458240.3943039777
1562159.1902129687
1722792.1446920382
1691772.799594875
1672324.1417204463
1833580.2955487294
1696156.2045932699
1675532.5215538612
2107106.637909346
2023754.0764223295
2050110.965239078
2074464.081556396
2231301.1450517485
1816348.287415159
1524631.7148430862
1518935.2044526853
1578337.7999905322
1644299.4792139987
1689742.2457291228
1703720.4254683403
1918299.7282756988
1755518.556205312
1888311.2215621227
1842575.1456135763
1854512.3297501535
1869097.0031071622
1881303.757343504
1624135.605876042
1950031.959339163
1833587.0348228528
1958576.6755038064
2050798.8959747772
2144579.357733756
2075227.414836373
1943291.1453935325
1830789.9482589685
2010550.8063525998
1997435.9534224786
2142816.7504370725
2121401.65546693
2266693.5438414267
2525331.15147493
2334222.717215131
2532599.821723525
2426596.1313263434
2389302.565052619
2382471.045725371
2403453.440376436
2514124.854695425
2483039.68801747
2934214.543741775
2949383.448690281
3178871.7807951104
3659682.7230216623
3995041.839241598
4269037.797335961
5155617.363001601
4684522.239779996
5342648.37258124
5538464.486770466
5278299.09028303
5025299.070423852
4957159.836830976
4374402.796184964
4035588.109778308
4012480.943197303
4149898.461105819
3924083.667069213
3405968.8065884747
3007611.266030318
3097599.9963859404
2875126.2472939636
3005642.862260818
2961442.7907329965
2910673.655468828
2932933.3992275833
2885390.4432163234
2899020.7481169547
3414797.305542766
3994482.992949711
3739191.3335566404
3713003.348140911
3186801.287115781
3006584.9367721546
3206553.0819716323
3144317.677532523
3319276.145985242
3364044.363969118
3707761.168921034
3600064.3071280234
4080779.120388123
4053944.8616578113
4173747.25362557
4004689.520142448
3975979.966300344
3886506.257110864
3740163.82413045
