1137388.8
925514.8028246543
972513.4505919737
831845.435410987
701121.1561599241
669548.7742368098
716340.0926513746
728361.2173671046
775736.4586841527
771031.0278517205
703371.8173132435
739752.6697800786
691542.5962926679
683795.4349568913
718768.9965321317
719443.8095770804
771959.3866974958
778277.3408517295
789381.7877598112
798021.5249368347
866570.7463228608
937089.6526565198
823076.740312786
721940.6310249836
770527.7356632046
807415.7344373083
798141.7608069736
907610.8138728715
892895.3703205899
909209.7414917693
1055927.977156877
890293.719521566
1036120.2058608963
1010075.5588081582
947031.9751319635
1071818.9029526578
1153049.5093331866
1148022.9439087482
1221732.8599454348
1055375.4446686748
977831.6817354879
986018.4204105997
920166.9823024214
939995.7463371641
940847.368404291
888881.7770206603
911365.8960550552
882615.3238735475
905609.3281160448
812253.5422429743
870862.9369170169
1017679.452683725
1086446.4720278129
956659.2903722475
924561.5738207329
923022.5077046772
880583.9826054227
928358.0345410376
890307.7366802645
989812.1686362935
1002949.7991255204
979066.0252355327
1004298.0286068445
972148.6835526128
1038102.5335576646
1031438.2603179524
951170.8172185348
960325.5896918743
827320.2856639136
766805.5625133632
667198.8347711537
757264.1613968599
796305.512698336
766903.5360161299
715696.9494097795
769865.3023954793
713475.3678442135
757463.0219299748
824093.3518638632
874276.5084623946
868073.9403206091
814452.1577425781
936462.4014123866
870035.4580195688
881299.9271267891
969704.6642834324
970701.9281011012
917870.8054684628
1079411.2573253766
1124976.8698451864
1152013.3010981006
1025815.5189762781
1017363.995790735
951413.1119921542
903717.3961082255
890551.5518413809
982055.9087444452
988592.6421765018
973503.4636367596
963431.2927064111
959758.0431493623
945143.3878911377
817285.2417581329
867655.3986118486
855324.9662124222
920562.79693165
844731.4868565361
803541.4483385077
885872.6623719907
941812.7876590894
933516.6450390149
1137388.8
1154896.9818904854
1142465.6370106677
1131165.2355852365
980765.2239038087
956929.0214217716
1148345.9705287307
1041010.290268014
920084.4212160319
951429.9926230856
964076.8260707129
1013938.9636898894
980916.2476510406
1034187.2612537838
988898.1099885614
984224.3637717073
1022776.9362845672
1011382.9257467538
988536.817393095
970138.3769385352
1031725.4987121803
878231.34227579
862396.794982974
843529.7359285181
842936.9243649278
900305.067370057
1059431.4263885254
1107664.8692312909
962484.6395870973
927251.2690227025
970083.227054309
1049508.212824325
973240.7296506542
1100142.9228148062
1208910.8775772674
1415717.0993551754
1521889.4710772668
1592436.3061473353
1770182.3986563445
1576705.4295126642
1488502.0470357784
1418299.0297039659
1383355.4618061928
1351934.4528789143
1302247.106732766
1376094.2404695647
1444503.7014225333
1680793.1698222978
1595449.6223072787
1409276.0008172418
1409036.3026855444
1478698.9597971647
1354288.5727224618
1021152.0198151799
1036529.9714255615
1070679.1965673247
974741.1519610177
971086.096754087
898760.8792519973
1017032.9948484054
1204174.9790780726
1149960.6135898985
1143370.6399157736
1153670.3697608497
1288666.3447588761
1241746.293791778
1304044.998724119
1420094.6499936879
1363623.9425611848
1376799.406410037
1397119.4253087658
1270376.6761226489
1099937.8746183186
1029790.129090226
1091462.8124369106
1078435.7148933646
1240327.500935257
1275645.5791225631
1256340.1944554173
1131680.2433398424
1044988.3366869063
1055581.6617363873
1133067.9660557928
1208848.5969844584
1104584.9269259353
1030575.3882468536
924159.9315879144
1047525.8231504323
999912.8406273164
791822.6360494602
836292.2729687121
811684.7985289232
856505.6831437188
793182.1287009724
834864.2518235517
889890.373297457
872249.3067296473
909681.148634845
979242.8331031803
1060345.081600553
1116805.7583768538
1071777.3153673043
956066.9763762117
1011552.2919268511
961368.5381488693
1157328.1754812715
1041767.8060836735
1103638.9739388954
1198218.3646354354
1095592.5086441454
1208646.802307681
