1137388.8
1196089.011246264
1393102.8378814654
1254887.303103547
1275902.8931344878
1138241.7318151072
1217509.1460816266
1155756.5995185815
1335725.4262215453
1308799.669626327
1506708.9021217546
1701495.1905300906
1659580.209567024
1586284.7809343047
1630765.5549661783
1772379.749227699
1743271.239397371
1603295.3264470294
1640483.8844191534
1548577.1506209893
1554290.0530671685
1440478.85324664
1570412.8376419565
1634587.4143103678
1365169.5260099438
1220457.469316447
1258467.2509405504
1350447.71970472
1230530.392621258
1249332.132793845
1372064.4088559248
1426371.9125467045
1425821.64992175
1349133.1883019784
1323402.5034294128
1052158.7774997808
1106080.4752496735
1143310.7153034876
1124428.9904221073
1072215.3513910766
1114396.9611053262
1097331.9310924662
1137260.7321434058
1180978.1351310736
1335182.5300399421
1225785.9352746934
1048197.9244277029
1249862.7110647804
1152225.3339105032
1250811.8836152682
1232458.7744899518
1276943.6935742223
1304032.030144433
1378497.176019113
1317651.563450332
1260974.3040166846
1282943.1504506832
1333552.6236895474
1223896.2519928426
1090240.1785896937
1255458.5013821807
1256570.201734719
1208304.9601550868
1200046.2019861892
1282433.626684862
1179497.1793534576
1074587.3868435528
1182562.2070359387
1183914.537903889
1168734.0898885867
1201168.2014201833
1137531.5576830835
1069783.4771020773
1107310.1874356088
1134484.4145798874
1055356.738723961
1035326.8701976814
1027927.3636345608
1091402.5790406049
1170152.8293435255
1262473.1221537974
1158602.7454462068
1082797.4934646832
1012927.0227159655
1107030.9288798524
1199749.8618393436
1049833.4640358312
967283.7484786507
1171340.7979674258
995131.9487802956
990261.8183818379
1028129.2516356092
1066442.4344667476
1094833.4279629968
1044391.1461475764
1084178.3095788746
1192198.1533765295
1377952.9935030937
1377385.598437798
1563102.9161809103
1590544.829924057
1529524.0219109976
1614694.0135796666
1578150.7070255922
1580821.9618475533
1535609.99070237
1506313.0089563206
1572057.7328004858
1672792.6553079952
1927959.0186222417
1894618.131012878
1137388.8
1044907.759063008
894124.8843577154
903813.1913849137
901517.6235588543
888000.314275435
975601.0961707787
1124225.5017018374
985014.071904324
1114353.9239821879
1255282.9329844196
1233673.8957800455
1253815.496099124
1038616.4641280296
981167.8545759984
1008101.4405725958
1092164.4638393866
1099740.0273717039
1043279.196121518
1070532.4512733852
1034046.1535316556
1053272.583251072
1136494.3453197328
1264843.1043943814
1167310.089806938
1377155.8124224874
1330050.4062414374
1273543.6373619584
1287034.4860470816
1319087.4201690366
1323043.1441291596
1611181.714763494
1574092.8971481316
1667839.9669068481
1678909.4996314119
1621654.9013313912
1674012.156640003
1417801.7205607737
1500211.4898875218
1373619.728700307
1380688.1564574395
1386782.5090148142
1453642.1249378757
1425456.9757260634
1382426.0343181496
1455028.806738898
1396056.9554771495
1481913.5909293427
1528242.2718712075
1376307.571019878
1216634.0312697988
1341541.3559985221
1496666.1791340713
1624602.0978366397
1572669.2181654219
1775351.6706381394
1665511.0674512621
1865546.9576374325
1875672.1957132868
1763239.1522007699
1994169.3710658483
1894739.9246139578
1715412.769562598
1902649.9169922376
1646461.2401465036
1691996.867585827
1836154.9559447889
1912958.5838743832
1824339.1788559882
1673827.1162088425
1642560.3749799058
1500966.3255388078
1554921.146250148
1373842.549668207
1549085.1085330145
1515305.526232373
1583915.1053896637
1493536.243042003
1596627.945443497
1619607.1044961126
1587261.2883276455
1746126.474134539
1810653.3884462272
1796776.2702446133
1866167.772677483
1606965.2340645606
1593856.5462880905
1700459.5958337274
1608162.4764303495
1393007.3432817864
1508007.399540068
1617491.1935932962
1697805.3916534644
1435636.9303158652
1346676.5621105605
1455387.971382851
1388769.927261125
1514189.6207311398
1607783.8333663456
1769224.4052511852
1954698.167462102
2184742.631615002
2057538.4595471208
1904577.6866265447
1730019.7514683327
1541541.1087718264
1364692.9575487617
1395653.6013942813
1245905.0888656075
1263627.8119596278
1298317.3220794888
