1137388.8
1125780.5512608388
1229441.4616477722
1143509.3870463083
1085978.9776449907
1100125.7632647234
1234720.5522580673
1264133.9712244817
1324971.2994490436
1362323.236016944
1310154.0865984221
1235281.80086466
1383657.9679824968
1346949.5090073277
1467374.1986101514
1590535.585911497
1811939.2939519149
2195260.9462846257
2185309.4941765736
2103558.632911371
2306046.155116587
2661504.159106024
2322992.9374517184
2253111.3505871864
2276097.6193629066
2227467.823040041
2315683.3076848206
2125117.3386591454
2439820.3028773842
2620980.342067813
2775403.20113724
2769626.4919574847
2619130.8127324358
2486332.1653320757
2563492.4130701683
2472344.28817323
2570904.2721325597
2549483.1781774694
2738811.582327641
2843417.9672950744
3035416.807783279
3071893.07444883
3197974.6616928442
3475194.3378384304
3596122.3888776326
3707129.644063761
3457942.440024379
3281109.6698747403
3358022.017706237
3712783.488286635
3844217.615416865
3947172.1385043245
4020896.8014000803
3566014.6216655765
4137294.8448726293
4466047.132897222
4475135.088825562
4085957.4026409425
3926125.527310484
3592892.0677294
3996360.131504099
3931336.470175321
4285924.592826372
4343285.017487427
4629646.002618232
5216160.183064256
6252055.865666581
5782933.069651013
6392158.876933476
5667434.5238637
5480401.285317986
4974383.090063854
5480595.469609017
5693343.230589687
5806871.218991685
6311470.747569578
5710543.412533889
5750141.338923861
5696117.773130651
5851173.004175872
6159361.381142868
6546297.957153309
6730078.395845561
6795947.7975839125
6541158.943754759
6259738.8874716265
5743020.081549588
5545023.356528181
5788400.007563558
5177097.752864608
5503147.641585983
6322239.808010785
5893013.09959785
6384714.289703811
6851311.808933178
7124417.379842755
6530490.761752386
6628377.381679441
6329885.486843545
5923739.705093338
5378719.9956861455
6043974.200114026
6071314.527989673
6752065.886274622
7595819.703329643
6535846.930174544
6056266.415977164
5928624.612095158
5735210.23745251
5961534.660193137
6313821.984833767
1137388.8
1081383.4383135014
1049532.9702374185
1098230.5922619198
1042280.9082613874
1044668.7194374508
907861.4934139596
797864.7399260373
718902.1312803038
720788.9632582151
648147.7605844137
696761.5889673845
717263.0312919394
819479.402635725
799296.289576457
859968.465398581
854103.3307035334
829115.4220804116
887963.6255785843
918645.0030456076
885557.5917437277
880088.9588652581
869132.5846093236
876711.9912013628
946413.6168862537
922468.4399358513
911222.1544497774
882074.6589480613
975641.9339472308
934819.8199257819
813617.3106103054
796458.0847080441
812464.9851584896
810218.2197984824
756993.0227592671
764603.2634798737
856135.2534690748
797262.1649200895
802216.2577662037
824727.5061044013
892091.2166743779
865917.0812130782
751918.0156353067
688814.4566772493
766270.8569763576
765586.7605474323
803164.3726145494
781493.3572361101
839631.041538511
929205.9210425323
901329.2409160098
918346.8604350828
973744.2698277556
912035.4255438232
929592.0636365911
882449.0637859063
1005420.638283659
1040246.6043095492
1003294.352775684
1099260.8623467733
1168631.9981441495
1198062.9080392206
1143580.089813955
1102938.9967899655
1206230.2581637965
1281716.8388851974
1303210.5837874871
1172548.329733468
1190653.5434051116
1248059.4499004944
1430858.0747802032
1482126.497687722
1352325.256949687
1338050.247480488
1477724.6391431564
1411457.5418319486
1268977.5058289554
1243058.3377864582
1096123.6780917475
1221060.1596504783
1202244.5920824697
1132480.3646827377
1108793.2814175768
1204911.1807879873
1237761.2648839068
1245007.3290233687
1341735.6383274014
1321907.348512436
1276936.0990563503
1481253.788543139
1550881.9375675013
1619706.519252922
1673800.972404053
1642923.5764953506
1737737.0260743431
1577392.2268067647
1623113.3930625028
1420123.2363228772
1443845.1798079924
1521988.6434244674
1446830.000099743
1594042.4002078415
1524151.9632238154
1428973.2250282709
1261143.899323822
1302202.1488030837
1333345.891676639
1329868.8300190999
1276569.2884615257
1272460.8504477409
1229820.164178797
