1137388.8
997893.8344740258
982048.9602396947
1033324.8667301686
1221677.174384827
1123652.616059916
1130609.93108274
1163648.4334322256
1159770.0026945018
969320.2298004751
858916.3807919781
875003.8243574989
962448.8112599383
979092.4958409357
1011294.7029862646
1179635.5616747504
961756.7789784531
954986.5902922818
1098069.7410025152
1102664.069009936
1129672.3835311919
1152863.8017846276
1260554.807163663
1325200.3979748276
1416045.615260001
1496220.6390339914
1636415.184326456
1594249.9716645647
1532932.9812111931
1648303.1047763745
1740713.8918947447
1812281.1015621985
1768350.5616802312
1778892.0333845627
1849045.1614339834
1750187.9938064325
1742758.269116691
2121633.1986535112
2323923.691648185
2251093.99360522
1911275.2197240102
2110485.8781176955
2098191.576045172
1890116.6892665776
2036670.6738623786
1856164.4931275258
1621317.556473084
1602187.7257668227
1561103.5753875566
1614119.0459220598
1668444.0336520937
1900577.835611096
2113376.5168035617
2016461.9508171056
1970601.2301112595
2116624.7810710184
1946094.526162595
2188351.664681807
2104906.4050946073
2172673.6001651306
2130503.487399678
2407655.711379027
2450051.6262649666
2717139.039023344
2793994.099432708
2791310.7993897595
2658684.423789221
2679292.526376832
2724805.2414531237
2829876.692628577
2625850.452915293
2195621.1794326534
2388311.2256770316
2016293.054959041
2036272.0465328854
1949530.8460232005
1745025.6897666384
1696136.4753117808
1481527.4032278582
1363806.006762513
1280413.9082235624
1312009.5099736487
1326880.2372454493
1603566.2379042995
1595543.7500645523
1705713.3570665682
1564786.6227747896
1432272.7814607888
1449627.5443541757
1495904.9932378305
1518065.9116460779
1532229.7259549787
1741491.2383644946
1900888.8756393283
1863492.0989376067
1786547.1197105984
1809671.135895924
1838110.903874515
1817082.045264993
1711063.413780303
1774512.978721624
1576872.666834098
1582498.1067370619
1447506.248402295
1416287.5885630194
1310579.175389273
1232976.6931172141
1198605.707473306
1204964.7637432618
1207054.27786327
1297054.832292992
1137388.8
1134614.6582651162
1174121.3361427984
1160482.3739057907
1336912.2232196007
1221848.801955263
1167709.6606439133
1272271.6458293255
1244907.0840761964
1063995.1826303373
1193079.0036483963
1087506.734985002
1188601.635540134
1033828.0053234475
1011638.3840421634
923840.7467848723
941605.0079426585
894095.9812298979
887059.6736407048
1010384.26651662
880430.3951779025
823553.5289570825
881477.7719163033
1024848.6862252787
994981.3909299975
990025.2966057706
976119.1533686615
1088748.986010438
1191219.2947527107
1159368.0966605693
1225707.6385227332
1373366.31460302
1240419.111450055
1134426.6799415438
1164130.0926529956
1095646.2552182851
1135514.3748902264
1252937.7569056242
1230412.5293280708
1234268.3802202404
1257329.3158219268
1332824.6219727395
1295913.4961080141
1290362.2524410405
1153898.3796857963
1064521.2801123408
1008362.9652712706
964225.6061076703
914627.1904180499
867816.8093238578
774755.7715523498
806806.2130860047
753709.1661174025
792793.9498955389
830853.9218058409
916305.4566638971
891641.52181666
920072.2232731477
1017626.343191162
1013924.6790210693
1022439.7806255006
974553.1493005637
1005532.1912774425
901497.9463803535
995653.0474188646
878431.2157508724
868715.7834549512
821335.1047172579
824498.4663051898
879006.6639487258
957702.0103467625
893744.9524279381
888674.4618399285
921523.1758812068
918846.8754405894
864717.8712619663
839792.8719627183
848046.0976224813
940730.2549352167
887568.0430117158
906774.2929172702
874477.4493898111
861926.7416685374
874250.1666679648
899178.7979154444
831724.7678276001
805192.2127925721
858651.959119825
842088.38185549
933265.9339019126
1007037.4195095389
980732.8408262955
936790.4455288664
862525.9642658113
792726.929857513
805737.4152765542
993182.9331350791
966881.7467061888
917116.6185437028
921923.9474273954
965289.4723347346
890110.8648557157
836997.054665847
821387.5859233194
787717.8612307721
660199.5184864023
705245.2698747884
856106.2291325264
845406.2610784249
780308.5495817525
784248.1305831365
