1137388.8
1349790.2152549925
1335077.7350349054
1350942.683405317
1338045.3475990025
1404825.2913863317
1562119.850079916
1570697.6396579233
1608511.1542741265
1461015.430423822
1263560.3748163432
1130620.962789932
1193353.9775302373
1259680.8130157064
1284312.953186803
1227182.4574205156
1241138.022349092
1218134.900663745
1306619.785747141
1521461.737687959
1431604.8348637405
1450931.3117353003
1504537.2174057795
1308222.201668118
1263936.1944329042
1180123.7834153266
1276912.5368247172
1166653.1253667201
1038577.5031371055
913563.8235149764
1016581.0175384118
931277.7652532822
882321.1205663135
963769.0255266189
996239.5747159928
961857.852616027
956396.9423866603
879281.56339591
862276.2222667601
867567.6879956727
920903.661116275
899041.4587183757
959228.7675554259
866054.5529347237
949735.3403868927
760738.4386431571
803065.316702513
796460.3995231272
864116.8104635361
855183.8912967411
906257.0043955889
907581.5009739395
854804.6550974488
850104.2244709757
810806.2600475036
862061.7559149242
973591.6565894488
1028783.9622682957
1074312.5159920217
978653.4072612597
1140350.831543844
1120959.9763539382
1136444.605799519
1076693.8102162182
1138621.557659678
1205789.9947906816
1244917.1635468141
1240498.193411436
1211354.831350612
1291191.0424377623
1246687.3562869953
1224617.0984303702
1234370.2656269362
1259948.3295853273
1168091.8889863258
1186774.172598897
1186036.5643423216
1274914.975132455
1268617.1944836036
1293963.6820932934
1269074.043309216
1267678.9685828115
1325167.1669909756
1128468.7546117874
1149357.8521570717
1091118.0073454927
1140690.03607166
1129746.7989299735
1159171.2442368914
1107408.6084391305
1187263.0701694617
1122864.3065300407
1064560.2108551275
1315822.0118475752
1301043.436945947
1159306.4267885364
1101110.929397115
1223547.3127746878
1337892.717091802
1182063.7836647246
1284411.274165594
1175905.6518633862
1289584.6279280037
1152783.8302406787
1442533.978523093
1434084.8012276127
1327716.210639766
1353293.965751398
1280243.2919990513
1286693.5550167854
1259348.3719879417
1137388.8
959820.3184701725
911100.7705920642
921024.1593070239
942011.5489555547
775709.8599973929
747571.3607627049
793564.141140452
742755.7258054399
722915.9149604635
685447.3087606778
766040.7009078563
916435.1613563793
860693.8418913019
898685.2651937575
807709.8743512633
730365.172039161
664503.1743760041
686586.0020864756
715337.418707851
678898.8028841969
703080.2843101629
699646.5528030293
655141.0989788104
633901.3863175446
552557.6476158083
550131.7255102256
501570.9115053477
478708.37503462844
514689.12927935214
523361.61960626167
539834.9672220083
504185.30032712995
497347.05231916916
485298.9650574869
463610.09472908697
493435.94704887585
492024.06036588206
518171.21209917264
490503.2651371229
531990.0434467151
571173.4346851931
549792.2481780321
541873.6428818014
549508.977945956
517644.81540674163
494559.9101818533
450669.0808462783
489255.84513220703
510867.02758300555
522216.97729457763
488048.33108961344
534608.1472519767
600273.4471410271
523517.1998084733
533997.2942034319
486494.7945299405
523771.49566618237
504377.11466523475
473570.68991486303
489436.6902764528
461060.9836253807
462549.4889939603
491014.0797720785
444446.9137095741
367341.4424149003
364206.7426120912
339104.8262345263
358046.4792959133
350727.44703572674
362982.1450648023
365771.24182678113
381413.21282985003
397864.00258210517
441619.43522716785
504370.16118015844
507453.48126876354
554933.409779125
541723.5004706343
554109.9373169844
466145.76385318115
517030.81555517315
474628.0509678264
408545.8366307925
383605.85047343763
359256.1914006107
381788.3767104937
346832.4940119186
307170.3308249703
314433.7638782272
328942.6453149993
338513.97568689473
351621.49731091864
362541.9988478944
337517.3814065754
334407.9305860805
326571.83028189634
339588.15022394323
343654.7774859224
414070.0619957373
458435.2673949846
486748.0039294134
419626.34678095864
382726.26236094174
400098.84731172415
403448.29584090796
364519.24957253196
387529.3562001311
383105.4125476915
398460.1289864986
392103.82579069654
