1137388.8
1236307.699723521
1190548.8714874033
1339794.6689038936
1333181.2641002352
1305738.0113471108
1388970.0988657358
1405004.9500517242
1475074.460323664
1529888.5684874763
1465544.794536099
1478401.5080397031
1533143.392250436
1499329.6313589308
1485429.8750279373
1612043.099931319
1495936.769120777
1511685.7169955347
1491237.9269561141
1319166.088724092
1279402.8686089737
1224251.04913646
1237569.7110738717
1175549.1691014785
1217097.513896463
1189222.4213022208
1194621.8670135918
1110571.9619268156
1062510.4960976143
1043442.9855338695
1044328.0519024364
1108518.3697426235
1075500.8384184635
882680.0121012703
889974.8968451809
866743.4480576777
793793.8429825766
772863.0994731636
864075.7658569828
864296.5753835969
875242.79948792
985343.32786192
825015.7025386542
882107.0656604705
880731.0206685773
893542.1077762574
875705.0561244081
882612.5767646334
899234.4798479385
865694.5284080125
857316.8265029772
807946.7323454438
744722.3047078339
773097.5645720164
747374.2328040202
753568.4019676099
798301.0902853758
843242.0371288001
823786.4671169721
841251.5980007787
857154.3321897183
915697.8676298962
921316.3587899955
1071097.974154429
985197.5913540503
1130492.1442460332
1165283.077736089
1066337.7966642173
1124833.232536518
989613.8113691369
1042200.0933644647
1146964.6143396024
1128020.288219601
1168361.139468946
1126779.4594164726
1132643.3419840361
1311588.8791800514
1326194.4946188095
1232550.9587668325
1281523.5553133483
1444468.7602982477
1249193.6454832393
1345376.8478162463
1405317.3872619132
1392833.316457833
1336738.9860741266
1238078.8129167566
1278178.1449048684
1359271.361646708
1540682.8060025421
1413456.169373809
1405685.5502393167
1440642.4580571773
1563644.5629822013
1584125.4420872563
1465076.2402901223
1469643.1609940496
1451962.3042133562
1430553.7743166198
1355422.6042994154
1384399.70692944
1403247.0488978338
1281596.6935849674
1340154.320524752
1288937.412918048
1368798.4581588935
1347626.742468338
1670144.7409324048
1935134.3452272909
1978961.3111718914
1947891.0060521413
1137388.8
994107.5663610882
1033746.6379889664
993903.1363859635
1068729.5337880242
966979.969609994
877005.0380106644
890657.3432136388
918951.3751537682
1001928.099358919
932753.3644032947
876688.8016448112
1021693.2477300697
1029217.9775358781
1113198.1962870753
1168909.9317654553
1267111.5250169926
1251518.2097562416
1188840.2584042596
1066745.3740705827
964964.6641809071
1006795.590756656
1100057.0900405494
1153090.6305537813
1125481.0575102014
1191396.967472133
1242745.8578052702
1304659.0677559935
1279656.7341020927
1551471.2878750956
1701779.510057398
1801353.7421236862
1659216.5969047402
1576140.7452304424
1567135.7029512057
1486357.7085631094
1534677.931131455
1397292.5522192516
1579343.0036686498
1653662.6763215307
1447134.359606922
1432068.7444426646
1354035.7560558973
1332874.0215231716
1353724.8712551673
1490594.9731837737
1449563.7840035844
1434240.693060009
1498305.965100837
1250489.249097598
1230837.3572585536
1118865.8838421355
1020237.3004795659
1024659.2075757001
1069732.8370998213
1081448.3633588399
1010529.6041885219
1061858.5678947906
955392.8424171886
927358.2173026977
804534.6305934855
718437.243158046
614175.511103722
612075.5266339866
606547.7456350812
565330.1536629352
510288.9219309685
531573.9401548771
547652.2454441728
544207.8342169467
517503.26716165105
508218.8511525099
473731.58895577164
447133.5255774295
494985.0289475632
478875.4882583767
481109.8577215052
479717.57203268737
472611.43782794825
483087.8139362896
564710.1625393009
570193.1752014145
529411.2666742724
469851.31148257194
424009.904712117
383311.86971512536
311927.0473145893
307049.3514538572
313032.9604247618
314232.0723660812
311481.5045950521
316958.3484009953
310422.05392639013
329435.2240648461
311519.1721033339
306536.0801502568
288768.06412763684
308853.21589407104
284352.53990764276
287726.3672185609
266955.4433779425
255403.1187859776
288502.8695927284
307959.16676484863
296302.1046880443
289421.0424813869
276546.2501403189
259420.02294373087
232694.78482936916
238047.6084123638
211650.1168369024
