1137388.8
1091733.619986621
1163445.19018058
1278520.7451531042
1129062.1800286477
1202757.2006031955
1150967.0282502733
1157869.0529915148
1199712.709868503
1128962.928425102
952711.7734390724
915426.0344102115
872579.4944421031
795483.8616330142
907448.6584215768
1004047.5114670779
998713.0788517417
1079908.1353787128
1162529.4796371467
1235617.2225668686
1339442.3503549786
1385697.510888971
1530614.6554292657
1541254.7490841604
1591241.1355445115
1543016.584120564
1527813.3102193319
1464067.1551325063
1478676.8613784222
1506323.578738516
1330722.5308495194
1211673.610292384
1353778.8260735571
1352758.444759412
1454046.4257068941
1778984.8855935133
1922639.042428568
1863971.4302833981
1700338.8155580692
1526695.3154142005
1956176.8800290374
1705839.5625399176
1767782.3229038166
1895199.6799630327
1961590.7499804588
1934831.528376492
1667006.1484635058
1743449.0549118915
1855677.4867929704
1752208.7507522476
1669282.0465164576
1733082.595450405
1552312.5106733674
1494744.4231717992
1462690.294692842
1557226.4790661545
1509074.9539464004
1640825.1767819172
1368074.6354028615
1367070.4204388002
1407953.6476196435
1406016.181578831
1452993.3873255749
1669000.4885377956
2114393.963264984
2340243.451822406
2222381.600577495
2207637.9353506695
1942796.7609222142
2059708.8095711465
2047751.7228255863
2193439.7008077237
2196673.17553038
1971155.36606627
1907224.3836511606
1999366.9532863447
2249810.0257776785
2407659.389169715
2403367.5795481857
2350302.349866464
2210814.650937731
2443949.1021478623
2690510.747400381
2401339.917299873
2330447.060418543
2316524.7946339212
2301744.4170944407
2086617.1960390564
2145187.452283336
1881664.2646893754
1877323.1977812608
1848912.440716035
1795657.7093253857
1800895.790389108
1953529.3672091763
1771342.4677999285
1708967.7827737548
1642493.389979274
1683063.84560125
1862636.031315278
2183082.655115419
2334407.2474011504
2397840.877043422
2410006.654138963
2026868.8405139942
1956262.7206807553
1827645.8610518507
1986171.201311389
1961673.1029799501
1791000.032424027
2095877.1422833104
1137388.8
1154437.5210505903
1090307.6847502047
1088088.4664643682
1005660.0044527898
1047602.1058427667
1070186.6431316494
945518.495769785
879540.5871241591
921792.8044664058
908172.6178027227
929584.6068335038
895860.8359413394
890286.7043550229
813551.0802739399
773613.6586838049
953624.0197907318
959099.6024108733
947303.9674983943
992793.4630973624
987851.4210105652
1034067.2071013785
1124817.7916815022
1068410.6322534252
1051897.9367198995
944403.0140901289
902192.2736781883
922485.202903187
1078831.4998503774
934994.422652699
860435.7139555748
883576.8096051536
814143.3173587824
775604.3895753887
790346.9252374233
812421.0535593224
817066.245873036
764814.1503921314
817891.1309050581
781844.5243739036
784807.3790341925
811577.1266234581
773366.7944245142
678294.363219465
682792.9707469771
840587.6782196964
847485.995569576
908572.1268133051
975679.6865296266
981279.5058891178
940652.1330382946
961428.4314963826
1049639.2360838105
1133413.3731959977
1178470.9234070363
1202016.7788131726
1154148.8400898103
1158925.343564293
1308820.0789573384
1377953.1011472037
1358647.4402676374
1353926.0668530029
1323296.96085239
1287588.6047482963
1179666.9174404598
1109006.6551298364
1084499.0722963044
1016283.3539730755
1034750.4014194129
955355.7766775839
978314.6131033035
1017419.5060112769
1161962.4621804445
1292810.8075354442
1350541.8518359605
1529192.9787200098
1305230.2690133755
1195408.3937471414
1218699.0621236048
1327051.4050422763
1173190.1301842956
1166790.4248025955
1153177.3020789588
1051970.6203259209
1090879.5106489449
1243125.6877854636
1235550.6682141747
1389223.7519831134
1397671.4081786242
1246886.2999797761
1196006.3461782082
1245881.8636359451
1212637.8055949653
1253977.6296209898
1333930.173321894
1225829.7949719236
1278192.1746463722
1227920.41700919
1174827.4713546766
1236846.2685516002
1238230.8541083718
1109232.3909908086
1122967.0557250413
1265444.4444523402
1474331.82399053
1436199.0330925656
1515299.0178168055
1626899.2400720597
1769231.7298538336
1818735.0593378625
1654427.261917659
