1137388.8
1096069.8555150996
1156738.309612835
1198738.7475901186
1196399.7881132262
1126637.23425473
962162.5309290991
1047959.853289235
1293238.9395063978
1229989.3602946536
1401842.5723856674
1466388.951558172
1425374.0670592992
1316345.417482672
1356504.738606315
1160445.904357333
990063.7835329996
971611.7859667208
1013903.1585105439
936113.5612037161
922521.3224174426
898536.5313695793
942315.4289202435
751638.3858905082
810632.7110526687
783412.7380421268
777078.3547314099
792737.2389012872
784726.5860788412
816081.8650295541
894292.7946879511
805490.544169122
903694.9489813718
879672.1822556062
986277.039030358
1012926.6123524882
991113.3471992573
954141.7661803612
956169.1598563119
996420.2662525307
877165.273056364
904179.2291268553
880217.9747937243
917749.8099103257
847195.6348774767
833125.594236371
830236.6949792212
793041.8214729959
815072.3362777762
771485.3544584474
807292.6152104406
681360.7813095927
705566.5136833374
658810.9799097945
728839.5064637084
825955.5472131493
767270.0804814489
896039.7836457811
872065.7821413914
880089.5902556283
882665.6659539866
851563.2628057724
861156.3085742954
971232.2847229397
914117.4114700294
872208.3986858526
883956.2114447369
1024446.6514849305
1086071.8881353438
1169664.8717076841
1112198.0718469648
1011808.7324756949
1085315.7836651714
1097637.079523406
1129646.3826529058
1173553.4778915488
1261347.874812765
1365772.8944736647
1332854.3799939633
1201759.5185329963
1248203.9045429672
1160692.1123545193
1308291.5950361746
1216524.2224217022
1200581.8973428593
1242668.768314223
1241753.3943115992
1154297.7890882941
1214752.662663142
1067101.679486486
948094.9942821724
1088604.6046588318
1025049.2262234277
997781.6081001435
882737.3346086952
872422.9696577027
811568.5179065447
844008.001133298
981891.2169368883
963362.2290949473
956895.1062806624
1064527.9889384878
963729.8020094406
1050023.2709243272
1091484.3586105164
1030556.3155248218
988763.226506328
958201.169882296
1004048.571777558
1047362.0525302443
1013486.3657340197
1137388.8
1180314.2585332529
1291058.5654866975
1210424.6984077934
1227188.9858203798
1216054.049503263
1231337.901963743
1422221.1356779702
1273537.5494053822
1254521.9713987922
1294415.3350891564
1354378.841344848
1406720.073207488
1326813.148205302
1317084.503995547
1360717.9802832326
1152818.6876813131
1104802.233340377
1068159.5763703443
1022600.7790632651
984636.6402711429
974190.6162499234
888288.0849404644
958792.984770979
922376.2383664333
948165.6363465027
986883.6714022005
1023227.4073040672
999058.6591412711
1079627.6604928817
1149999.8227016581
1158682.7104802202
1216378.9402331903
1205988.2171337348
1184109.966845718
1127861.9733755304
1082797.7893035337
1114074.0537986392
1214167.7583244343
1181106.3493323475
1108211.3415920474
1079092.05454049
1075839.7481882584
971857.0280402249
915410.3665854821
882692.1549587197
932326.2398268552
1019366.9338401797
1091918.5754260202
1128585.3762060385
1145739.1629775628
1203475.1267833158
1219073.3425151776
1331170.7739358738
1265094.016901928
1408634.7163801105
1404683.063077979
1409848.3619735432
1384693.7561834212
1499615.8286060765
1439534.152459661
1325439.6593937008
1198200.9821933673
1192724.4925564057
1183993.9822817529
1196555.083114336
1262608.069129952
1264032.0247735323
1267798.258342241
1221783.9630421319
1224897.6713884582
1252791.4353849331
1170885.2411758963
1105917.471067991
1063592.9124874892
1009086.7367913936
1100426.7936807035
1063622.3943651787
1041554.3806522776
994169.9550068516
899447.3377879667
923301.3623656261
834324.1258383256
866495.4821031371
880242.122014975
854463.9056217187
937858.7945047825
1052743.6257155922
1036642.4671518804
1202664.8880421997
1180824.3287343588
1265432.6825009373
1239441.9963359954
1287239.8887638075
1276171.1660348543
1287363.0781372623
1076071.7182970697
1110551.0410403155
1218381.9386413149
1354436.4791258504
1320304.198157305
1277782.687645118
1391011.0769259008
1420962.9806312802
1336927.0997291747
1319361.2348755389
1380479.7798408552
1366734.629972192
1219118.795835037
1085221.5269440576
1098786.261057463
