1137388.8
1067290.749246548
954944.7726754083
908319.2674165409
912859.1854790829
925712.0903310061
867184.9544174506
797036.395790447
860887.8430039666
717618.1940354204
754225.3118607773
767531.282527887
827800.3209398944
805292.576777991
687277.748707099
743263.522280985
777793.9392278078
788385.1298113686
715452.466146592
643462.931879902
665233.8602467737
733118.3023362855
755048.0476728796
816389.2002907168
782592.0461030251
833289.6423577243
823461.7462150087
827772.6038368216
732245.0665330023
709658.4901347484
769639.4407571631
726908.0811986551
618780.9836617325
646944.072751566
695685.1854154681
737585.9465925456
755505.9899694353
750652.1719896578
717203.3093106066
794859.3780652228
748267.0178961792
709198.6740065969
710067.0625529311
862002.6640433368
917642.3539458207
962158.9840558087
990076.1180553092
1098339.0804251984
1086043.5730023333
1086084.6239285092
1191676.303779905
1396811.3797318453
1343432.2175727382
1567138.831843689
1389128.208527451
1366611.017956656
1366808.822351625
1446610.731338877
1466559.0575927536
1425682.8461220725
1532113.5233675947
1439911.0256998502
1518143.468567419
1581040.5342069056
1383900.679341309
1326643.0734625817
1365734.5047345345
1403686.966308309
1346365.8675952428
1302656.738085921
1287562.8802871995
1252579.6137850236
1216641.6780522787
1283995.8691004317
1373499.988818002
1460912.3395705654
1183177.7238818498
1293262.1975090497
1309078.5616262925
1093464.5467802973
1029092.0472802713
1050045.3498051125
1159926.9808078192
1194197.3554299718
1132994.795407166
1348796.2998287922
1411117.0709157635
1424047.8568925548
1571767.2952984255
1704539.215401192
1661534.1939703242
1745031.0011551874
1994895.5197454772
2277316.1666232906
2341212.093313708
2010443.335465424
2134929.9219178255
2238091.052212101
2241628.9098214153
2420231.5352704288
2324817.793124103
2259200.1754459837
2313831.3368882774
2361178.089637537
2357736.3851839723
2124042.0397733073
2016251.1476343118
2168335.779055281
2290134.779112252
2256716.2064353847
2343726.1207332923
1137388.8
1332239.1854557116
1340435.8268761502
1316593.0173766979
1474814.205302185
1636737.6866007533
1651550.2962955737
1559869.6980837048
1551721.1628637179
1698265.6001421288
1693017.8990412243
1644948.1458972797
1714867.4794010604
1734767.3301190892
1502576.8508869938
1471435.8502985807
1487537.911335441
1490114.9118861216
1519547.6400763032
1425453.3047452108
1408203.9653731638
1264174.8096258843
1205423.5479418922
1161235.676447103
1081233.7630515615
1125595.9350345298
1084984.9247493113
1124716.9961553551
1043080.7978715105
973895.3853120037
932823.5385455593
984206.184703534
903530.3267796275
886897.4479686267
923337.9779831179
929350.1338497314
947334.744265991
853819.9157120629
817731.2191481378
832424.5745115988
944211.350365312
874443.2971548081
933727.3494493454
824564.721679384
839511.538973785
845180.3595788961
925853.5824619463
900434.8960133956
864620.1568511418
770743.8097491725
735184.9221171518
794165.2346226725
742442.0828455184
800669.3193741204
766159.1946578479
731334.400743724
734820.3139210388
723208.0149557899
762059.0221712297
733816.1629864259
635545.2275453439
632741.7315677801
676887.6091014488
638292.147445054
692779.3885979943
668652.5607832378
638179.6372612304
705686.5748112521
764815.3753259478
832090.2989082282
782046.833217986
725217.8999080197
651523.5747746967
659677.4957797343
699480.2550309037
625284.1499497124
625947.6002273242
642494.1223119356
621739.9305929733
565388.9366015596
586022.7123056665
575653.9579902062
596104.6049299646
624394.9846164796
677644.1645724147
621820.5125927766
730861.8987074164
684494.4354964733
591910.3895999416
523641.88203615067
489120.67261700355
446486.0523423538
389523.27586801106
378263.5059828835
372675.7971072204
348440.6791269777
373783.61206174846
373631.45526037563
398186.2831616441
401667.32772845705
420670.98456211603
456262.64529773436
414084.93285551446
403055.3006214263
366936.2058989146
366673.2644366233
364676.9185681307
380521.82046218764
432088.6552202925
442917.7140067351
407390.8695209334
