1137388.8
1201332.3223843789
1330791.8077750045
1271734.3623515132
1231592.3119241514
1186301.2870261392
1254759.0297764232
1362106.7920190082
1568658.2839735574
1405725.7628632914
1420586.7710772015
1284434.6150044382
1419910.9749075817
1423842.6835495757
1321624.7705448312
1168956.4870316414
1333240.9748477263
1217951.320631015
1043463.6365521868
1055967.2582175867
1102051.1432510805
1085321.8758293132
1128065.2575889172
1023665.9051558753
989237.0087174099
1101334.536450305
1086424.44078475
1009835.2178495341
1034939.7111628893
1106302.1174479262
1146145.9026738706
1090003.4363941029
1064105.784364127
1093006.982229454
1091304.9476519849
1156694.9792036496
1030890.6444050863
1001499.0742178909
946791.5290200548
965982.651623995
1102884.2350983317
1101351.4530407242
1057147.8453942821
1183928.1043504747
1267350.5921823243
1295732.290654146
1426385.603963775
1378320.748794681
1522275.271223793
1420327.0519398253
1359425.3147401924
1253247.2630461503
1413994.5236249783
1539351.4071033348
1448732.1785948772
1699880.6006369046
1543198.4859587208
1760979.8743172847
1675777.1355800526
1810862.8326381128
2048290.3458109417
2011969.4174561414
2027973.9992372186
2252165.39959767
2424026.394562939
2348870.771762937
2325299.98855581
2391303.8605004246
2355880.9668950886
2163810.9550269186
1932888.1516895194
1948344.2414165866
1868491.6157832555
2181530.308052698
2386576.7959713433
2336756.1476445114
2371746.613634332
2313364.026657178
2265998.8701315876
2188434.130465898
2280045.823386433
2452070.671508022
2256856.5566462763
2177466.449925151
2034566.1867443959
2015583.5453810587
1849124.5372091522
1743227.535761234
1727439.1026137462
1904354.693324963
2077604.1876040874
2251328.4532026676
2483278.3292909227
2205102.157851596
1932163.432920896
1718800.6162703026
1679574.8356618502
1764311.8404592697
2166220.912640961
2118366.016606273
1814861.4108822478
1752161.2466656682
2070207.2037885382
2023753.7843235892
2087106.6731293625
1874019.807034614
1694699.9324796412
1996858.0269869438
1701278.540643148
1790143.1884476137
1690022.531826341
1137388.8
1129402.1926772376
966750.0628710659
959657.5439064429
1000618.5823265073
893271.8760562225
800727.2515937716
965306.6799413752
936050.6918471152
904026.9167063988
852085.2904123683
864595.4153651566
855406.0205909112
847701.2027891935
811831.9366167246
933330.9504071778
871456.0042047467
959977.4944890148
872392.2327870479
791396.2395062732
792316.8554367495
814079.2491502059
809796.4730587681
929259.8614403885
944388.5099686935
939501.9464957102
1063518.5631862364
1050038.8756261526
1101900.8486837226
1135646.0940693475
968718.121207125
1025145.8184706391
915518.1425619939
1068495.7191791502
1011825.2479281264
924412.7534249171
954289.8932085289
924296.5821014
1043987.6442548921
1055288.0573612403
1079336.07174303
1049786.884903809
992660.6948656493
902512.4829930536
872083.1972041904
839907.986239737
793640.7340135954
744078.8704241869
700311.0974190447
637323.079908368
678608.8382576024
945865.9990897266
986037.0311817995
1042003.8245350748
1073805.7408743014
1038234.720546738
915625.6336637468
916635.1332598974
953185.3685447278
921357.3455937946
834902.476172917
830759.1530832076
947579.4744134473
992057.7360607254
1047932.2547550369
1085223.208846802
1113354.227542226
1020702.304222363
930222.4773440491
990467.10575819
1010260.3519126963
1050535.8113435374
1035612.0740470489
1051783.4894191765
1102867.5965824206
1086242.2315860689
1060603.2509956611
1015518.5126624594
1004174.0860940809
964177.7297986038
1069210.9748812134
907123.7652714888
893911.2775716641
979246.9465213036
965696.0005160368
994888.2637616666
991784.3397767162
1068992.1724745128
1161563.0281765442
1077515.3676089405
989401.6151343256
923331.0466588795
856314.0584471762
822191.3151450921
764813.1197326558
733916.5288452294
729728.8928942366
656049.8605601948
765369.5131372705
758639.301047038
712438.1994986709
762473.2251279313
705732.0922652028
666502.7373759972
645014.1588693358
639546.8304716158
644370.7672615526
595006.2896265375
589517.2826112172
592908.3643629997
604661.9151714252
