1137388.8
1084398.7366224574
1347615.8932971428
1331782.0052607895
1332666.5427263256
1313251.3208381375
1506948.878945021
1498481.7752579085
1633948.7184254653
1647953.953685503
1532013.1441776883
1518814.3124078175
1576063.0625350634
1451826.7976005143
1187825.6856921182
1209379.846889097
1261427.5297586196
1403068.2947445933
1413358.8934485498
1262139.126826902
1294150.779494492
1405645.8850046024
1311178.2682429503
1366348.6645659101
1325865.1635498633
1446347.4908203923
1353338.0630140165
1299095.9061667714
1228504.3325643432
1123848.0850032626
1209604.353479458
1281107.103185606
1264249.060166601
1447400.6644358593
1511085.4299830792
1398234.1296038136
1320277.8148205022
1429431.8073029895
1306162.0850495428
1313134.1726566812
1330852.4597964515
1356037.4768435352
1364450.4736548779
1449329.684803196
1463682.3217836819
1472414.65173129
1558296.5841610483
1642838.0457100607
1537049.736923663
1506887.7831564702
1622377.4167648277
1813227.0499251285
1690461.3030201243
1537749.4380100209
1428450.950002174
1355177.1483212514
1239204.0463388269
1188185.3860407567
1276436.2746631738
1126592.5583493125
1143045.0088741176
1152081.0131200845
1272612.3162407055
1248956.2467857818
1246794.479690409
1210705.8810781813
1247192.8485588634
1223767.0196852302
1112611.8224703006
1074894.4614975867
1013836.4610083887
1120874.0005318574
1026885.8733517253
1000131.1640541035
993903.2242143732
959381.0402264576
863797.4274280064
895864.9578368976
895128.1964952984
843845.8263543934
870539.103606615
866298.110551641
822971.2278609732
817879.8638685992
818942.3062799046
770477.5961594996
769960.3533685211
795961.3690197276
818447.9232506502
800116.1026160223
753628.0399930469
723959.5076088901
657315.0160613213
727670.4825194277
743618.71390036
829116.6481168019
820117.28505629
776724.6706164528
806965.5524968941
780049.12713059
839008.5692207403
831745.7876825278
750698.5204738328
692525.3845599929
695364.0009909781
730246.8328786383
762424.1520814834
737057.0109816529
717643.4767142708
684134.642143079
679499.0896366301
1137388.8
1310225.5851957966
1293261.279249597
1190388.0625322086
1207890.2703282177
1089106.9841233857
1044348.8521072885
953213.0288988233
1081694.046587533
1212117.1875358324
1156887.152696793
1116250.5051075823
1093917.5214161382
1203839.213010806
1050785.1802200642
1176713.5710870358
1215243.9625075818
1167055.5667808293
1232652.1764642561
1141851.5902374787
1084785.1697352275
991617.3415034853
1041417.7740107297
947617.6624028886
1025998.5294890422
968538.1528761801
973146.4098659175
964163.8134232038
934402.6141932295
960373.2025811878
1004679.5926608007
981906.155007947
1008506.6853074245
979977.0931776268
1183021.6244757497
1099603.0821176579
1085482.4893279024
1056643.2420488775
1147266.885781534
1037606.5258363433
997273.5067622835
926951.4909829226
994075.5038974361
957957.125686629
817780.3772469118
868425.1715646093
980122.1272475446
920088.1830399949
927537.8034837308
955900.5507717899
1029485.6677272444
975529.8352020575
1027992.0823743222
895266.846583892
852908.6709509674
932417.3468230326
870909.6587573735
1009844.0649305421
1082836.4176906422
1054860.0822599507
1172654.3820152497
1174720.8290031883
1075549.2987905142
917540.2618854257
922618.761426113
1057787.1814781453
1097789.852675937
1234527.8898169699
1307637.9817719455
1253119.4029748102
1264293.9610814522
1304359.339444047
1262429.5437630955
1215933.3681057899
1302761.0995285937
1353863.44867671
1453294.279061006
1465321.9175958382
1564046.7482436383
1542197.5425564176
1738755.164586688
1770874.3078120304
1745123.793468316
1884188.1217004652
1805158.3044946215
2035279.7614309909
2053250.0060787818
1924432.184104872
1730196.948488181
1984964.2256157987
2108160.4444538713
2041410.3967534448
1971577.9666207938
2077533.624431935
1867987.4364626352
1832950.4498274545
2119485.0523363817
2157094.0909701637
2183330.946128852
2032267.0622172088
1976955.001582691
1911250.552358872
1959527.3088786663
1932411.8797876693
1726703.7896706895
1705673.4303269675
1798802.1680527818
1910034.0772295864
2142120.2748958184
1864874.0688388045
1820299.5416876453
