1137388.8
1091547.30798043
983069.4638942722
958028.1899942294
1144689.548708447
1087008.755868228
927841.353994783
1004812.1749399327
974501.5092882904
1023577.3353704707
995692.7198990386
1022056.1259887432
984048.9438432748
850004.7288521524
712741.6327036743
660696.9019012725
687053.4607411745
808608.4289104326
791010.7301575585
695958.6095690428
712387.9544739
709384.1794303922
632906.9244198467
621715.1448653926
631388.2396783025
583011.4359355684
546483.008746498
585226.4689377013
588110.2551253869
590669.8678198839
589943.4239063286
595277.3163602924
567075.2117283965
598818.2342850447
579158.6763114026
538307.5622287877
498545.61943632085
498305.35258631525
509422.76941794605
491591.88313782366
479570.251538412
534279.997408417
511725.2557359541
546068.4418088115
554982.474159206
540939.8672311995
567954.6163792433
524900.2806187291
575954.4115029216
595207.9835819886
582154.0297452413
511682.13447084255
519549.4787788352
493839.1866454973
501086.9245318215
532262.3709728374
485898.26978079265
474388.2345924069
508074.58726208104
526163.9600553146
524424.2718761633
554178.5600448766
512192.27018600755
461314.61051736155
451132.80639448017
396882.40340770583
408412.0099672261
459462.127570878
465613.8964835883
476447.4327704723
487233.6389300392
502792.53684738325
479276.3331064659
439258.6686101181
361028.10749741027
381754.23869903863
392802.6033116883
434132.4241171222
428506.7602112406
376432.222726597
405112.74824155605
402199.97386245016
414413.8804629441
415563.2313331142
441102.68825002003
449510.60500288795
480130.03508295066
460065.8500427864
460603.331945378
461980.9562866697
448679.8992042793
520834.5416278812
485820.71804908814
487742.42028513027
497483.9003403187
580546.6666594304
599243.558795107
612910.7051843711
675224.6100786728
671160.481228591
671742.016890455
596765.8267608684
645657.8829015454
610399.1899885192
611140.3196113304
536547.1342524332
541733.7386606393
472523.1905587066
455119.28653251874
455153.3212166417
524547.5213504098
1137388.8
1150285.1220888027
1157933.8941461751
1075367.54595949
1076548.5620586504
1051273.2838032863
1150630.0517633043
1123832.4360079467
1027775.4110591885
976381.6549644298
1013278.0329644037
958334.5738718752
1019979.2718478193
1007534.0146232711
1007112.1624664152
1111908.0573146269
1137851.8306149996
1075702.3976848982
948525.8496326632
1004166.2450273382
976916.6581913818
969869.63087743
1158458.9045837792
1357284.3655864291
1300642.7977259685
1255157.6840808957
1397286.073511767
1277329.6575975204
1267803.3823266334
1184165.6234355692
1232843.5144301686
1326475.66658548
1214425.6422663562
1219511.2587105995
1190677.1979415885
1185388.494283394
1284028.741076404
1260425.465361204
1171482.0280009906
1233657.8911461588
1269336.6487073256
1202043.5907893358
1151064.6000758288
1172490.1342528372
1071306.553430747
1061273.8026150733
1051922.5266277562
975770.4998742152
995924.3584821468
836138.9319658895
856503.9951183852
868619.034767058
809691.6473417024
799278.1929707585
834121.9359112596
879506.1585600299
791887.8946587055
829324.6777530251
776747.451647701
726504.2449620814
715573.3161447762
685741.6281753947
620634.6181905835
640649.7254479361
559026.0213868654
533720.2310075676
509998.4252021161
494899.68932918576
522409.9391900101
479987.3167430572
459147.69376583985
470149.26537998294
472213.57138295966
490365.27079396026
484161.4534720839
487999.8117722741
497210.665268634
487467.7051616271
528460.2346409288
505917.0029914261
466079.63150645874
413952.5117173527
387221.7631360265
369505.68230473273
386756.5700759709
364928.95898691734
380499.46981084347
361858.1091131377
400037.5114529782
403864.74614093825
400525.42646485165
368230.11793701345
386997.1491719749
400988.3523032417
352570.4553497328
334221.5424583723
336261.47889557475
360501.6539627402
347043.7394018361
353299.3195442287
393282.6292627219
423136.11164454924
418248.8572002823
408111.91549914575
387981.8086047641
474205.4742452285
472809.3372414179
436108.81529186177
455428.26937210653
485503.86294834554
489217.5547543806
