1137388.8
1044215.5564322098
1032110.8889899226
909018.6305706002
1070239.0782229172
1081616.263629773
1035354.533261195
1013166.778315328
1002422.1096758744
1072578.269550775
1082350.3841056342
1057985.0057861442
995599.3486959389
1108074.7201609376
1091678.6704792813
1153283.821020045
1134227.2801629908
1108182.626913791
1039521.5567812653
953893.2229338036
938989.9493819121
852513.5083403045
920233.5548160906
886968.6386417724
732660.0638761739
739584.6771301393
675273.852792919
668628.9012635741
627167.6315447618
680054.7223846271
667895.2691799012
669570.4517417498
746529.7504804272
735334.520389788
638928.1619593796
592849.2109858737
665498.0879864641
679778.7343740081
680884.0754911052
592392.330492263
599188.4371606221
521376.30686283234
422416.13377012947
409011.50468605215
475136.4898540323
443053.014135827
453691.3999597794
462198.4746486906
500403.7433383727
511343.3492225362
527711.3307879358
570215.6667544615
613319.1316318157
679294.6589830712
659081.3915687512
686045.7037385951
579476.2710716076
454212.38742611767
443216.4613100084
445527.77770777396
509499.53511648724
520691.56687305734
479220.0116570227
463300.69328465377
419318.41659419506
411722.1808121618
376103.5735873277
364057.7079365362
353604.43412667356
361494.83217990206
337046.3518895831
319421.285757869
311169.49160641915
290020.1526506846
270986.6231830354
285145.81283331226
266489.4177201147
249548.5850360111
247561.28625556157
258948.17356361853
237269.400896262
216405.4544627352
207888.74852441842
182111.86800376454
179168.6227652506
186109.666643566
166407.10194404228
177287.26523740307
182433.7056926015
208093.06149718066
221396.84438814686
225774.30345822586
241473.10318370734
236121.1597877915
255845.43427381237
245156.51149966347
226010.36935545737
228317.98852568617
245210.33858001287
223515.66406572508
226359.5323370811
235892.04984782147
243069.03739460267
267147.21880598774
245183.3774915651
248802.4966131891
250777.6034455239
231783.52575965042
231479.26028453087
244963.18440920662
246534.90410560856
1137388.8
1060948.8179333196
1110620.1747545213
1096833.3053103583
1059241.98289276
1147998.3915311857
1093051.5795193806
1032734.981218363
981807.4254524152
985372.0112933724
1061354.294779105
1075138.8594250074
1096195.6347900978
1073379.357437845
1070181.1547036674
1184870.527654275
1199496.42808952
1160993.144003916
997503.2268981093
1062166.2701945135
1171233.8197422528
1076287.0406971332
1069491.1890475042
1099225.9140996407
1100887.6343286247
1094390.9699781463
992896.6003194738
1093807.2693023907
1134060.9210880497
1130849.6833542073
1331309.683721051
1168167.6793306025
1286738.162501602
1322888.8227716254
1172252.5732683607
1167729.5444811964
1138244.1865974483
1036006.4685309439
994012.634816749
1040099.7152361766
1134676.6791478316
1229547.98584996
1223123.4044058986
1246859.5215585812
1351653.5868997774
1653109.0718788824
1719465.8864119046
2031137.605288241
2204039.7753763595
2285949.9378194637
2229727.289149551
1896566.4548993986
1789317.4400073742
1861809.663440204
2055439.2442757576
1780236.4366767795
1855433.0847339479
1903234.5972530078
1735224.489711526
1804380.7301595302
1723829.083963364
1574906.2492798616
1600239.409752553
1637470.9568174987
1695800.2345189536
1827831.2529799314
1678578.8929851365
1599517.3688502442
1679475.749184179
1542625.6831062746
1634011.05743475
1498807.151157814
1544906.8185014382
1624859.5388743076
1460034.5652451124
1269819.2037009583
1221289.7500676939
1132376.5736320652
1122744.3777116868
1073843.3641157055
1103489.5819742861
1229595.9643053305
1352200.656724117
1280867.590353714
1325160.5747183461
1341371.1886442467
1258484.6331877531
1277628.4899164438
1415810.1326390442
1519245.9061904838
1515911.586335032
1672640.2103958707
1573992.8416232676
1290699.4977827244
1218295.142981027
1207763.558816301
1199508.7726709598
1127072.6966429634
1123018.0849959077
1179389.4009922342
1090614.3910477997
1153596.5950651069
1006878.9364201139
1062229.9407960079
1115249.415950084
1150438.8109624514
1065440.54968268
893617.0135232056
1019200.3843285448
911482.9644750758
760985.9663768898
