1137388.8
1219209.2571792456
1134351.587060589
1169996.089561897
1172393.2609912246
1185550.5213525228
1072105.364496572
1055788.596299242
1024274.5466744935
1055531.8018915665
1173344.2086899497
1193421.715788444
1202594.2378691738
1197701.3811570208
1014146.3308182671
1065105.3194938542
1153593.3561246858
1172783.2273618102
1241040.2656969186
1142059.644642848
1068592.6707402267
1022806.8961559908
1065183.0297753345
891950.9082631906
937288.9576954048
947380.7363261745
1040104.7714514029
993757.0710373726
1066205.755182872
1036720.7743963571
1103939.5805490902
1149375.233479321
1111283.1103811748
995083.8676304922
1036160.8686207042
1035328.4229924117
998548.9219822184
985110.5670512952
1086450.825536516
1200361.3003111635
1272965.527581277
1386053.3720596328
1282168.211506786
1046371.9796506242
1089280.6667313562
976342.0878790052
919196.5237418843
879141.1732861476
921910.42525601
902523.5058248346
949617.4556024937
986110.8376563088
1080263.2835068668
1056209.7080913705
1059625.2608316594
984231.0352652658
987520.414705955
967921.8338121782
995668.3930365958
1011639.6264322571
964196.4903374487
953394.6696528844
1066653.890384425
1049833.4889199813
1183330.404916099
1021109.4491381109
1040243.0927979593
1039662.2373531376
1147131.4635552336
1252499.43969149
1407123.9594328678
1360032.6650809967
1291042.5423366767
1355037.9483686243
1325129.5558824637
1339236.2283257444
1368697.0685668841
1399139.8558276412
1486992.5706090864
1679578.001546007
1731877.7684922614
1746283.945874975
1753198.91878242
1619134.9616582298
1594253.4515565287
1374376.5008887243
1476683.800421433
1529648.457748085
1481434.2990906087
1445185.7478858079
1408900.3323166
1616835.0818546414
1517879.2578272233
1656342.2761995776
1728838.1107314413
1765808.7996766982
1855036.2371845727
1694486.7808612087
1653347.3443558416
1698963.4483315349
1879596.3562399945
1863054.2088963743
1762613.6683023875
1614255.667667572
1514359.2434017875
1424261.3937460568
1444452.0962144167
1429045.1449420573
1363268.8531082624
1429619.11986671
1403039.6244765136
1137388.8
1095424.0550868944
1086956.171155794
1298313.6651230275
1335682.9935764172
1384491.8284197203
1303362.4309027635
1322556.2672904667
1434256.9996518386
1485752.0173790385
1426558.4169285644
1537303.8743116888
1412750.1773787402
1305012.3755080118
1196891.0863807932
1328861.591725187
1369199.533800282
1499082.7464194328
1443865.173185494
1406935.5436536227
1414729.1943243726
1383588.461888749
1587001.3539159703
1593620.074926142
1614585.9548440732
1802104.0005232769
1880919.6606919172
1843459.0172819784
1948984.8233389766
2119336.4434101186
2171185.596857046
2167715.281867719
2211890.4222621527
1868768.0881167082
1989471.5092787573
2382093.911091991
2520136.278584471
2221800.7558935657
2557866.357529783
2346866.4536615484
2207756.20341996
2201636.5729379896
2168878.2002051114
1987307.1815181333
2103271.7986385897
2100363.3214367563
2139699.380531581
1876948.340142293
1977531.316355976
2047985.436066521
1983306.4586048478
2199160.399587866
2290010.9358366043
2202650.671300614
2352007.5432120906
2202156.014945193
2494813.183142336
2739349.171604077
2693309.9112752825
2741095.5473385137
3065103.202529958
2714037.539815644
2743862.4010587735
2747641.987902481
2647880.4766653953
2967866.3096946436
3177452.4196709464
2682928.126945527
2483906.446226361
2448597.759178831
2399190.467904822
2402900.0631354274
2380324.9683980513
2469257.963762533
2740675.0164562156
2417111.223463217
2192422.395471945
2062747.1745064047
1879083.4285695695
2067380.4702042527
2168302.95867204
2071279.548356873
1883049.562122927
1759848.2760253039
1729440.283512201
1719681.854459325
1890852.2188640002
1763740.4378683418
1692227.2572406991
1790006.2920939443
1887046.233141577
2159686.646619966
2398974.8030810542
2608972.372274037
2490349.681453712
2525609.5341539667
2508522.1271642223
2381193.5167949134
2688917.9552158397
2618848.813798754
2325419.4008739167
2170806.7939739297
2164619.1211792026
2459143.4728427883
2353531.055027179
2264025.5363490228
1908294.6300255528
2257685.9554806952
1969560.2567121044
1724000.7144643923
1664609.55872536
