1137388.8
1361220.8733088658
1282884.4100989501
1219214.7009385256
1148273.6286189053
1167165.3375112405
1157400.2425673157
1148948.5461716885
1185623.1606620655
1183129.6775025285
1147316.3575134887
1158492.9105931772
1159453.1646019684
1048818.6144608047
1113034.5366732455
1157787.9327118339
1174886.598789391
1255550.8417651576
1254002.3354230078
1077885.3223663892
983374.6966503429
1013766.3209296131
911612.855635817
937965.459508099
937953.5433977286
838015.7213720405
777562.8510118548
856537.1448698344
958427.3901005813
936280.9952315447
857769.6138896547
833232.7045193089
846819.5726388564
855991.6413724242
826864.5643701019
893680.1223968368
828299.2890703833
832651.7735230788
670332.9552557935
670792.9323640991
715175.3532217297
678728.3478919507
739544.7530257718
711561.812588648
671284.0842756679
682308.8168902847
720869.8386072994
697962.0337722162
680592.1879330173
629724.467677115
550709.897161639
553481.2789695953
612663.62600254
670392.5676087778
757727.6647702592
800648.1424779535
860439.3429103788
757950.3552649843
739833.1865375631
756649.2976360635
888292.1765980385
783739.3959007247
756182.9293760377
834320.0476822043
873377.2261422332
935007.389392158
928691.4713169885
955745.4654712637
958454.5764354783
903970.3799213396
744207.4226594091
680038.004554587
621952.4206591846
654901.3795940203
654357.2640316971
702901.4173991738
711931.394113754
703610.7557300417
793336.9071275924
759977.7700871974
782388.1220708627
736695.160236972
789821.4118238747
846509.8101749991
828664.8620033285
921302.4143531183
909943.3277368854
1005884.7062704527
935618.6685374414
1037278.1475837635
1205879.0566351966
1283807.7362383143
1321312.1739125107
1309708.1046915753
1369853.1721426276
1458222.096799768
1479300.5827628642
1514650.2891507903
1400165.1405250828
1229667.0004428972
1334835.005050247
1412934.667010086
1592002.5619822012
1625046.8207410206
1505186.6389167486
1352122.504868346
1279721.0481240954
1242420.0851347644
1286842.6558090702
1276434.811507427
1226374.2312551653
1137388.8
1156177.021287445
1308205.9353670282
1538725.0359238586
1643314.4023532965
1621224.3509858793
1689953.18917986
1917943.4119116685
2092907.619342828
2330842.659443122
2513708.0816300954
2253858.933521232
2167882.932286455
1940390.3908484895
2121806.0888444846
2137368.311772729
1978496.5493799471
2196053.9461565726
2179033.6919017485
2098912.042769375
2056078.5957405306
2069731.1280015467
1996213.0650245447
2011716.355582485
2117374.8571227877
1912372.070304829
2099309.9965080475
2081466.7153556456
2087153.2348253296
2242908.716751058
2379231.0306158676
2778932.147803324
2840850.9394798526
2953398.942350648
3182365.9977137027
3368992.3785020197
3414683.237420669
3416455.4333703993
3581866.666215565
3587792.6469622143
3495037.4068032634
3583690.873526471
3830018.135591879
3789538.339860782
3711800.866468271
3505582.312246366
3420161.7823814107
4115413.697508241
4085797.3128214604
4116549.7579846946
4266247.690343683
4705283.900617739
4474699.976649477
4575063.194185334
4320741.982923175
4189689.338189853
4278379.879076055
4658639.7693699645
4432637.633371183
4238070.794914499
5275218.91148241
5298220.954219732
5036325.443060783
5155116.266935984
5428803.78053516
6252576.440456645
6571368.855045393
7130048.323753786
7370424.823035927
7409054.85346084
7483200.645465754
6951550.005460565
7026042.206228995
7756747.77717331
8400013.311741814
8732777.927792056
8105232.749692798
7952012.814393099
7801689.444478383
7601459.182435872
6204436.253029754
5865681.424721028
6159422.859573843
6024716.341101776
5841682.348420073
5314862.971154577
5183663.906517101
4809155.783743585
5198866.865836618
4933688.665673954
5097142.475075573
4920584.831605248
4643576.199601789
4406040.7936393265
4627091.433487917
4878240.391697379
5161650.402284524
4622327.041690738
4287485.731942371
4416387.719615068
4253182.089852844
4423561.846653117
4740163.988752264
4926731.640280325
5160213.0646634605
5586235.470775922
5365887.548105737
5516502.934311925
5384289.333209703
5397846.841783824
5552805.609872843
