1137388.8
1199053.2763895106
1260946.508452375
1145084.3653520367
1176633.9349370357
1181700.6291670753
1101620.1247265623
1041988.3864646798
968243.3281752013
949516.8448456465
922745.4963871283
900572.8592711854
1029630.3676151294
949598.3159724405
910986.601756047
899347.2980200952
960732.6535204162
967937.2709370974
1075543.7327988872
1004476.5972231365
1006205.5940308993
1095494.4746152917
1355818.7604701002
1349782.651667993
1105756.654315915
1111354.9339396814
1091597.180870899
952277.4201291563
947182.5076950153
931795.2589977103
1073710.5887335653
1153318.6076332545
1086170.097976175
979381.3779793582
950077.9238496599
915100.4002430412
972985.5921954175
1013376.2487363958
913945.3177058973
975621.1111370602
1117922.9319681148
1126765.259941885
1339564.6612641108
1451472.9329761767
1526435.4526227638
1709776.0391262488
1721583.5781243574
1663936.6704174941
1722560.2939008607
1861032.1909655214
1547749.6962139949
1576754.2017460966
1610904.8242902518
1408569.6056264502
1384040.61629157
1611825.896064936
1604436.8332976226
1439355.084287903
1430301.318229894
1489677.4249880393
1511573.196278693
1448218.328495394
1568201.9636497153
1599069.8275399006
1600979.4644580013
1397757.0835847713
1547734.8086468934
1538881.8586264597
1555157.2072100358
1473247.0721206868
1425446.1981127618
1463277.8553282744
1493651.833539732
1466378.8152962779
1433777.4378489128
1537339.53255223
1458835.6651883614
1432466.3821123505
1481245.0595654694
1628765.9024815527
1420305.3618386409
1357639.8542288374
1356400.5935333837
1303517.7755735826
1223059.474967119
1458000.1206655542
1350031.6370603184
1279702.2116278834
1114984.7353822247
1215037.3437277435
1252113.2883566648
1202927.232854974
1238996.6260199249
1223311.2694383187
1148593.7035173217
1076033.5935003406
998025.0875357827
985756.7995944769
984960.9529853229
946646.9387139659
893216.7260460384
837685.7831956086
904154.0111252951
915584.0903558255
970709.6472467766
1014759.7464859136
963622.0412181887
927327.5448191997
978948.7268144519
1031455.697343556
920004.9135255858
1137388.8
1060168.4998244126
1025828.5093309588
977304.4374817513
970792.1347326743
973663.432181468
1052530.1549614295
1123156.1619959571
1005234.8067129884
1025453.2414224095
1045610.2105631537
963847.7647271227
1053221.4857972043
1110978.3518442004
1054853.720364079
990213.9077731952
1051080.6418496284
1084443.7741103133
1103120.5944321044
1109604.3672779845
1112145.9225445013
1226952.3323531637
1479516.4743448528
1337018.7106639887
1274209.5410963611
1327070.5390325894
1368255.3981739476
1261116.2451055332
1294155.751090755
1167235.3059401847
1144949.8130720365
1073681.5962880617
1077744.5124608967
1156003.9146334957
979720.7581799506
1011443.5547375517
1045172.8174559029
1070664.4067118913
1163064.139030867
1006536.8538298768
933373.5907051424
812323.3085509228
772900.329417132
690266.0182269473
643118.9748569758
646735.3347998637
650473.8679909639
671486.4847633583
635793.9096867422
600828.3455342192
523119.2366044107
488509.94928758737
481127.25427129294
454970.46413148026
473562.00122749386
459486.4933071984
450559.2077020464
487461.49945576995
472412.29859564366
500789.7219232636
411539.1777837122
475543.89848743577
455374.99667096336
461617.38795517967
522710.42561567796
492274.3613777797
458709.5820248337
446164.3515069825
415029.7570133875
493568.1455094249
464371.96472303005
423491.6114411924
450678.001684241
430161.55041433685
433279.0449775528
423494.28589108924
389755.1315896797
380435.9854115879
398471.30754436314
393916.41689089476
356035.8288350891
363990.73634473654
370455.0313436199
355877.8175319437
327994.3016831935
354521.490771271
370092.805528841
356405.1504762681
350932.8119900732
362761.7346482048
330439.82741059887
304857.59644928295
331420.388984032
332382.05175482965
299903.50172418536
294421.19145388954
342313.15467802325
356008.1760439295
315280.09121144505
312611.4952112152
300727.1664816505
299624.31264868187
310015.05198598147
347217.275908753
369210.68894686294
376855.58021740435
369904.6820283716
370804.1456751621
389609.56030665257
408717.58614449616
389738.66818202357
