1137388.8
1041733.1881137262
956473.0303595451
996050.0534316743
1072866.7309842154
988075.1801675954
948036.090302349
1078097.4615227124
1121760.5142607414
1115818.1778649392
1153932.160882065
1081616.5548550538
1016197.6115594907
972593.9977279521
1060010.5288146653
1152107.783683743
1245590.226476273
1271773.9747439548
1535010.466638399
1643864.8944329384
1695139.834431997
1598467.282586921
1554839.312351985
1642497.90360346
1565908.5545056625
1515999.625813485
1490690.403761691
1367950.9080085778
1631400.3332628927
1597948.8344136088
1654613.4516858954
1532726.011915422
1648979.7715294089
1788615.9949921947
1950380.219520691
1841909.7180177371
1884026.0336083965
1961605.223800205
1908266.192300785
1923022.2962939353
2106106.230741175
2034825.6568552898
1938845.0619089566
1882492.0405768522
1777547.3304631552
1934265.9118917307
1662236.7074072235
1676819.0689251733
1567358.8059619376
1366091.7864162554
1555416.3541084165
1539678.890114911
1459275.5525038217
1526363.8822796568
1513027.7479840885
1428906.0539935215
1352566.9474409875
1278953.075813704
1189308.6128670108
1222202.2770139882
1330685.327467745
1402403.2569991478
1406172.7541640277
1259799.6600339252
1292908.1663917145
1233764.609083547
1240859.9477087944
1256991.9858229079
1228366.3669874668
1121232.7769389783
1143776.2034496185
1120395.1189952046
1211470.8168816785
1204116.5791981602
1179913.6355999997
1068411.107621129
1031523.0857424486
929857.4754827913
800537.7048868737
819576.4714385038
734716.0859801921
715859.1981579643
696737.8255816224
649439.905509346
636716.2556464088
621635.2165127594
657552.6342853862
737499.7388680752
808246.3464416632
762331.8679288937
737271.3788933969
720036.523884294
676469.369445868
623472.6345139277
651809.1956546785
680690.9541864814
599646.5047369472
627434.5650108783
604545.2631396516
627371.4526191616
689718.540167658
689961.5626501334
596610.8004702555
660227.445260582
668397.4482166034
625993.4421165407
638102.975336053
570694.1827656408
515568.0258536549
520702.9107738299
543301.6108100935
1137388.8
1202783.0675801088
1132849.8699340466
1211768.4907717113
1238876.9232236578
1279041.2950650905
1303680.153180278
1357666.8726955836
1469241.2328780391
1535144.2068953582
1545908.303919904
1468637.9333955534
1600573.9555378128
1671085.6808827436
1723002.5012713883
1701450.1370092211
1457065.2514200169
1575161.9219052496
1662011.9968137646
1659342.8530739322
1673128.738823565
1855114.4075036903
1857648.3962575165
1793494.9537011518
2162619.5250635757
2009193.936236344
1787319.1372848467
1881635.4700717232
2004514.9069248727
2305803.6289999816
2451994.691704963
2700078.3559631766
2852297.6973280883
3014534.8704868318
3096701.0468973583
2879163.1208953266
2896970.4437735057
3019289.6370802564
3275719.964962239
3205556.284741658
3406818.56733563
3245669.1877590097
3271308.9281928823
2983991.9362272066
3204534.666800502
3305412.417196855
3354087.360928798
3655980.0801449893
3725824.0499902274
3603394.604874892
3680542.7827403457
3575197.1644872846
3593414.8437252934
3600332.8026163126
3575746.4091984
3755196.081888749
3923860.4629929843
4450781.326934753
4463216.019006082
4624133.994415222
4160250.747156571
4366945.756030174
4641824.431801062
5148255.358354564
5022895.6213108385
5318354.451384716
4520703.550894406
5001601.178223026
5296296.187903679
6023324.320151221
5551882.367361225
5272777.5393684665
6065783.738748607
6005056.097067552
5790424.854982733
5641278.321132479
4921746.006654256
4567093.482809698
4644991.311641416
4385037.825756016
4519360.697534719
4259967.964126215
4910301.146917256
5284058.811556219
5713972.7446537
5053244.076468286
4831726.794870559
4669162.453425991
4779079.560428478
4733289.881594239
3933847.9663675884
3298625.863958675
2868766.2779929135
2823440.249331386
2982473.8089169627
2909275.1603109087
3077815.303962489
3392279.9590389226
3255150.3965588436
3631246.801685625
3432560.3660918246
3478571.7286610813
3593847.9454998355
3304305.063679942
3475648.8819056796
3799332.507192189
3167823.280103099
2742285.1140368436
2620757.5041321637
2776596.6077200533
2823231.5133071668
