1137388.8
1028763.130189631
1064237.617633855
1070701.9700365297
1120547.2899610272
1130659.1256191384
1142012.492834182
1233323.1100172994
1404886.9991844362
1426427.6291735892
1572946.7534278098
1520879.0275615714
1713963.7987013194
1773364.649382091
1856195.1316038796
1905789.061767051
2015014.9941811392
2079047.1568482423
2140057.3152266997
2453474.979119712
2382041.971846333
2528447.7622068576
2784961.6613854035
2784901.8003318855
2880147.835785439
2527360.427285484
2156356.2676111925
2488961.2493675393
2616168.9004905373
2797656.5588656496
2917999.851965494
2719751.8539740173
2448722.8860575217
2635242.2691807672
2504636.166436445
2517384.152933268
2489419.200414709
2146092.692313383
2226533.686980875
2600316.1528831255
2588511.839642846
2636290.889424706
2494634.04559224
2409084.864045145
2132898.481999797
2146502.8173418213
2004859.607030512
1873480.8176264062
1860897.6763642258
1888952.9052388035
2026503.4649710145
2063059.15222686
1761661.2754908616
1574194.4264135067
1556497.419359248
1575027.5038360495
1658293.6283143228
1604527.6002984222
1451447.3183462908
1398302.1200574338
1266602.5395932882
1449005.3174320045
1587927.1349228881
1536161.833310866
1644967.4003884632
1844959.630312382
1999587.9127419663
1841324.4120409065
1854850.5553265973
1813136.7356393063
1827928.15279449
1948715.8658646832
1986841.238570749
1892447.7608258934
1834562.4436557535
1516441.7774985628
1589122.1656692836
1449621.5930749772
1544807.6685286744
1480912.8614333018
1655523.66933548
1802390.0207450753
1860726.9983675254
1851558.0617957534
1827171.4372829774
1646309.6068935487
1527101.572467705
1650673.7320787418
1773391.1280242356
1730534.6919173158
1494910.546775617
1279087.8084123342
1145691.9865926427
1201909.728824572
1188252.991932138
1387441.0526997584
1294620.9403325282
1381067.0827074344
1389943.5955505592
1431463.41741382
1280937.60757139
1259798.1664247438
1231701.0975288283
1086961.5936081063
1179711.1347609314
1245095.9960864459
1249425.2975380777
1162099.338517242
1091471.3599147634
1137625.2359304854
1197965.807795571
1137388.8
1001882.8359444771
891243.9368822412
901146.3671867234
850415.8999492998
871709.7106692906
933276.8047196936
902787.674062235
893742.7701838304
910199.021140854
966816.5173069258
1016642.2458013125
938268.2782533433
936240.1400833951
935728.7071728283
951558.483451635
964129.861346337
889000.2928646287
820035.0035386006
906503.9145943221
890521.2914339431
917274.2425950042
850979.5942263952
930535.5198773303
853743.790196154
843520.105812522
782196.6016919416
853621.7892339153
885507.4827865803
979459.2044855731
966437.0109310222
1058005.7209068376
1147982.4388071864
1179629.6747880802
1155016.9956074273
1082882.483243247
1111459.5862089656
1061191.3874592436
1317274.7534879155
1260671.934233029
1247947.62424782
1324465.7548943167
1336121.49394013
1430593.386809972
1392572.7328617498
1373459.5794363616
1357950.5053712504
1371866.2073823782
1538168.5555565234
1522698.1549198325
1661973.8388555886
1471454.618040526
1489370.6064977504
1486993.4240691778
1496749.1282649299
1450117.992053716
1600942.3001942292
1555662.85590986
1577628.9370888085
1536886.8055063742
1514411.1932372316
1465781.278185755
1412131.072059742
1444621.5051505654
1591943.2962199338
1617489.8647801995
1681224.932446463
1482175.1822441877
1647311.2052002887
1666842.4552969981
1613925.9274633196
1745944.2007724214
1705338.3569208696
1948068.4043009295
1983567.3437485204
2130287.2766041406
2303404.549760664
2108819.526378493
2184759.9613824137
2040700.5431390773
2211729.010782036
2314557.5013976516
2173022.1746311034
2034872.98883505
1906357.7091862715
1926877.8385192594
1946242.25110925
1713570.5786687527
1795303.4824619344
1741612.656988749
1610818.9819838658
1526629.0657808844
1471997.775660522
1436765.2290276096
1640282.5002699606
1282705.1795984292
1281161.947194942
1286257.1074824177
1320196.8419584674
1478255.3196905798
1454371.6956720199
1520868.1522796552
1403545.1164412794
1419571.030677478
1399192.6056985448
1468882.9387590557
1416477.6521015235
1491903.8354628447
1315902.177132836
1245680.9322198168
1272573.938921814
