1137388.8
1238836.4310643824
1388323.3224082391
1344870.5676390086
1304173.113980017
1321952.1886067982
1359656.0570578445
1273959.2654055748
1331133.3085420104
1220164.9129642344
1287114.155963826
1179440.199646511
1156568.092274702
1059826.9871442532
1180925.1734843499
1192547.2825362557
1389156.4677517863
1355092.284863275
1238819.2820347506
1255736.6574556152
1180068.458829818
1172634.7487264588
1212842.8982520828
1304674.9023253962
1377945.3124304146
1568382.2620358644
1542805.9779940068
1613688.9357366029
1565454.9883595158
1473213.1461844959
1424954.558031012
1483430.9018590678
1411326.705918233
1428295.2492489105
1487077.393365847
1318365.718525462
1245646.1438558153
1177212.9198772532
1202835.222574898
1391453.3773399475
1374085.3611529726
1576622.4739084004
1507467.6776080055
1432026.90668355
1583746.7621047155
1701293.0779043199
1658065.7851023278
1755371.7734722733
1943991.0938581661
1905449.3295635441
1825546.5119328094
1763383.7430832577
1908889.8179377965
1947303.3106699805
2037187.9405116264
2039365.628397644
2017754.28914603
2359463.8821141045
2326927.416399565
2343038.6812897334
2275234.503208442
2367836.524074053
2747599.2948924936
2848430.307430297
2544709.023532288
2642887.5116312723
2271227.4191234736
1959784.6069379451
1788078.299086711
1695600.4516117626
1532978.1840658875
1485135.176837135
1392895.397336273
1405493.8617396022
1444493.9712837858
1452972.834572111
1457001.3684381868
1527412.9207718926
1518414.06409481
1666840.580731742
1629998.5133399537
1702431.4105230465
1626190.8596395093
1567812.7831437388
1622645.48913255
1584863.8808410768
1985310.3008994611
2165703.594542101
1959297.9208049565
1976681.7608301542
1987194.0337370865
1912377.849342527
1996094.6832355869
2132432.57930431
2052900.373496191
2105811.7542616716
1961774.1458290683
1785117.1754349966
1675513.9743453441
1565556.3829961685
1561179.9678331253
1428282.8107241266
1361111.5022595788
1463002.3985790259
1547445.1260133574
1658356.1483845469
1557824.6788969468
1391694.6511034146
1344694.2586958634
1243236.731064554
1074846.8928249946
1137388.8
1215350.7876690894
1049221.8783588195
993438.8362314869
942324.8675471136
1019649.432142541
1057116.1581759336
1155065.880312634
1137864.7931694563
1274155.8280905576
1212738.5107333257
1280509.0177565105
1222528.5224429402
1250602.1313091533
1230070.7759575401
1130635.8845599222
910676.5903657761
904605.9593871374
914942.1020766483
960400.930137428
898289.8790127195
908652.0719296886
936066.0163556299
1038683.8538262546
967093.212383886
882902.3964408758
963158.3415063295
1062268.7432890434
1213551.1280166793
1217338.5987683919
1145291.6502632024
1173851.8031708878
1316403.6157379264
1356248.554893739
1433215.1248286031
1400152.9985344936
1617813.0919822645
1726497.874953074
1738287.3992990768
1859039.103045164
1812345.2135683722
1835068.2233510928
1978304.6915556896
1778309.0762409235
2034567.484171378
2104760.4841012843
2401907.2914265124
2438297.322010948
2825886.383758907
2606636.245029509
2584007.739628107
2425651.322929526
2299809.0192438024
2210530.562778618
1858707.3659164142
1967987.3668246297
1929014.531635925
1727446.1529062437
1778133.7053804293
1592657.615035222
1564965.9952967525
1374302.325092026
1318518.828790413
1221613.9872387126
1443687.03378978
1596549.2874952105
1649155.840464819
1789776.05089742
1696134.3115582648
1765505.5526816815
1641126.3888329784
1511117.2800697924
1451757.797869092
1471054.974535734
1405767.1411334116
1498282.6969029156
1272545.464987939
1252020.080082212
1306006.2397617162
1516739.1587307486
1745179.6041697443
1663396.361573654
1574946.2330146325
1773059.5581449685
1698162.062501684
1735019.1091635625
1594359.3776393041
1756137.6420543247
1973294.725771013
2125895.901517273
1830558.730291678
1756075.820400454
1673654.5671360244
1579680.6843086758
1461519.3835419717
1402492.0945148186
1530813.324300399
1600148.9878930473
1743718.1292309454
1753513.2301413682
1768875.1322934767
1717522.3664790918
1718528.9943083439
1719740.6983946108
1711031.703322272
1760596.3423798624
1480881.075273306
1547730.5210753458
1408937.4077571041
1399387.0615874082
1841998.7827261759
