1137388.8
1168092.5027828324
1053593.759687163
1016210.9338844222
947473.8571000198
1000661.8895143997
1031361.3786082043
1014252.6624171037
940900.2534101442
953487.3418475637
1025173.904174663
960521.5669593209
991146.3011118874
971987.7953497431
967334.631041913
896945.0104120632
956588.0336308677
935738.4097402146
979594.3174690292
974609.2909043402
863635.3263304518
829057.3666224066
779097.7289012669
805582.8241932483
786263.3463033098
665807.3882632112
710073.3878876776
667088.105411919
603298.8856681363
626447.5834622885
666912.8083996051
646419.9199226564
656009.5759070476
712253.2002019215
765824.5457734003
749915.015862149
661457.1028547015
735028.9680392978
694392.7368503425
781873.6676011699
786930.593186951
768097.9327007324
843594.0611819318
850820.8624026814
863805.2179805086
799761.8402024863
803721.906904825
840920.754107088
699124.2568459925
672745.5351807098
633297.0238268883
691895.5548809854
645191.3680162249
632825.1483762836
608071.6451517063
591118.1557829957
597133.4597363337
545828.7387955333
554658.5646548722
547079.3678673785
606712.5982339551
655703.9976889736
643019.0120499022
642978.4456859091
703510.027097429
683929.9870316827
708070.7618598586
799888.5617125818
768848.0106475637
818257.668999273
816772.6631718251
805963.4754889315
756660.5226077655
801121.3965171727
864163.0459756727
838266.338728027
764431.4442316996
770986.978903778
734113.8612556957
790732.2916152083
795170.3444360051
810171.9182773593
856832.154488366
845719.4451035147
780080.2419817153
794358.9757494765
711186.1788010751
618883.8960136758
563936.576976385
596387.4760882568
598289.8053611657
551021.6433472513
595915.2569118837
575086.9333648953
501678.7855107182
547040.4210829312
598857.4079406497
609236.0831788059
584394.5376785372
558029.0919731597
537004.7032693692
549953.926533341
592714.6153748563
611727.3660952846
570454.2293539306
582658.5249092191
575072.1661968147
600450.4439497571
542713.1640132448
528284.9442737162
500633.9034006693
1137388.8
1140949.0260521946
1338607.2390602827
1730099.5305814722
1860685.8024606798
1869915.6050504192
1924316.44045779
1918840.3721041966
1804346.1220351458
1768991.9505887036
1767036.5331164503
1611211.4703637422
1539250.5831992342
1580243.8534433034
1481652.4192733793
1642767.2356539243
1458394.893148171
1525845.9331775606
1578648.4446968625
1660098.1903840005
1836312.19186447
2155108.795107154
2267675.0467947437
2184137.780381832
2215179.96805977
2405042.086048664
2388348.6984541845
2280454.208101804
2417168.8824163424
2557001.081744852
2524285.1307818973
2788184.6018120563
2697298.3490170375
2523439.2342200535
2291319.8892418
2464391.7509036576
2346292.220721275
2311515.681344321
2736554.449784085
3096387.644887144
2431129.885522082
2359055.563356674
2457715.8612588774
2566897.871318206
2737930.5180429835
2575289.193031322
2454125.598346373
2462695.2496199985
2780709.5631706654
2858638.8141496843
2809086.2890910567
3102264.7027739175
3032386.9150011083
2729490.6440677084
2680343.1972002704
2757856.9150895616
2844243.3301286614
2454250.242134787
2445724.0224605193
2857338.3664705977
2990724.5118201817
2579588.3197756493
2382917.834129817
2276400.227284209
2264650.977779658
2159055.5080528995
2122442.3197836317
2130016.7682022625
1988644.9364045437
2028525.5461482021
2085182.433665743
1917950.3055259886
1792388.558100986
1951764.7188996107
2132954.09919654
2020292.711033151
1917549.517244289
1721887.5961030866
1696677.1495939242
1603379.7876256607
1730141.5810154923
1674856.7720781683
1810701.1191718122
1679426.7023325316
1623238.3339276155
1763704.4989616463
1813995.21368852
1748505.270894198
1657296.3346260823
1757843.9968413815
2067117.8502014675
2398309.679979178
2618660.9254685356
2663398.8069907874
2713613.1268130965
2633713.114985702
2616805.5969180553
3132627.708650174
3206790.676231658
3218808.1514309593
3728983.494761698
3664915.864245478
3760287.2705507567
3577788.618002683
3772232.6820943765
3564912.8697451847
3594511.292880403
3758747.876657454
3582424.0795360166
3993879.665745718
3696210.3975385996
