1137388.8
1064597.7955015025
1138678.9897959086
1432545.5625329544
1336763.5416131888
1300307.7712964788
1299261.0870465785
1344767.517207159
1289169.175509314
1221731.9518364645
1115508.106025423
1218160.0899316021
1095002.7855536449
989742.0321038502
1093209.7683706658
1148199.2470469023
1063860.213649126
1024606.0180823312
1052945.8412664388
990480.3074192255
1043627.3761334905
1088568.9996806213
1093279.4864232307
1088192.8402897893
904148.1567166763
872828.4229248111
928829.6017999991
989433.0198807158
1058231.0459906796
1030504.0683320661
1021347.1770926372
965884.1012693484
990393.434726604
946946.1478535613
965952.8474927187
899569.044936086
755304.7096686225
764897.8089947564
696724.4041223589
659212.034508073
714996.5476027612
740085.4316945365
805399.5741229868
797420.5748853501
802769.6005402067
750191.3894184943
845299.9167845467
898724.8819116795
880202.6374580453
929921.6630309279
911538.889929081
938991.8148173845
872468.4566232667
839337.7440425806
740320.5398836758
721783.3304889622
773407.5811486802
866462.5196530271
775495.4895351013
716925.9276744435
599886.2298306015
546680.4912351322
539213.4351263944
525342.0790638035
619687.9052242415
596418.7783115541
589045.2657883291
602532.5617676004
564202.6843196845
593177.5518955499
616948.2822601836
617143.8668859454
704238.8776297702
685840.9345804919
665995.7660481058
668456.9317306177
672442.7668289344
722004.3593067098
761391.6065472187
688114.7951151717
647276.5777501677
613281.7868412065
555014.7381621532
537044.7451094061
566796.8645303196
573828.8363966438
574866.2978765666
502964.5597719675
565040.7105495314
670291.2396979189
674537.2372191185
690423.6943004081
692778.8699846581
681766.5056470168
667974.5611744861
685407.827064027
672657.2634659993
760503.2951984635
710569.2455866985
668325.4680953891
678312.7847662099
657129.3296677496
637887.2013030524
644130.9189349161
603192.1605707965
658118.4443206168
731948.2248808125
792812.1720314164
888681.9639842339
936033.7634954513
965274.9494094498
1137388.8
1152520.69106778
1202235.9398771953
1070281.816091802
1109276.1640292497
1146207.6428435098
1315897.00104509
1461081.1595565705
1438430.078430044
1509210.8485373762
1457790.7979142708
1607524.4982685163
1889048.4334408138
2020492.2729741978
2056521.5951127803
1935878.6227613231
1882491.0791745756
1926736.726039242
2055949.0440661155
1889864.4713983
1826147.5703720797
1918507.137732828
1970081.5333520153
1552390.040264643
1490518.6674449246
1330077.8951283218
1277148.411045175
1303269.4830409598
1246839.7192298004
1237661.7540146664
1168596.2646042404
1244871.675566404
1174628.0018822683
1138686.212685334
1232233.5579090167
1296547.1706474803
1288862.1229499828
1107416.0492143263
1021857.8854839435
1157585.2495869552
1220890.716621319
1147834.8635873245
1203678.7895157412
1308958.6260313941
1521601.9811290011
1432440.947227403
1492426.8637750526
1488194.4817503283
1395196.7460178325
1261144.0973602864
1244918.3038156216
1173527.6006722765
1096789.362013269
1124641.5979017061
1156885.145625926
1317807.649478352
1252922.3584743915
1335782.127077612
1428786.1935493906
1319800.7995568884
1366540.8676711393
1514406.2175169548
1357369.210926937
1291152.848044617
1483872.5758304042
1543143.1383050466
1403512.9280660735
1331024.6198789387
1321742.1432270044
1373816.4732423937
1559511.9865506836
1499282.48852941
1433645.9663034072
1544628.5975838054
1398501.322970962
1436130.045861375
1430885.1412587669
1393727.1075409232
1404081.4891115238
1413246.1201000751
1391219.015867643
1464263.660009336
1530150.8288763305
1650608.9254687668
1567385.3877322674
1535175.248455826
1553693.895454848
1560900.1729524583
1481866.189919595
1547865.6239888314
1561295.590567287
1555146.7928073148
1586575.565852318
1763506.1049559796
1660044.1494015318
1662661.739606495
1613688.3838527796
1708579.7681140024
1666904.498434274
1880222.889854974
1919250.7346930206
1805739.7521695716
1603662.482064459
1549502.991575388
1764231.1240776675
1615195.028222496
1595462.7809809572
1444067.3535958063
1450045.4449097817
1354665.3135991027
1332913.3563430693
