1137388.8
1217639.5687064603
1101328.6025274156
1134626.4477597564
1170178.8302746096
1263675.2532372565
1398675.5751313255
1270045.6970083322
1138253.875384279
1088839.8639994212
1080481.6658061342
1088060.6756834146
1121626.4976021291
1079253.208289434
1059773.316634742
1084873.519481747
1124185.4223020128
1150788.117807347
1098092.7294820703
1159451.0939862242
1112430.143479055
1168567.7368330476
1190109.6708104804
1195446.6233761054
1288197.779874669
1139220.266210027
1186710.8887530658
1087134.8871331317
1009957.4914567794
950758.4820240928
985142.0392829576
987499.5835496386
1124686.5629519692
1063090.1160887764
971345.1475779742
856538.8315754348
788439.1821205089
818084.5462990509
751939.4475683209
794615.6023873759
659391.2739720079
646338.3407994838
639744.6263403443
700794.5439800045
673615.567754054
692245.0187613447
653833.5915674472
621681.7010871015
647348.9055368599
718888.6335234862
645713.0461684784
553646.241689271
568532.5716228212
648297.0327810554
640936.9092589793
572428.0554439712
585583.8157617026
634370.4324092845
624567.4786848251
613089.0282490891
646174.5613429352
603917.1153025494
531252.5977269702
548404.3979348141
597698.5145372672
642101.6074710203
638913.9166124383
712005.4957704266
729725.2307668285
752831.7541096985
827230.0550278967
771278.8267117029
782288.7878314721
869804.0472834255
871755.8896936976
812074.1064717756
819719.3339815696
802785.5862006585
845029.046850061
900809.2213943087
958222.8960349349
892774.9817984126
765600.457006362
886715.7821436943
940565.0032949394
914777.4344421804
886479.1206773474
918540.9879243239
955792.6066631783
964750.0379496977
877606.9725213794
908113.3622374571
937751.5674923683
975929.8296723536
918382.6316349343
856434.173412739
817830.667208162
759123.957812983
723073.3605732912
777667.7011950661
899556.4973296996
962209.8297781256
950780.3379934687
906428.9500969108
905468.096028478
937840.5448507548
1023405.753274244
935353.8006312851
900750.7541194449
746199.7510060229
778459.6575263274
1137388.8
1138597.9723557583
1149940.4593798416
1203239.4645628347
1281708.008882072
1320595.1237126247
1400984.530702634
1394784.4222514408
1231942.5829764511
1276502.249933387
1125422.3181427303
1146474.3469996147
1085464.2272718297
1050473.0281281343
1082462.526591761
1082359.8062312899
1134330.6988470408
1235754.495309025
1205203.2821500078
1394628.9890605162
1492048.1039709118
1485052.922984283
1369707.0065427471
1407165.9879351512
1332987.3671625021
1327298.8885900564
1267188.702798589
1523243.2679369808
1460842.614998183
1657525.600459501
1679347.212347777
1586883.7098711035
1741128.788906436
1784255.0488057644
1557254.477907114
1426737.352885426
1567620.2310749502
1568711.4046605583
1538408.45969174
1606683.0410597674
1310290.1565094597
1224168.693934503
1191632.2230621837
1123889.5324653385
1323267.9674699856
1253704.1619359674
1188160.8094510678
1156645.7533950135
1051234.718451084
1093134.0365248607
1297615.274525587
1235779.36879553
1107599.753972351
1131161.2674519694
1029028.5287313635
913562.9812644946
940747.7739570693
943000.0973018968
1086968.5787858537
1126722.8550053064
1235263.6402408336
1186971.711374881
1216245.7383531742
1275933.5041054273
1235552.1456571813
1260243.759187025
1406759.647982608
1484501.4442287756
1543738.3173130685
1511842.258830686
1586252.730837823
1691191.3689158005
1803592.5568029569
1746013.3644727038
1705413.9838371768
1578283.0827264823
1566437.4387529108
1649877.9433262334
1622574.611823914
1727412.972602089
1746032.8040231287
1797350.5391406096
1867958.2239684705
1835932.477432219
1783493.9421261267
1692310.8259653377
1692777.2659345027
1887651.7639243952
1709846.1719733255
1841931.1736869132
1882939.107047173
1724584.419499679
1564861.0394282257
1642549.191590452
1627303.3203785322
1815576.6220768064
1997931.4456362003
2130704.0799865364
2030530.8291311339
1900859.0977619844
2058373.878577723
1871562.5380169055
1568766.4778307844
1663255.6623686485
1615520.542310073
1856595.0484127456
2050100.942916844
2094676.2608227006
2227047.0764824585
2565187.811418963
2846981.1918657916
