1137388.8
1122653.0230722504
1084522.973049771
1040559.4859733923
1207638.6800906663
1144755.3817853918
1218899.8521083966
1276097.0944643246
1285413.7846655357
1256169.372532624
1275435.0587323266
1261305.9395208252
1327235.8017585606
1202643.3663388307
1173704.6363108596
1539371.7327940115
1491865.2925896451
1723523.4811989565
1800318.4800528497
1702404.7870324443
1616704.6549894917
1730594.0497159471
1755714.7397704783
1892202.681368299
1980476.0807511036
2101768.1278974763
1996827.2071632927
1674986.2203294015
1727110.4883653237
1692546.7880341867
1466640.4609712525
1519123.6149522327
1788653.9067466662
1807392.4849083384
1903198.5736768334
2095270.4765926728
2051041.3449517055
1999258.320736175
1892776.284366906
2041162.408341119
2088467.0621826532
2074734.029621324
1820253.1712974375
1658338.609406771
1630179.154643855
1873563.0528010193
1662911.5035446708
1642609.704901757
1633260.5176049583
1583384.3502750176
1793943.796435675
1828538.7654229645
1805640.1696624614
1745376.7611112348
1651161.8052064993
1567542.7416271959
1670251.7248871478
1782419.1239980394
1924265.9128624718
1999127.455673523
2105540.421699184
2320239.6087519582
2189905.2863966264
2409922.8946087314
2320537.5701334802
2221324.683123896
2050743.3246819444
1930383.2060669244
1944752.45847702
2003649.7909504888
1923194.8473993645
2007129.5997288597
2194941.064012972
2283842.8443441577
2175814.5347311306
2459841.313449029
2249266.0998598407
2634230.250791173
2616660.8033543695
2864701.4974509343
2721857.216199117
2326356.455017617
2269181.4300402743
2097262.6394804656
2224118.3000869406
2057069.3915244907
1993642.7231180884
1927056.5837679023
2003343.9469850536
2160552.456817325
2361485.702299249
2440429.7782532363
2538517.0377963954
2615194.2861231365
2810283.044238974
2560858.019101995
2471164.099072816
2497821.9889130164
2728210.972548792
2783492.6517994446
2791122.2651460865
2914431.7252103044
2709130.9516602526
2884628.552560631
3327688.5914063817
3550015.9043585192
3497502.7675358322
3588123.852739137
3456186.1298594074
3704346.237183036
3922096.8154705088
1137388.8
1132630.3988943028
1094945.0839441537
1018937.1836913247
983029.0173375183
875372.2420254971
925499.2879697727
955580.9743590261
941249.5621755074
795747.5211652198
850947.3455113631
847672.9791658347
909350.1802321076
938906.6578685391
841468.6263076554
822850.5868776722
813168.8183628934
838347.9395997549
922406.5400890422
1047548.1658798541
1076834.8716944007
1130342.0495001948
1249471.8382521162
1204502.0238985138
1263272.038426739
1215256.7094884634
1255250.121144417
1310372.3883556046
1223196.7274156113
1135097.0884638068
1110644.5769535631
1129803.4397702147
1076755.8184863124
1192283.4559898367
1261397.0365419162
1156126.835834235
1115696.9435031689
923925.1505181023
1045939.2212780677
1034745.0527352858
1145201.340333042
1062026.2491726938
864320.3023086565
846154.4035256405
973522.58384183
984598.3416846065
942572.9074545542
916450.3801396509
942665.6626383245
849940.599930787
884049.5061939682
925662.2170803135
838325.3362512293
819713.022281003
928391.2792789461
975115.8256636851
934338.8370794518
909116.0903199539
958724.9012129189
1063910.2027912678
974338.9935009287
1072825.5691014994
1017731.2112018142
1048790.0639884935
895721.1062427332
878251.9294302113
836477.6434542446
859930.0450034256
873469.0260058711
923045.0926070764
943143.6204700691
1011340.8636145914
949717.3201192332
1047904.3608210754
949450.910561846
947542.4741841152
916046.1455249031
870681.6893729978
977197.1749054358
1036153.9396902262
1074120.360246115
1228272.699074637
1358404.7209801166
1185611.0129388287
1007851.208769398
990332.8716442228
1157004.6199336292
1116527.4195197187
1106423.4223405165
1295717.2845461112
1206231.4963600724
1379735.652052583
1255747.7431422682
1391721.8177117838
1427905.810680663
1346278.468785166
1373183.1894519425
1239483.7670859878
1314898.6040878606
1260070.5908380093
1330639.2223901742
1270734.4371627395
1226258.1348174855
1228316.89254791
1236060.9324158821
1095578.9010600382
1061879.623473183
1042759.2386961494
990960.1764348015
1009194.140668254
910383.0460025053
