1137388.8
1153710.7187093047
1358734.8262841469
1505756.7814409444
1590618.9114785022
1597818.7584124203
1635841.669019022
1656784.5443411544
1875223.1083267792
2167071.430578278
1921783.8705377332
1746897.6800980053
1593991.7096086398
1763891.173049832
1735862.3635462502
1873706.8082729874
1809646.1045543489
2016800.916498414
1873186.0655887304
1890723.5039239568
1870102.827532233
2124182.036862472
1997758.863865773
2122842.890216829
2183715.736225707
2084857.7251642018
2089020.5238808335
2076786.1904526707
1827919.2267890773
1840405.6067401883
1729782.975640679
1637226.710853845
1550221.428974855
1520781.6391145403
1421475.6649846965
1433389.3801184776
1449230.7539972821
1550032.8810229062
1399705.3714183955
1492035.1422266348
1414311.1843782405
1617341.7174963148
1495201.7611365023
1360904.4816203078
1302548.6378315534
1237705.2465975129
1222285.0480564823
1233412.9375316487
1235668.5653073725
1287603.960145648
1415218.739263339
1376520.8938450953
1181375.7633504039
1313919.4830972624
1266841.2354788252
1283206.129692099
1357213.8937038302
1310124.1967310729
1357739.9174035261
1387908.6824431818
1311668.1192455466
1288697.9603366824
1301244.2271182
1390788.7397474742
1207172.5667714688
1225132.014280215
1134780.1921771846
1241066.3308592776
1203078.4575417712
1124895.2870805853
1041709.3051157659
973613.3683940176
907009.1871799353
855688.0290681114
683227.6898780785
684816.6407151725
676892.4157043103
688743.9127931752
664633.7632929091
700322.6948114105
743051.4691828248
725831.1928164964
678359.3407135296
683570.1172038593
732697.1311170871
720744.4549103539
755482.5900901406
794769.7627119279
817005.8257192412
834568.2952086783
838410.7893957185
820133.0822489605
767082.5940064978
775627.0962735257
776165.8275094663
940114.6078744795
938376.860930488
872104.9828156161
846669.1097081479
731353.4409905771
722275.9303924078
789711.4202490187
817601.9783400975
800741.3482247674
760712.8226573782
722994.99530778
753599.1919575194
668674.3751093511
633507.2078755933
545145.0274145565
526758.9820273014
1137388.8
1185824.5992121175
1155223.5208235884
1228497.2560922124
1176507.984743198
1155515.0407589108
1182578.319693953
1055837.5733463268
975449.6715827056
1042237.5227840302
916810.5818017825
990247.4279028455
1082495.3877874222
1009111.7388756822
1198940.7691610844
1126353.87254578
1040584.4045752803
1252078.6078527349
1241205.6169340631
1185936.1010933567
1275186.7492746045
1244460.6352118857
1332181.1312649066
1347382.6579074028
1499028.2046487008
1603233.8977995059
1636550.4221323202
1816552.5663382995
1830205.4162263104
1640142.0073251876
1595181.8397660886
1612543.5650777672
1475738.0208644073
1448137.924917475
1518812.041585851
1486320.8100690353
1327464.0854367153
1281278.6155804119
1338508.6526323443
1356786.1565606557
1365394.172388352
1400108.511677248
1316275.080544782
1426336.1566534005
1473063.2119077581
1530096.1737850965
1467308.878189089
1498219.2129924337
1598075.7277089483
1753991.7197560645
1741617.7605763597
1849112.1554944136
2140507.644512505
2029226.4476095077
2140807.4912455636
2355042.5151606826
2497467.9662680696
2423903.7260250915
3037428.343314653
3290938.4798132493
3183793.3293933356
3054326.553774417
2737855.976952467
2700890.9089291445
2953907.6406632415
2809474.5027428446
2763203.4282657183
2750791.409302054
2690629.2166049895
2410569.6159576443
2492815.302630294
2055387.040238156
2268802.941856347
2348235.637577831
2642366.129353631
2588685.5043683155
2455062.190379645
2246224.5361439837
2623283.024013776
2470588.5498628397
2342550.120789487
2470957.291160219
2327797.919974228
2304550.2056034
2277263.716858273
2179590.7855762155
2098452.189255329
2145008.894092267
2045645.1626124817
2189461.459199897
2330953.367819239
2541890.9158282485
2573673.0648085633
2593110.3272758075
2818720.284170507
2821392.173399097
3052790.7209411594
2996202.821545574
3167711.3651787997
3337054.225815006
3021704.4173020376
3055266.255537704
3582397.966566714
3326981.8820570954
3649747.469531941
3466648.3621363877
3411398.667071949
3922315.3570316336
3910416.9290208593
3848452.4729698384
3733903.613998537
