1137388.8
1073336.9088158247
997128.5428556916
949501.8581988951
841217.3954708343
822571.4393026618
813031.2016044182
826888.0248058042
786978.87556401
728243.8465714357
717488.4811529279
753678.1961345269
730154.7850420448
695402.9464599057
738424.3540732891
709638.9619710024
667750.0566051082
700171.4495772715
704857.0896888567
739268.3371470692
838684.8796284009
918475.7680193003
884007.1827307496
895935.5504578847
897999.3476338491
968471.3040334068
957906.3942415093
890527.2455516949
818602.6376990643
666166.8792483311
690835.8656393158
698340.0289899706
732164.9800224201
759196.6592425206
835101.3430420816
785385.0129938279
687026.1549036939
560618.2896312407
662151.9871811642
618686.9163948596
608115.4514841964
628387.1046061694
595135.797664323
597191.7032245735
490301.48221581435
448456.91843923385
438194.41301567823
434422.60243180057
471613.1469281744
501714.5828513449
551742.794612277
518530.6899890331
472108.3775936081
463008.0389706941
476121.2343238891
477463.7428031314
491548.5310415659
494601.6576299208
523975.51033268747
542567.2546680393
585920.128595738
530052.5371474709
537943.888208173
530021.4516216931
519517.3264702057
578640.2601025495
615206.5401608655
521878.754658852
556070.2469255334
540058.7403462295
619018.3340672022
648199.150924636
535116.8469485019
489978.95231460326
458367.0296311809
418391.8105627092
425746.2902251726
438030.8799104159
456529.63030385075
420859.57878239173
395050.970575037
374294.7592534024
440455.6543963043
415771.9526771466
414451.7400847632
418952.93715303316
429844.67662910087
429045.9478592243
436521.34338621865
449069.4506069154
435915.35756014916
423646.6118639637
381458.9572913343
426915.5667186028
426522.57863804454
489168.07044003776
525487.4564771244
496374.09446360753
502828.5430796398
490415.8451242067
474727.72020067467
503344.0385208449
476122.56455848005
423880.7379541303
405383.7784273597
376961.3296812864
367469.97463641997
374505.5459883374
358301.310507818
327204.0466520692
327346.33947539754
1137388.8
1241929.7047425918
1170513.2875209057
1042635.3191339622
982373.2988112663
1023139.5987049266
1012314.767735107
890744.9675386432
816065.4999343678
705082.7295618281
637113.6612346935
562560.746052163
578616.8678763626
602623.4351476614
597115.4464029988
598890.295747828
680240.2465192658
643368.4800351108
645396.0785893966
619064.0495761256
691690.4959805442
710004.478720468
758293.2141564242
761019.6042910431
783770.7026471379
821057.8578108975
831621.0861439344
797171.8792536051
815389.9045973707
800680.5099735337
862380.7480087826
906148.9683215582
889764.6730821875
883690.1199587464
958412.7295286142
913972.9802842513
815761.1697879597
853351.9641818489
949814.1764268964
995767.708070799
978218.4964346447
905286.056513482
999573.4140790933
1086439.2824505921
1130601.0853232397
1117466.7601952665
1095128.8320366275
1068506.3270124542
1005943.3349930667
1080104.2750299561
1190612.2385682266
1258814.7313180214
1200655.0395823566
1410783.1001453649
1421810.0883304556
1387121.0326264435
1606139.897401597
1810611.2840474702
1859476.5731845538
1860574.6485889088
2058826.0349221898
1996022.629183401
1960893.1653906887
1949061.2682792728
1992230.5707443638
1956148.6920021712
1972379.825097646
2018793.215851465
2096970.0520866737
2081201.3768157484
1920648.97949219
1837912.5277663863
1629999.2635718964
1805003.5766328324
1793065.0730183972
1955269.0826375699
1911844.977004186
1829540.0512392693
1950770.7256354718
2106525.853146861
2056142.8647259611
2186186.3418774507
2294489.9101973777
2588364.1003344744
2653056.5748597574
2690611.5953114065
2323126.593265524
2369206.592211578
2593993.529993213
2386983.792172952
2190869.693849208
2263404.6094384803
2367257.0120070004
2238004.986990298
2256725.5965529536
2086376.2749336013
1946596.2346384223
2013879.8181204663
1898705.629985908
1723680.971622314
1756795.8676631213
1777755.5214938219
1831126.714645122
1938081.0123104332
1720689.719360187
1849958.1663682023
1808044.5966969328
2091206.1246264959
1918591.7447676286
1710227.2010070176
1729112.527131767
