1137388.8
1192907.7880821705
1109425.4250410427
1072746.0140780124
1257554.1704309825
1373818.7533053395
1485394.58033741
1456554.012235651
1489759.7825243
1524330.518478445
1634796.300182771
1518994.9160751568
1516362.8008953687
1607090.9076880242
1504170.675274122
1614598.9463548337
1739556.065847383
1810878.0526071475
1776669.8409773791
1820401.8922333722
1666791.0074215366
1767666.300529015
1757625.218670488
1815734.0302472473
1892980.4337418242
1970789.5663889532
1732892.4296921298
1727119.9746179786
1627615.4558198852
1554001.8467820543
1439013.5000528886
1336350.465351101
1425146.3890557014
1477852.0125710652
1293635.2229443765
1382864.0777418043
1568568.1473274594
1493442.7808232352
1358155.5487450263
1407884.440281609
1257632.2628494226
1187474.4026325985
1237710.7154149148
1321483.8017631348
1259531.296096252
1207740.1028651276
956779.9543017609
851955.2504003929
826712.8700752673
793079.457060369
787835.4201317442
779411.7854626407
812300.6553519709
805765.4849504685
763015.9184575916
757949.1105856388
695567.4422329967
789590.6281155769
721915.9735540634
800993.3612765435
762326.152848455
705286.18695151
688239.7386320704
663925.3711790867
632736.9988319109
546493.0402189884
569839.583761896
548650.4427626333
582384.2528039905
656609.224002482
683397.842534032
682966.0332153371
769357.0235335599
769991.5955238126
836487.4858948535
720531.2735389243
727924.8684839223
732453.2057864361
695909.3714543685
637627.0991088749
656226.0397737037
693609.7710304788
701840.2510514238
744692.2353312494
770397.9161284331
782219.3280367998
832115.7793075324
708673.096598327
685226.8948311579
688602.5949984957
729846.7620495749
656810.7852111565
751360.7972431772
817580.9884154004
880152.8274618952
910594.3306164845
1023690.545418006
1063771.1343863625
1001551.9098659641
1072547.2043334304
1049130.4764182768
1181855.9963693602
1084726.2966789873
1149672.4875247744
1222328.812664594
1248944.282485983
1347257.3211098823
1246797.0268571258
1147490.0689812682
1210100.3871117365
1218791.3083811437
1137388.8
1221467.1438552577
1195170.3210322864
1127436.9620609162
1220087.9550105673
1248207.7760194188
1343594.2413952104
1238248.3687904612
1183439.8597385404
1007874.2758456515
1042861.6525294338
1258327.9904311642
1212694.75221749
1318077.1266875383
1300340.2290204992
1326156.4494936552
1455695.1151827462
1417600.4246622988
1485707.7695163507
1514896.690256754
1665380.020769602
1611150.0234705615
1824516.5576938153
1895217.6027070107
2054379.4499178221
1764824.964605041
1938023.868037925
2082370.2462741146
2154109.1443505175
2167401.4428482517
2305783.303701416
2311264.5272367154
2027380.8664739924
1857561.4806710063
1941335.437021763
1830478.1959106722
1779313.7044251687
1746490.8367832582
1864910.1051210691
1890423.218261662
1960540.5363859953
1842209.7312583725
2011306.6701746373
2164921.988896989
2396443.326968252
2650002.742919517
2546878.590139689
2573761.1405679304
2684388.602519038
2527981.2141913483
2684030.00842585
2508998.187619284
2713411.089304473
2961427.392393333
2966493.325682992
2787263.9196024216
2947965.3804819044
2865344.2857640744
3075299.749502604
3047637.5741217
2951695.6456524953
2858265.8859795076
2723188.215583939
2670504.2070615906
2777507.9362250776
2674367.5849042316
2564671.5931312605
2574770.0148816453
2938800.3745700996
2976599.7945423163
3037367.756135325
2743039.1076789554
2718358.5754327956
2509261.36423812
2439209.714761801
3003578.833620376
3162312.33793969
3384098.2261711815
3517605.7701092702
3708452.559418445
3595007.333200921
4002010.669535051
4215684.22116392
4244974.561413401
3944266.6451850305
3457417.754818583
3489841.5429122625
3343562.013904709
3325285.239479799
3080308.5315144695
3196321.3484548465
3361274.1503768736
3505870.9659111276
3558593.9843194922
3184977.9844372333
3352812.3213225706
3241006.9250735086
3162298.3044560603
2991251.718686651
2602922.2187856557
2976551.243389066
2798746.4229163704
2946582.3031702987
3079466.536901959
3104626.9667992056
2981088.798806091
2979575.9788581394
2949073.149999934
2965671.748741727
2970017.634515928
2996518.220687455
