1137388.8
1175810.412047089
1106893.5805049473
1081213.8548879544
1189784.020757532
1084055.3172900109
1127987.5842352156
1154071.1857804994
1215735.0413588076
1273416.8438541498
1334948.8146239708
1424534.6103838955
1346652.5919483583
1426111.169051828
1475496.8601645285
1580172.5017707155
1671905.746028039
1409573.9627675288
1396755.067246992
1523861.3420767456
1651788.2705695552
1566936.5956040085
1611590.47172937
1533350.6982048838
1538479.6025242324
1682857.6034052244
1634773.4146507087
1583575.5908702307
1455130.2243078116
1381279.0921895234
1519357.7182968182
1440727.6822235961
1706805.5485700045
1749717.8569516183
1679031.0219292773
1657739.350229055
1528859.9791920392
1620016.3503836484
1403824.1064148683
1476664.6461331358
1388133.5707730192
1378952.7743659036
1419640.8222359547
1375044.2436943045
1278518.633514938
1210041.1343047153
1119294.7698567472
1183303.827883735
1268374.7555350563
1247344.0439691232
1204824.4101072303
1094121.5915027729
1053703.5912089823
966951.2214707036
1058217.8513365088
1063612.83073924
1057547.0882866934
1182383.5221523778
1349974.6008494957
1276685.9738058893
1288224.4649056373
1257781.8578864809
1177218.1005536255
1164696.6673029251
1199608.8156822582
1363744.323847838
1349563.4772138565
1424321.756034337
1552074.4373533865
1523661.2034139822
1378221.5541779918
1479791.3134899468
1600678.582252789
1609559.0383004192
1615443.4644842162
1599356.957990942
1583019.3243406957
1503120.9007290723
1712191.6415635461
1687404.0238358928
1422444.5731897475
1320256.7324735026
1270138.3847087647
1243875.7651943173
1430759.0507360513
1386597.0036173048
1522537.4776378798
1578024.1013488325
1625464.308470984
1907450.2745625598
1824713.3685945494
1866579.2609004409
1962093.908588216
2039332.947326397
2298629.8270895267
2215911.3119311794
2177988.430506801
2350281.8094769744
2728320.6166816177
2620286.4517170456
2800832.92930153
2590814.1265473487
2435579.063697261
2532734.8394797035
2589882.189430693
2662069.5811145534
2596173.064979523
2653871.7660105946
2916140.6592194242
2793116.15684658
2435518.227649498
1137388.8
1048605.012396034
1103571.8968494385
1186647.451079503
1255600.0653660847
1331096.7363085072
1148464.311385837
1195373.7304716702
1139190.09599281
1172469.2537623157
1196084.1970488809
1259219.637348082
1444110.1559391858
1420700.7492567531
1411750.0136025941
1404346.670642856
1329526.9671386639
1242478.0509655345
1456339.6287361912
1445608.6818456366
1450547.061623469
1339277.146830987
1293597.1973109005
1424118.0126608303
1576356.0398402363
1578004.3692965258
1828425.0934184508
1954525.3012130626
2014552.540283706
2063587.7376037415
2098059.712991979
2056865.9338386168
2298474.724984467
2197062.5053585195
2394572.3446698952
2713710.039710252
2340743.3092247085
2590698.7297622333
2636549.215326546
2559103.2117337217
2746071.3363085273
2912781.5631302907
2859129.4004261075
2831061.6852031886
2867796.1833447195
2756604.9479749245
3022415.7373710615
2911910.8957608864
2324606.541879637
2435465.0115556247
2531389.110696039
2690854.343537677
2451278.5741636455
2121292.998896486
1793861.2468353326
1860988.3262445575
1762460.137344368
1739135.7254579016
1785279.3517618729
1706880.769311351
1834355.3014547739
2034435.4109308848
2043818.403587587
2155473.0359167205
2295682.8711637906
2606201.2900891416
2323703.352244874
2110998.349798739
1834439.8185216144
1819115.1040301786
1555990.3468845347
1526086.6086956216
1575496.918044826
1677404.1918876572
1615504.364324612
1474494.5999706718
1465949.8788755042
1319919.1403434996
1222263.3588806777
1215850.6077070762
1143273.6260891496
1235554.1622904197
1149398.0242659969
1136995.90154856
1222019.977291144
1273289.5538660067
1375775.649343066
1392311.9006168414
1378539.818182235
1367965.9510825896
1280101.5129968799
1436640.0396400336
1386993.8185630061
1348077.9780059601
1310826.3086511758
1198287.6929203314
1309450.8415478943
1186271.8075253027
1130498.8109208506
1066852.7489545268
1175940.848663658
1083678.3411197916
1205442.2321994489
1039783.3878765756
1108244.2112270487
1111522.003901094
1186925.1015422752
1008494.2455918569
911489.8357552562
1018608.5086289067
1211366.2527090083
