1137388.8
1192779.7105221832
1477833.4848782984
1414907.9615707516
1338469.7977217215
1385184.4733602651
1564759.246175986
1427761.3188609928
1275770.4678400888
1364863.8309208013
1454038.8566528673
1463015.8582872467
1440272.4581181454
1495162.929566828
1380559.88443723
1407957.4134185852
1587925.0448541883
1633542.6358708905
1667813.7117928856
1601576.3783687493
1576273.9888977928
1666459.503884485
1705267.7202298795
1605493.8933319196
1655236.776542402
1687415.0640155517
1930225.8941140943
1826971.2414762017
1862260.9670847245
1938726.3387036389
1712692.0148564442
1698250.2515400467
1667681.2174606123
1629234.3004616846
1664617.4120351486
1646122.0064261602
1758163.704686854
1789856.0688389973
2022546.278444785
1884011.9928808003
2008810.3080237869
1884080.116686354
1966644.7370249473
1709434.5134335
1617660.7577414734
1624143.8054237752
1450680.9843516767
1477506.0895570898
1595097.0503500612
1444293.1060604833
1485760.1914771507
1284201.3439646491
1263852.308591951
1266861.6512091656
1531027.8606586042
1282554.116219515
1490714.5498112028
1459316.2303022053
1482866.7091049647
1507153.1491645821
1444138.955225022
1370835.6836421618
1341929.132719324
1320877.1112225442
1455088.3532196865
1367795.1488465394
1369476.5304874612
1519179.6114385973
1852749.638640049
1805196.7943759372
1885165.7411610046
2015962.708857684
2018192.3078702353
1913435.2233193724
2001032.861642288
2178242.948473013
2083862.4747575
2199833.7776482613
2146317.4539084607
2148400.5774074295
2048976.8666221858
2062021.2325595291
2158706.1473932066
2232458.5896251267
2350086.324108398
2327293.663519274
2252273.811852837
2360913.0880131247
2339837.096406584
2610744.785295458
2715860.1332186223
2988082.110561343
2834320.2479115147
2561713.551015126
2735382.9219539296
2695004.9891146305
2411732.5499164523
2660973.7972900225
2798048.6313089677
2584397.7660147417
2300285.188385617
2343439.857282131
2415766.758446182
2293323.2735942653
2166284.3262600848
2145616.217225737
2277055.8415419715
2405065.189379252
2537364.5095101306
2776920.0280107833
2764153.935261159
1137388.8
1122435.992470798
1110401.2713841114
990856.3589296845
981025.8103739274
1051676.8680378646
1121096.5426436416
1343785.6672471259
1488251.9259775954
1637048.6057387714
1631368.9759319702
1542131.7712279405
1640206.5259479652
1778243.2907373698
1376286.5025373076
1404964.0476745795
1379678.423527481
1408079.0953092834
1523284.8980175036
1637688.5545778018
1627047.0967718968
1620910.786663253
1620926.5796475701
1532635.8876087605
1423080.7310954195
1244771.2358157416
1270679.7392868944
1595493.3120621012
1503544.7902303352
1491782.789658756
1333096.5889875009
1329427.6535650939
1149071.22526941
1148043.092307503
1178841.2855420439
1072772.4781329385
1008499.3869902067
1036547.9396166399
926628.0675153632
910034.8915237874
934524.534261125
895489.6673443393
968417.6731079953
915247.7710154776
862756.1509300214
815085.9095627825
839975.9454082972
802439.3203627376
808825.1728673229
833206.0726599967
754694.102913537
746288.3718026369
785085.9749095421
689523.2936902015
686660.0185371018
724423.6323140077
698632.245044233
657517.6380181088
727005.7263258579
664218.9648153312
664877.0836735171
724254.6421991629
759717.7161869219
843041.1383196398
825103.7508630544
887602.380690111
839567.8435760505
932427.2214018384
881564.1823069635
887054.4369491718
939432.3090213579
902027.2860555033
894916.6777387382
802719.66153143
789508.2663112321
879642.6903754247
724593.0674971165
816938.4594902928
819830.9963671642
882168.1771896007
835941.7834927256
798592.1708397403
708587.4826038374
744849.4286371883
718884.7080389826
716534.516916356
751503.7346014128
769994.7608948722
772286.6483305226
768849.8332416234
809435.1463416168
803455.7260453041
803069.6499435682
818652.920914707
729455.9329030082
741051.5180007674
732117.8965135574
686635.1884194544
881753.2984114123
920876.0200045308
801079.0134996559
894794.697864095
888857.01686013
968637.8266788261
934914.0146941275
929493.649158928
985197.6210588526
948542.0217955014
890800.3443503873
893732.9079860863
968750.6299355809
