1137388.8
1087305.0147410028
1071621.2605422596
1175584.3327751528
1181191.217826067
1251092.2852928357
1247410.9030964966
1189459.8434481751
1194640.11827558
1088104.1332765485
989251.7325026037
1064540.6874119588
981485.4424896673
1056078.7567178647
1028461.0994794999
944472.0611002361
934384.2798536422
924566.5877348568
864635.5965687748
874316.0661372108
891156.9227548992
857163.1065681264
850527.0307631247
830889.0535822561
739891.5805856731
729329.9139486055
827457.9272332204
773573.156084114
830425.1039123836
838053.050793277
752628.7595629761
788879.5082289835
786120.7227261998
775471.134597871
751209.5301372319
789510.1345092366
713741.3288207073
691981.0793661824
682420.1334495113
675219.2679381296
667275.4871694266
675256.4163098672
736825.0577838168
721794.4372612674
784342.8771722339
891706.1427707078
941315.80021571
928238.0026350822
925896.3837901088
826243.4812449801
930804.3167436151
1025576.3792484776
952830.877489713
988249.1255909037
906948.3699645429
928237.0676884333
905789.3320637734
847729.7565573729
968707.9721163993
979318.7411265624
906143.9157277511
963703.0235075515
976648.4175441896
959666.5390091916
1014272.1654156075
1047645.1358810016
898243.0909568263
950168.3014703895
855666.2929689802
741166.970338209
751992.1517087317
834553.7236156272
873885.0721968377
828255.442160443
835248.210968501
896568.2550342543
866094.1672089313
959009.0163822032
796123.5277791109
758083.898186154
730590.9467215559
734838.1417214032
646455.8073194801
585990.492970228
634421.6659381632
606468.3220691785
608152.1282601601
602136.4716756012
622438.94440817
597692.3570654688
610779.8654224742
612825.193872484
577746.9547104059
583269.118334846
581942.3621927955
639371.0316809333
626962.008294963
718133.3670540331
793471.1816446533
696692.6100362595
696169.9908311346
641442.0076040076
738740.2687278069
689045.8155639309
750117.6678539393
742386.1361240447
818458.0466151539
909894.3779237127
854700.2967395614
852128.1947262717
919561.486933945
1137388.8
1076713.0261774173
1118780.80351279
1044701.841914809
1044748.3931685375
1074882.137524692
1002093.4751603832
1025192.2280176352
903153.0445888113
949708.1244981112
1063928.6950631025
993310.0690805679
1034435.8527019101
1034480.1415525195
975009.1967958788
969151.535555659
897992.0571992726
858324.5591875481
797551.7312276124
764013.5545057844
837947.4427027578
910101.6862724513
961572.910069844
1028467.8240750125
1007160.7766918255
918162.0376625813
892997.666491014
949985.899647639
971183.5157890898
859363.6799726867
866511.4947047745
861396.8059086766
843824.5536069372
781629.6222311979
855481.7973430883
918857.9610319202
857131.762414857
753388.7229326188
788842.0386354986
730135.0152661307
722797.3515724574
701895.8958536052
761220.6833312927
745350.2195939096
818434.543244652
712457.5357533646
743533.1695017685
753292.5088761535
763030.9106561698
694024.6613182614
665634.4840670348
652066.0610769041
704939.5265117302
717697.1245745805
829301.3956512583
900161.6655381261
974202.0085862817
976653.6576571672
1080165.8268021434
1104884.7172325535
1024632.3622499127
1033941.7716577983
986045.6348240933
977916.337936448
1061111.6336984101
1129205.418227072
1204749.8167680306
1307531.859519516
1253752.5087161507
1255170.0112357738
1184430.1245235563
1343498.4143227504
1354062.4896337383
1302272.9548068272
1553383.803198288
1560813.0815121366
1558943.4682106096
1508508.2441479967
1797956.704575422
2074363.5579681422
2003004.2160700087
1931666.1892938123
1987827.904769093
1897280.7938024637
1778426.2520351352
1909758.9962537922
1965886.5859554496
2061634.3431285487
1995330.6301594782
1851188.276242019
1766356.2967581411
1624756.9601755654
1493305.9475834556
1615102.4040662425
1599027.2463075886
1609363.5231199453
1704257.057578608
1655897.5701826552
1397375.1521034793
1328840.2908885998
1292760.7379256228
1380836.7597370062
1408706.241937827
1379633.0844579153
1312554.957503371
1486396.251271254
1427627.3668329734
1520135.5782649869
1707079.9515678436
1403813.5988580564
1527161.4134077718
