1137388.8
1188819.3729082567
1041581.3005096318
1094705.6060955746
997437.3095136669
1061974.5703665137
1166551.3930010907
1119432.658440299
1164630.0666386876
1320141.6292707403
1311360.311815523
1292404.4206645712
1304677.7945888115
1347494.492141235
1410609.5612102535
1328750.5405946798
1302239.594303805
1282230.1307041347
1374852.40174862
1384659.6004567465
1420291.201994259
1268627.2744025507
1517508.911095756
1401503.7691987066
1382553.7468482824
1395771.9259457516
1441172.1382414496
1588546.2875630294
1662371.5857485954
1835793.0883944663
1754332.3957464297
1786020.885653303
1708478.260954167
1698825.4631898506
1640526.7794960944
1561616.1431868367
1629950.218081944
1468073.2439446272
1366079.470035592
1563976.7758738992
1518476.1377460435
1541515.4249130897
1776570.2684139258
1920705.7996517234
2011252.512470026
2082216.7158128785
2165794.3240852375
2217481.060479795
2221654.351064384
2144760.9323466197
2229191.0566840074
2227072.3410874875
2565856.108178244
3341937.3865004857
2968065.2538619135
3234288.1591926836
3032397.7349138926
3173594.477313738
3200076.849013674
3334639.5388940736
3025422.5477535003
3284173.3316320903
3349564.710401941
3239755.6932718973
2998950.9211745067
2820211.2123103244
2743180.259105725
2786918.2409133334
2561056.1824275926
2362435.541560522
2366681.4175934126
2456071.51997066
2531752.0434738183
2722843.763727637
2817377.463794534
2824589.798639795
2911615.3935761503
2856385.1323489007
2747538.8897079234
2794517.2699498227
2662950.2542447248
2661844.036556412
2486354.9221692197
2529413.4004108435
2641990.3554651504
2738034.2764991443
2660448.623495409
2822344.007913635
2425832.6312326416
2339743.359349239
2294340.1541023673
2199287.066763552
2284562.205352381
2237955.429304375
2013998.5312588545
1954924.6506812193
1864165.0704081764
1829991.4648562793
1925072.4537684787
1881892.463533108
1718993.9192427106
1729347.387460553
1870196.4789863392
1751148.0337726835
1688004.803348023
1703921.940417862
1466549.3995790763
1275764.1078167167
1428017.2139405725
1409875.7624434652
1307203.7043902988
1137388.8
1266062.1007708996
1282228.6319635236
1112157.6412133093
1092032.6503675494
1164589.6320698978
1122798.374969
1255702.4561680222
1249220.0408979303
1193261.4752705134
1130240.5118507652
1067920.9423478595
1040829.2177942492
1077079.8812376792
1040454.0381166199
997982.3117973405
1161016.6380511047
1233635.1211272709
1251841.907766228
1271190.796538041
1231236.4930736134
1171022.5366051446
1375184.2591637466
1290933.0354020204
1321933.56759609
1385261.604667
1476350.941636478
1450471.9802967242
1391826.8362223958
1306549.161255599
1471767.725613869
1578784.1208889266
1630240.406422234
1450374.9922098669
1586933.47519197
1643241.533412036
1533917.2322659998
1431662.1944925513
1433002.2784505822
1366001.4664944347
1741033.7811628315
2072652.7359827557
2093216.6525672367
2040545.6785860627
2023658.0801069667
1946572.2064344198
1986383.6576677724
1891424.8531705425
1850673.6012432522
1623327.1923013383
1618996.0615873185
1814372.961248694
1851976.3696170442
1885458.3586551389
2028990.4148635305
2011563.4287918943
1855634.1598103298
1694364.4579012122
1778998.0433273949
1876372.2862108902
1582595.5322120013
1520995.5436654727
1490959.5526964436
1547802.914932579
1503353.047996453
1490219.677112297
1673752.8287791065
1482226.2392819535
1515035.2645263418
1550853.6771573955
1534865.2490829607
1580682.0158920784
1670397.6848929883
1576311.911346882
1593532.5674918755
1544298.028516572
1541752.9825440974
1607226.4836998219
1519425.74398769
1661219.712895412
1565484.0189484013
1621637.1512699174
1630652.8897697332
1416111.5251670023
1375910.736146297
1409936.1463313722
1584351.7475821318
1659173.2038907292
1613977.8965151694
1637985.6194024635
1642153.584925929
1423898.8249723578
1478444.6360898963
1388344.9876824426
1459184.5176606067
1421997.2520115788
1385388.5834175898
1338996.4286678385
1306077.3700487174
1282456.4920139457
1207748.3515613957
1358731.476076644
1263417.6262837688
1272649.0489753794
1261805.2548338366
1234043.422979272
1176891.6120632454
1145814.4898299107
1126451.1133749972
1099089.8282146584
1136264.5058223945
