1137388.8
960723.8008111123
885537.820437667
871241.1016122111
875487.3857355141
919167.8088135975
1047347.316291931
1063600.210667635
1067411.6783407144
1070536.7442685356
924330.5167546789
953603.8741465191
904221.0572228292
809710.3193844251
951310.8294738802
927780.1185707086
727342.6954208774
748330.7816779253
664634.5490095114
650192.6033694062
625302.4532566614
617401.6310299486
632718.0379662588
654007.1086536006
711414.6692163805
629803.987959717
575602.677827376
612916.0446755881
598091.1779396122
578923.3800405505
569447.3755790105
589394.2777110784
607582.7596329338
594094.7069209057
529265.8777575203
543036.2322246489
497068.1725357337
509551.1847858579
522227.8339216232
474082.07118529646
491878.67781186773
497337.250453193
491560.6252611505
460031.70571819774
479788.9737200973
551728.5910591767
608911.6187027134
566732.6540712647
611362.4030388038
547587.2103967567
522275.3131572755
491800.1915477053
438717.6361145362
443227.61166077416
450036.1517912507
497679.7499461906
453208.6461517279
510509.994009768
498875.35751228925
454228.82328822045
380345.2177849564
362552.97992374987
374564.9492665008
370661.2174324629
429075.71285169665
441278.8065562013
439870.35377359565
506106.47704064206
560898.2549742151
528141.1924985424
530133.1228686917
542737.828373266
488640.7720306802
437056.946193121
424554.4941134025
392351.7540894189
396811.6471325693
432188.33692082606
460992.5417402121
457978.1829670751
444897.8832084542
409115.84281633084
420450.02592381544
448550.89176677226
430029.0049756481
456944.10798074125
472004.6611133211
451568.34516821604
375702.2587170905
376472.2219796997
318401.7709670258
331674.7502006415
342710.43998360506
340391.68641002185
348165.43404907937
299705.03912671685
319793.56681771093
318814.42801402876
311456.86379869806
296764.4565613945
296708.4969849242
308054.583410405
300148.4958567978
285207.6531201117
299256.5566820076
303789.0347492514
274113.0964161793
232964.92953894514
251775.9621854152
248273.98900074855
253253.31266278474
1137388.8
1224139.7350553914
1108266.1805330475
1206207.088787414
1385052.993182038
1585794.3050133816
1434342.5026464278
1405613.948581675
1319039.319002451
1386809.633450555
1392468.2741687617
1491609.0331596476
1725176.5667516964
1862264.6129967081
1955125.0253069631
1782962.691298279
1793525.340094559
1590637.3179940344
1473740.2861351178
1381309.7239912483
1169920.9042885548
1086799.9164921448
1102892.8808723227
1153840.397250911
1059356.766073039
1126654.6430171311
1182434.0144415097
1243180.793974143
1316027.6831767445
1111902.7407883764
1190022.0735934956
1197045.277055732
1208126.5726645952
1249475.0225697756
1308640.0746702892
1368627.5483693369
1462307.5742871708
1678588.8621567239
1644742.3488805697
1593868.3894819438
1617327.0311199215
1485086.4620951682
1425025.6973654153
1646601.1767302833
1670556.4373586464
1720000.2217293484
2055304.4875835394
2065969.6713743552
2220539.0250054663
2405522.4069471937
2354585.1757749803
2505226.101171604
2388374.921492552
2344262.727989881
2609493.1899894224
2548295.0465680314
2600963.138519987
2276429.8738627783
2205857.6797242863
2173208.7854655394
2068895.385711822
1959513.973294995
2054205.5947117468
1955999.962330683
2027729.9391078744
2099458.51245632
1998398.8546950382
1797499.216111301
1800314.1703579857
1870272.3845436506
1934805.7245604768
1824000.5180066288
1830970.9009797599
1899652.4351310234
1936266.6132893367
1853676.3009504236
1825161.728406471
1667974.2673436252
1813787.3894379428
2004027.7808831618
1873061.9189412356
1992493.1200791907
1873167.4328770684
1794563.7369287394
1876967.9721895575
1835603.2549190414
1792822.356268026
1780162.758932776
1846098.8307397487
1930500.2290066811
2183821.8790098587
2475723.575431765
2646805.499430859
2365766.6555599114
2662568.082747995
2893129.0662618214
2937764.1806774815
3068628.3753494564
2831051.7748287474
2663520.634389222
2518913.514387483
2297698.518097835
2365661.1222063773
2385226.0211771904
2207252.58213849
1964191.6687648497
1933907.7016603907
2058682.0492267518
1994651.1571743556
1951588.6876374194
2144658.617403603
