1137388.8
1114105.0097939598
1151466.5750196418
1180892.5332401786
1237133.4998928772
1127267.5485634399
1232300.2726836083
1223403.1504554576
1228366.7553420858
1348013.7130570968
1250613.9363031436
1218010.9839016965
1218646.166972056
1209049.4028455082
1451390.061798846
1545133.5778637142
1714963.472084399
1659739.080594866
1800755.603790421
1809902.7665118054
1877616.88601271
1816482.2850580534
1739289.0814419293
1720655.0700263013
1458605.4289007182
1525929.4356764902
1738247.0753372202
1845058.2037061155
2020516.6676781648
2297010.605079256
2052472.002158559
2197163.6016860674
2448037.2042199927
2538010.4800417335
2358180.3056476833
2398778.3965302594
2446046.970846756
2402547.1763274227
2324816.66428215
2036828.2755075234
2315415.9362740284
2460435.360464267
2207474.618872546
2210212.5025500646
2243659.14498974
2601738.4494354944
2790086.8390210746
2547563.871746606
2851056.591185714
2551937.842204211
2477806.383160563
2654445.765585214
2922162.911699159
2938407.8930291967
3465345.446474397
3455167.1961081773
3642686.0415202538
3757483.1739746425
3663967.861253693
3634255.2319063824
3475941.4050936727
3372243.3958649733
3154937.9378261496
3376484.9306665026
3371408.2075165194
3833761.120584723
3610245.707115642
3285713.5702287266
3261431.5283318073
3008485.476474236
3077581.025989438
3150064.1453352626
3281700.8523189216
3310193.70811199
3320872.4541801577
3566101.2022676053
3542179.489021584
3322202.895744787
3119422.8230167907
2981838.1190609466
2991685.8041028306
2778182.9815675267
3113857.430773585
3109432.5426250794
3039337.751555617
3311983.7033650884
3047517.8285148432
3152429.084635254
3015624.645996335
3166438.9948995374
3062700.760394675
2793486.8097657873
2608981.173162736
2632915.4637294197
3015603.74627581
2878185.42867736
2944342.841499074
2704609.7084950013
2704268.337155268
2796213.675431908
2738484.6697323155
2492375.474344312
2531056.5134773557
2553386.5761727267
2614153.8224840015
2853899.8897119923
2983806.1248270557
3330117.4698640658
3713041.2888171766
4040904.2904746975
4034226.6223972184
1137388.8
1130377.2061590722
1013645.5963920453
975578.4056260485
970147.7878012323
898981.7472502583
932886.4243547174
852448.5159076771
825283.3752431405
867999.8772924803
881331.6665766999
704743.3832722827
698527.4846611576
757161.0695129107
809094.2166814108
791841.361557777
783048.7307849693
792954.3352101251
861621.096124063
825195.1058513604
874793.3321296537
901248.0991058343
966974.6045563992
1053027.0844202975
1173933.4215943103
1097058.9987207176
1110270.6713123166
949958.8376675708
998228.2238813578
971126.230044562
990919.5434912328
1056665.192768646
1033179.1279051028
1094884.258400107
1069712.8541241616
1030436.6546419414
1029026.0403351433
952780.5192061078
1003002.1142235482
1013018.0639947166
939523.2833722222
869030.6549563945
858712.8071948402
853105.7879119039
810472.9872575112
874406.1171516716
850842.2210134027
948966.2811605042
991141.7150516148
1005455.973823079
1033077.817839825
1259895.7862099253
1266256.3369069425
1300617.9481825272
1338840.1397833852
1274409.831421103
1371976.629286738
1335546.3059332645
1326950.9037321568
1366088.6383633458
1381466.7156420455
1660320.2031069014
1501847.68483208
1387917.0120394109
1448077.3853610514
1339407.967517328
1504669.4428446929
1358870.658331571
1399907.5250807984
1554978.9051947726
1530272.223874936
1515315.5118359083
1456714.78135027
1464905.7479555246
1387786.1695666723
1410047.2961387846
1383339.6369228754
1478955.7878970925
1465900.6436015298
1445703.3102582474
1455759.7149685663
1616463.6932063838
1608561.998744234
1594144.4870699497
1491055.5993897375
1397604.333473831
1428724.4576039487
1336757.4375156916
1263517.5162677981
1232526.3135313997
1198978.903805451
1265708.4821852308
1335291.0771793434
1323255.2316511308
1351620.577828581
1262282.2492199033
1307015.561956147
1191482.7116142532
1208048.5139247417
1189348.630873373
1157746.9067996906
1133527.3362826435
1164208.6453515326
1230360.595347832
1227510.559954017
1261854.5416800089
1353790.8761481363
1392544.7853082614
1322224.7274722313
1366642.721105509
1443867.0656236142
