1137388.8
1242514.7797954546
1149732.7804033072
1126104.1677697091
1141501.1565920878
1101926.364876007
1046118.9992038377
1084167.672355433
1073553.2531084747
1113963.4988886644
1180410.4791066367
1231315.514882455
1120778.7677345402
1096160.0991767521
1096886.6947928006
1021431.2015421804
1045652.7010885751
1056457.7990455003
927532.2630634408
903432.8194841614
911944.247537042
938759.9955501247
930428.5079713083
864125.2956937418
939965.3577635123
895327.5454212757
1029519.2081054829
1015763.0837966696
977355.3091017355
931595.0737789702
935172.0832148741
911435.6158444867
978963.9434624433
993502.5580772528
989023.0325722464
954500.3951759038
997662.8898943582
955381.7488986775
942531.0308201452
978243.8449070223
930736.1552002463
984024.9604531445
1039479.1195712872
1122425.8817600075
979754.4140408738
992416.4667071284
1131666.5098174128
1210401.4921087355
1109165.774702608
990113.6335925902
942334.0594141185
886418.6194555626
831710.4206101754
856223.1793748832
904615.1892193912
1075075.2511762872
1131089.7052962626
1202780.7067396091
1223352.889391682
1254488.247679123
1338275.614821912
1479950.3342627487
1339230.2317593186
1460844.2135991205
1466660.8372045306
1141319.2732774743
1207532.0849227235
1101816.9054399426
1087510.021195022
1092241.1053397984
1046826.2222535433
943984.4632605711
923572.7932826442
1069418.476521223
1070768.002001481
967009.1599945648
943710.3836520575
933402.5038648939
993473.6250018242
1132828.6992108887
1138360.0614016217
1203300.2088261957
1168480.280567892
1255604.5988914988
1179248.923319128
1116204.730421148
1052838.459275066
1054728.7564577544
1137274.7607588503
1225249.9984024921
1134445.5333897267
1216326.9832658502
1103566.7360099705
1083852.47375987
1065690.6963560667
1117701.4253205326
1218529.4274417423
1344693.0296285925
1335897.1083378661
1417310.4488801335
1731368.2137499342
1596052.2483415913
1591495.0530540815
1716694.3812499708
1582550.9608013292
1538231.6207722037
1450774.4325829083
1465128.033071313
1558316.9235926801
1439541.3023301193
1558871.7200135135
1137388.8
1179237.7216376215
1172080.9880320833
1325377.8229649356
1328979.4652062666
1204709.401052931
1331167.0651039192
1387159.4475967097
1284205.8771448284
1453865.7884968827
1465826.7530014054
1549515.7045503089
1596079.5619336332
1648953.6962812878
1807551.195452554
1964776.306579728
2122296.143276266
2315388.2363168322
2560977.145978326
2498523.7800917123
2548341.686973321
2507633.073627748
2568507.816490588
2621657.396913425
2608913.5595345586
2782768.679530886
2659358.0713047
2549713.834693099
2263894.3324084748
2254527.03361425
2203095.114505986
2088224.5968419847
2249777.334524939
2584387.757816201
2530335.838077701
2582521.4619401586
2564157.627363472
2629986.836280155
2596368.966908074
2555433.8659097846
2494258.354072187
2524623.2497498705
2711183.842947686
2823021.841177313
2862367.691695258
3196530.2659729086
3106637.68040178
3217408.298323485
3322078.5714606536
3894802.8205116596
3802977.8990628347
4197435.089372193
4156953.6773003708
4551629.296730894
4846209.262635876
4871259.93824359
5281417.395696412
5197431.983312365
5318195.402999052
5318194.0867350595
5475174.422218561
5693371.280581375
5177699.102222063
5296588.118381615
4872690.911482842
4874444.669807119
5078399.1367401285
4895465.878304123
4731930.976082225
5073758.748742283
5083153.220679091
5745008.372551591
5285839.544567866
5132403.803103176
5481850.381841071
6793514.001632784
6490295.483267972
7017729.771105578
6857713.641807324
7582463.59203962
8106379.9746110905
8972675.963208677
9246175.928824697
9790251.116817834
10306143.537540399
10099195.531643625
9614393.391876725
9894386.70350548
8836851.01058318
9073897.756504253
9784788.19391153
11523825.337293483
11133794.100651022
11203249.952134471
12055769.937069377
12888773.06666295
13059735.637401551
14426197.413282963
11899690.466609469
12405478.76249618
11581588.856244436
10676914.872679234
11748444.642947465
10549825.000770897
9909599.76595419
10092704.721591622
10608461.075425034
11725780.860981617
8850489.746353319
8640122.04851416
9011358.065497624
