1137388.8
1018684.5520847599
1046216.5156782425
1107118.0913394142
1051099.449157042
1063717.7837977165
1112255.2110930316
1092261.9098848756
1032940.10507268
951756.0853513323
1063015.1032220924
930311.627106469
961491.4846948467
930965.3351668328
1063619.981038293
968891.5733474975
973728.0772190398
1023611.2543791179
988802.3157784273
951274.3925416312
981957.4253585422
984673.8462019347
887235.3717870963
907012.8962996323
853619.1323143361
902866.5870833065
875329.6850411014
796942.0570742867
689295.3882475191
664018.6414453554
676396.3329980358
691485.3549354498
596197.579900071
603642.6392628972
668847.6347552765
585065.3482821685
567933.220596199
575422.5934125232
556607.0210749622
583431.4228589007
533282.0175123805
487271.6770951341
446382.6371720817
441968.3929959934
466521.863584917
510487.96338624274
455919.84916650155
427737.7681866578
470835.2975641378
496964.9040716481
479349.7228462251
469360.91607614484
500852.7491144993
463016.4250471932
490040.2116183994
548504.631515915
511861.47227365687
462881.5771492445
468837.7126560805
443923.1298767542
432799.6789371737
456910.902476103
473589.45577969076
462050.86359421536
456736.91321495315
468218.1650208253
566843.2169678811
517724.22473242646
521616.82755421224
476472.3752610939
540216.828611898
499646.08539223846
477750.88479501766
464497.743098649
502284.81352283835
466625.9196493759
433442.5032887496
438302.23000701086
481199.10196127644
504287.34367105446
491905.599007774
532008.8815319884
519854.8674750752
413774.14613375714
400033.7306417206
387609.95952044136
421608.6260765307
436029.922551506
450381.5256032932
432050.3998917031
472095.0362297118
413081.7436174993
445980.6875662021
386738.11191636993
377358.4623972468
374268.25957605086
375413.5071959814
390223.8345946268
446981.0913420454
464291.7917253121
436948.2313652131
428328.51595166395
438820.86245777685
414623.68568690517
390871.79573655745
366017.6446035648
392798.6601023156
378984.47630556545
350458.7319877803
365135.42019077745
366038.43313888914
1137388.8
1170442.2259200087
1066264.8515182948
1006664.3707168094
1027287.8292736072
939824.5572290347
929197.7170700652
884912.8708916885
1009327.1351435084
1052333.303031511
1071404.0623515798
1059936.7231251942
1010010.9698741001
1002800.5511471743
1139139.878951219
1094114.05710404
1048045.5588273517
1324765.8058109523
1292229.6216058268
1305708.8741708891
1262669.7076493215
1157089.0880229166
1141340.0675634267
1184392.2718426038
1207771.8183487654
1067306.3053162883
1050609.685319527
977790.603680237
893721.1536542472
852457.5452784854
872919.5492483147
837762.6060088718
796133.5334152576
847536.9364263801
849934.1300842885
934914.5641981177
948917.1494732649
998864.1487349381
1056421.220847062
984115.1861698921
912716.8640793693
853574.4025152795
863809.0264424769
873561.5574429333
899318.2795528017
910428.3269432442
1011047.3074888773
874085.308943008
886004.2277770628
782299.8408247016
741430.5136421337
755288.0521166051
743504.2943419195
760225.2285941235
649979.7020761902
595302.8623391384
718947.6066055025
815060.0847028085
816858.1358419912
896518.0158482309
854958.043253054
842013.3137463819
895937.8902870568
834313.1495771197
848669.6753650211
958510.0216607698
1068919.7992444087
1002883.34791571
959008.9761442592
898257.7061762366
911937.3321997208
981825.6123315424
921002.4453220187
873929.159420106
812007.0990991786
758192.525005129
725349.0836058818
770890.620249753
775763.4577598559
815721.5609194004
783774.4451912295
837069.6301815868
866224.3299835856
854280.9919081352
869877.6611885141
857707.5123478314
885661.8903208689
998673.4201159457
1063895.8904288255
1058632.9802134135
827989.0664268362
816244.5525970905
904920.0203593145
864767.9528283123
935204.7282682441
974698.8557051256
982344.3669008339
920658.8250332811
879738.463819676
926743.0898157174
775756.9954806545
738607.7730926194
648181.0121303631
534871.1141471269
559048.9463765383
526597.5597283572
603300.9637231671
621771.8417971196
599068.4790551352
615807.3519789297
601627.1552065681
