1137388.8
1183748.3894978208
1209902.3787465296
1062165.5581333607
1029450.6607219581
1005226.0055819318
895395.2857114734
857401.4760389932
939096.4998615768
984421.7384426517
1038955.7429022014
1221551.8904272402
1244461.2241482544
1358555.152180067
1421900.8288468933
1346584.0505350225
1307958.099743125
1259039.2586588003
1126257.5878650246
1187746.3284000347
1091655.3256750384
1039431.7986759779
1047003.2023716302
1115090.7960859684
1162466.1934144476
1269818.5645342264
1439277.2703407235
1466440.445044577
1420028.9229732167
1270645.9910494061
1424801.571767056
1242285.5907126889
1312285.9146320077
1417504.915045705
1423932.0172395501
1276418.3022924531
1227240.133000795
1154083.5999357502
1249723.062255468
1147361.5321222334
1093539.6717068986
1032908.3328993393
1067209.0590199456
965575.5543956043
962060.9186767194
1023387.8573277879
1115439.17272726
1016341.0537802097
1087644.4558429164
1120430.8063810628
1138472.660986822
1203349.7368129326
1119427.7825880372
1198463.3171697701
1100890.4651021273
1073505.0930171085
1018383.3603482886
996986.002169308
1016723.2981524469
1061485.9411647273
1095383.7516540724
1192215.1090720815
1173488.9741625707
999583.4050735234
947341.554387692
973275.0644866935
912386.9342698281
893350.7849935681
917403.469940156
860736.0319204573
921098.1956293283
999279.6975615227
975991.1116609129
984721.5877055557
961634.3979264739
1011228.5486179711
914056.7817272888
963041.0354795897
937262.6349673637
1044229.1978780816
934886.6260180211
910919.7420203116
931440.6580431511
940593.5553856324
978003.8157742841
906642.3883534796
862562.6067802315
826180.587951805
899624.378326169
887149.1963726848
895482.1290277613
899937.5719030044
840619.1451168873
785580.9715763257
804348.0125480429
608053.715139206
631290.0445119623
568611.2607625906
637900.2787334647
720978.0964988786
792899.816589788
726116.1078294601
749538.20382654
750787.3478675896
683322.1722638066
742605.333165114
848314.9373761212
819803.517211316
845226.1850672042
956626.4662946119
974764.8459757011
1137388.8
1183469.306314213
1212838.4568642224
1247325.8189490514
1466349.4342950853
1492794.6097721097
1579964.0941631144
1550657.3878101406
1607573.2871423464
1563839.4730267269
1608554.2354705743
1550466.0953504466
1686465.3108356039
1505632.6491785229
1442277.7428958414
1445973.1828820491
1543270.8619468915
1483888.408043145
1405470.2617667727
1543905.9590749536
1583453.986807974
1616737.837622179
1637291.1687313085
1765506.0713798425
1754247.5605934917
1623953.6130535945
1489471.2594536042
1688269.7076693275
1811951.8240475655
1835319.646096173
1828840.9627371975
1607965.8182331298
1662875.9354466095
1641477.3855582355
1759178.003700711
1828317.1472228873
1778554.9962552628
1765509.4988848872
1778833.3966422603
1715374.1111247363
1600624.2265516478
1477992.5580354678
1358788.8334073306
1198837.1810606574
1153457.392039379
1117810.1974557447
1061521.8025716427
957566.3024020473
983761.5475776484
982472.3574526521
1024332.2704796211
1006315.0800181769
1108149.8351584957
1250195.7180599472
1264918.0484619967
1362013.6290433211
1485933.734061774
1397219.6823511024
1454210.306944619
1405503.587770983
1263846.6188890643
1400104.2541051009
1402274.7817402133
1574254.7122309713
1530771.149393125
1612129.1523848278
1635894.16873344
1649272.9265955824
1826252.6433456372
1813321.5056344846
1802797.206597224
1792934.9833158788
1825184.6319647233
1814128.58732154
1673512.7858393681
1739510.0999170307
1768187.5033171163
1647345.8434503428
1665109.5581494211
1761744.8373112918
1638445.1381312287
1566828.937954675
1613149.9828632888
1791651.0274082753
1706686.888462914
1636895.563625704
1586151.433841635
1387280.1398785012
1459509.8065146352
1460589.3294965439
1573309.9758959038
1453404.3974240737
1458185.3489501323
1338273.0150439963
1237728.610770533
1347784.9635277966
1392633.3657217647
1306675.5588096573
1256594.6009294724
1366715.3635109328
1310359.5638846364
1306304.3759079494
1309904.366968252
1367371.1018540955
1404241.4795902222
1454546.7177574865
1532029.1300813444
1644860.7900018916
1587403.1569320234
1651860.3621808195
1569386.859527265
