1137388.8
1097017.6997593686
996880.9746367426
963546.9911262209
953813.408765434
1056895.5892667372
957490.8910507697
958012.9943323551
1102986.5732070743
1178258.1724553166
1080572.1865622276
1293857.6073213974
1355803.149292823
1255819.264650439
1335064.7044704864
1424638.4715091512
1417444.8890341998
1488303.6272992087
1611053.9954035245
1515595.1123468345
1616448.023054179
1454207.757858038
1505846.5158211135
1665976.4079344766
1585193.9734340652
1629065.6634966028
1593238.8862804163
1596587.3388353565
1817774.597018148
1994180.7594439308
1851941.8899485064
1642518.7193976536
1700595.4325061264
1813792.0740522894
1810759.1460812467
2045619.1942672709
2227728.81092022
2257271.365303757
2414729.394290367
2570527.3160973666
2620527.597136017
2709317.330831153
2553372.900374959
2571025.3344908785
2737172.987058454
2676170.5102427527
2637868.122709043
2528577.9768698364
2274454.2080871793
2114066.6466899104
2214264.025868697
2314729.206991565
2478017.273116785
2240075.430355459
2394101.1281441483
2264000.451307785
2140109.5461894963
2050764.2743482338
1990894.7554956013
1822249.4000859146
1614226.939006464
1691801.1494619625
2012136.2636994992
1941185.7797306604
1678868.7534573346
1627354.1727383186
1639697.0948673303
1656921.763905544
1731454.3662447205
1749279.9301205655
1765352.2999487193
1691364.723435058
2002453.305554743
1923782.690191438
1942447.9868192154
1790089.7113463662
1780130.6627424518
1928387.4075641488
1912128.0729298482
1850579.8444090176
1775799.346048811
1739675.6246208837
1704560.7637257392
1742986.0006060135
1859649.8913945553
1682843.5240076885
1491822.8505172874
1419300.7941045484
1397992.5507553718
1388176.4485109695
1291352.6680508764
1337962.239024169
1174968.5383180813
1256532.2827552136
1222132.5250212178
1056521.2229537447
982160.4022408724
912728.9077190517
884970.3827081944
968822.047983402
950339.7590550582
984039.3991318854
987608.3942095801
968192.5186173007
987666.7729446442
963345.1823497026
988927.5688179263
914303.8339751407
896139.8008867452
893835.7002227377
856306.4427787168
1137388.8
1145938.2257996548
1186451.4828226676
1040743.5052601689
1080748.0795818735
1080725.1127682554
1014886.0200035934
939827.7904578785
975612.9063819008
926889.3926315348
823858.8279623642
817067.3305598889
869306.5655086559
834166.4793143045
798765.0138381801
739666.9385205883
742270.9122919386
759859.3721830993
791482.5525503708
852225.1736509083
768060.5943361584
694091.4051368168
719115.5596580738
659085.2198744968
651022.0131226773
567853.9984415214
558492.3353866892
577464.2593510876
617747.5711567587
562198.8680284822
562189.8451686632
562132.3428804647
520234.784450249
494741.14066159324
508445.30258122593
513147.7098647777
455666.00802444917
453760.2357096613
429689.9397589163
410579.5172494138
453370.04916991974
402439.5149754132
388057.215200976
370654.87020065344
410130.9358768739
433712.37050549197
393763.07907101174
399651.8388100526
441468.79810369504
423389.2721751995
415939.99598626664
403810.29188595846
427208.0253590175
435343.3019037367
418253.96348117304
431949.4955458201
455221.8590044235
480786.9049910206
474686.59493854974
507407.44469476974
562064.8781326922
572324.8062530962
523236.05842564366
538643.0970578936
555258.5618000748
514583.44198166113
444102.4711161677
412377.55935702607
394057.7759832531
412479.48384486354
511189.04056691856
492197.44222354353
505622.7150890459
570651.7548201034
520962.56984187505
535086.6635220471
494390.6525339609
515405.5188315112
524489.420268568
508026.7390610872
493346.73624115076
487881.17860214756
550570.3386347222
540217.77772282
582028.1753440157
578781.2312539876
624730.5241701595
578354.7175569916
641968.0458440805
645744.7102137262
617858.9875171066
738722.9142741003
783727.2459823001
776484.0868673193
824933.8063664314
829375.6132480062
815306.3969509518
938296.609885711
908437.6222310055
912508.3635318313
812549.0691873012
843646.5601086036
847679.8499880295
717498.9485682346
815942.2214441813
880775.0236631696
858262.0460746812
944736.5722369141
902471.2383890144
925255.1582715601
939121.5754685783
