1137388.8
1142973.9933834916
1135766.9476222543
1044845.5919493061
995064.7070050882
915452.8133485697
851299.1429093443
791590.0885785663
834916.6700120602
838749.1103145955
962077.2470350912
887492.8068924057
910195.111224428
873120.2669492295
930843.4449089657
841116.6011025379
791156.9038680041
689844.1887526673
711565.2345770756
749169.7219129642
743146.6647815652
670475.9787757816
608646.7289690062
653151.1344804602
610433.0631498281
656759.5882774586
679346.485866875
759758.7819254317
784437.5735106634
813914.4201532173
792403.9466040002
737905.8888420099
838532.3279548382
815764.4009405099
849517.8806965606
825494.7655431336
847338.4689985532
736324.6863243697
742844.3346327216
737939.7740930489
724804.4003305442
778682.3591854576
717190.9921248418
708578.3465276628
731611.8622485201
750422.0196456681
727924.7610455957
726587.92743485
747298.0873868244
720589.1329332136
736993.0481522641
846163.0922488446
784144.3837636904
770121.7223796532
782877.7829669678
740201.0923638748
712546.9079850613
705941.5468445981
647357.0915421449
640926.1728486544
583765.5178471771
552215.2990824815
525455.8688428336
515031.0472844046
472728.3323478675
542977.3388455355
509716.22409962444
529986.957835481
604277.5778799413
604175.7572964291
612082.6074172325
653814.8646149347
724249.8418396246
785147.4147650227
791186.9734182359
771047.0335152997
774616.9185948448
707210.4036703429
617735.7514160512
598499.2497461535
590912.5311745015
534023.3285428594
593444.9250671898
622610.916001079
698076.167443501
684064.1032464992
763872.4799284734
680441.1293200658
691432.8367465498
651006.1713029579
612438.8193809722
659318.5811593124
679492.666423292
592889.1306854243
553027.2077879751
566248.244525166
650023.5082210514
549581.7474915169
547328.6232916709
512205.13090614165
531763.4168737603
535397.0819802032
558760.3153471649
535823.7400115714
568660.4543722274
489052.9387717912
457847.06039570627
443157.217640737
415135.6216784626
399805.4155607645
387223.80732044973
1137388.8
1454060.9672668674
1377126.8664732315
1333226.0771448994
1352043.8284311907
1249103.0430105277
1357482.909622479
1324505.402902548
1251505.521563954
1243898.1874596267
1321500.5254539351
1189946.2426947046
1340032.4525580537
1259391.5761538153
1164500.52336868
1124539.5206713728
1216813.4556081744
1127250.211245248
1171049.8876111316
1328777.4279047474
1462535.8478986814
1595666.0758254342
1624542.9129169965
1557137.50044986
1523701.7767507029
1570358.939871614
1445208.561058777
1452107.2446142046
1555409.821848925
1611875.015585557
1528222.2663730793
1566795.136223384
1482003.734698842
1460365.3837943377
1483151.3733932353
1399846.4156121432
1424962.6326844632
1310447.5634391753
1324626.3254534467
1444098.6940563824
1423706.229025781
1553983.6322928402
1556236.1370319165
1570559.4159626712
1639463.537917901
1662139.2160379007
1625512.566639097
1462944.670407847
1573647.7546313847
1494744.830145321
1325704.106316526
1318359.570800563
1378490.2349175597
1163162.3034316434
1195603.2574380918
1241956.316856981
1208977.0732732662
1022698.3643939937
1181786.615154109
1127470.9276934867
1142178.459323645
1097193.5654433405
1176778.4110784961
1137778.7588957718
1066645.7366381083
1018916.44941633
995666.5822978234
1019391.2395836619
998569.1073655549
1075331.6354280068
1015094.9457877276
1046236.0838939394
958215.7485714051
958346.8592376991
917471.8358584874
856382.1374656138
826876.3096659891
854707.621139882
812007.4705213488
760858.4486218394
777729.1120966042
698891.9485864145
688981.0215381202
649521.2630972286
612688.9543177537
592637.3736870511
599903.8080184761
578611.7147683804
549105.061355375
512719.7913133827
487503.09454256593
461127.57035765407
476637.2608789678
557849.9839956646
572441.7761366415
655700.8479569294
605776.9980020304
652068.852073701
636007.5322328617
683971.1845900413
707128.3157169787
795017.5135605205
823497.5830816735
884723.7118518157
970400.3972649361
1091767.0681316506
1081325.6933736878
1269345.4923403389
1242787.2467509918
1300793.2491327452
1240206.5890487798
