1137388.8
1280079.0554096426
1178209.5035228336
1189281.0176944414
1315065.5207777666
1239843.660517531
1293382.4522845177
1296795.3985158494
1485653.0770674818
1572402.2435877465
1369220.338961357
1336486.544306416
1285949.5112860103
1253167.3866633573
1187565.323581954
1129880.7768147497
1171865.5673216442
1056222.7673536292
1163182.071891836
1145249.1564432841
1055898.878237845
1001646.4785098225
1000764.6052691782
1030954.2867562346
988708.7173925376
953177.7454497673
876813.1648908017
939540.6215529727
913240.5911576642
891045.1861239884
860071.8085037642
864834.6788677955
810815.1712704394
831019.2011056622
849229.1177826817
795730.0742377043
786735.2316270842
838645.5535175623
800658.7442898287
807321.7373311514
770074.2060693415
789629.1330419369
856416.147564429
900513.2738975601
851713.0520737696
793771.4339338017
783937.6884288591
787092.3812911245
836959.872309934
885825.0056834043
932865.3627043107
1061538.8648213935
1111931.4458804296
1088841.070359825
1160444.847787425
1134658.0395164539
1149270.9207163868
1219480.0973614783
1197457.6115596155
1061241.445067162
1270888.7713535442
1287024.1779139887
1330272.2978641551
1471381.47415069
1485233.7074998629
1378472.9139337682
1200398.228041726
1096124.8876924806
1086368.248651683
1004518.959651305
888201.1475559318
992472.5762584249
1161452.9040608122
1090854.5651588172
1183897.5095381066
1318636.7025815798
1370748.2296811119
1188322.980939239
1197611.5959322604
1246065.0645690956
1120560.0607368762
1029530.1132962402
968410.543930052
920783.6542981328
869034.1343537155
866916.1439351112
905106.475688148
828166.1496026902
758051.6137335944
766018.0668250984
759436.6971197724
755033.2407877147
688426.2328018949
658088.2533331966
678506.7902259043
678560.2189852059
653514.7175146509
663840.0918341044
788373.4583207336
808297.6055656763
871194.397211964
934264.7172362243
970376.9375567894
867921.5639879056
762803.1498795446
607317.6746285122
606522.4577548343
681860.7903781704
691231.2490476037
617737.6544913433
689544.0574889466
1137388.8
1231541.035546092
1206972.7109024487
1348644.4465825884
1316638.639983346
1348362.0839831338
1308726.7621399614
1147303.6315463323
1045488.6595163048
916696.416538387
906447.2075089348
1007209.649727066
1057186.3932935763
1095996.1720075975
1070355.973918635
1054948.0282598163
1120507.2251946083
1007887.4560717058
1240399.2388820173
1118664.3215592143
1128306.7679500761
1163696.8843036483
1147094.6371050305
1131452.5994799687
1176442.1195557506
1146405.2947642782
1162736.3036291162
1060407.1810843647
1141044.2576943953
1070922.6016117765
1159492.4146078676
1093782.587897105
1101855.7713296874
1105374.7268453853
1147285.6204750764
1207410.4229341105
1270553.3869059081
1336463.3655206724
1492676.9087137028
1547971.9559700282
1473495.5286449366
1471013.9065926296
1718739.9665926197
1680484.0824071409
1675211.2212425028
1771697.807772479
1534613.1826595534
1493928.816437991
1499856.0125928037
1565509.3018645702
1538498.0574977675
1594225.2904026404
1705654.1740729217
1612269.6656785822
1431226.872000013
1439706.0757529922
1479260.010469934
1498914.8258865615
1555102.8695425286
1662603.3876388117
1677380.9510884099
1666544.7995431435
1706023.374703852
1750359.0600068872
1852729.137503961
1921284.1573113666
2150539.107622506
2324062.022790817
2431950.0594437253
2742217.663914036
2787557.94608302
2816290.3252257323
2806503.3499620417
2617591.7793987985
2382033.7113388134
2206028.252096792
2280511.4479532423
2353644.128613523
2326269.565316107
2388655.9890016364
2477116.2598000863
2451572.3220841354
2296705.3206604794
2469309.070474246
2204122.8035384994
2599685.1640055487
2438740.3096033647
2400253.165875441
2266718.0053881765
2224814.6819562977
2144656.651012165
2388343.034299202
2201832.9742226913
2247673.239667529
2329391.261359198
2441567.319337775
2432915.426028717
2517786.1271283277
2759888.2668142803
3281337.062158246
3316984.3858624096
3454458.0491568693
3332049.4953620913
3112781.404210673
3304023.9423611206
3413755.9315072387
3414117.4435226456
3680622.7745251986
3786421.0203467915
3438049.8209336307
3602069.9351345957
