1137388.8
1332515.6438558393
1384178.3122802065
1379667.8766502205
1368710.5619611028
1353741.6895872017
1274801.3792584343
1286448.8004329808
1344755.179730986
1322666.8125641823
1180006.4605275514
1149890.618171552
1186151.2751967455
1193839.408570715
1273398.188499719
1359555.7717296218
1181379.2359644657
1085068.4831636942
1049225.7898307955
1058692.2693716406
1065490.6911529938
1051950.9341654049
1004174.2524586354
957508.4642658839
1001225.7168339497
932905.9723466958
914868.291005318
879023.8142364313
935479.387779432
926588.7298590285
904489.7340802121
896404.384300608
906086.0984385237
912227.6409705457
907770.2978603293
963212.7065969907
963022.6930578273
954146.6751060464
970781.7079379642
959044.4069318702
982064.8160313957
1035742.8564490151
1014918.3811641758
990958.3712189585
996444.6950684364
1043068.4834713946
1073171.6798725093
1163230.8499327924
1144543.877886158
974332.909918521
992861.2349677394
981038.2085320504
887482.8143728481
939293.4352180074
1040328.8139029004
1023319.8795853744
859852.8349698627
772902.4468804976
764246.1186521354
751143.0969884351
816682.1180146565
737659.6206123363
834315.6734359736
774068.88597029
759529.8004096432
661208.2387422014
764839.3249936085
790133.6341897793
786300.7610110414
738273.5249576198
828140.9803627324
882138.5252442899
1029903.2805950803
958929.3365810526
946320.6085878569
968350.7243713106
987280.9041327809
892581.2069019504
868209.807452953
751779.204590411
796174.9367022214
824403.2168115447
797699.2007558196
835049.8956564013
817181.3377938723
919657.6084328189
935822.9636287073
979819.9684895821
912951.1884549571
888653.0751251683
887579.0330962358
979884.3461681224
1063280.7681496146
1077652.8318651908
1190839.541206913
1121391.740818537
1297927.7594243207
1197693.5675680884
1249389.3227856422
1297292.2368640967
1246622.1230499444
1157016.6391500616
1136478.9435386243
1028392.1809855365
1031395.3291464158
969082.8277270165
938149.2251080174
1046541.1151042903
1345584.1945145163
1440003.7379533479
1277326.92136233
1137388.8
1232718.9808379787
1451949.9218618078
1479908.2477866146
1408288.2060729489
1439729.583754737
1471434.3824910906
1575890.0154122233
1654738.4766592202
1484637.0861605
1580703.0001447096
1361625.3804133744
1258638.8667704538
1411470.0790270972
1473227.7615365973
1619028.5648267076
1752857.8891067454
1628760.8886455314
1426515.5508836263
1437254.0926757571
1482166.725623268
1467277.34476651
1432443.3645968218
1491575.0792963477
1385485.5580159703
1413412.7755255827
1392084.7799585657
1271810.724931736
1252671.7519785762
1359444.6939692956
1422724.8292987817
1297189.780311144
1444376.5619971033
1418758.1902982765
1558185.572439871
1579408.4700459286
1746033.1750446993
1852970.236979624
1961766.6213042364
1846202.4289474923
1644754.7712411333
1722533.8294753516
1524513.4422794166
1640832.3604436836
1718142.2769382894
1773108.705170283
1739265.6339245373
1677179.7135256073
1716167.9058924213
1808983.1443440807
1907900.7868642733
2011689.385239722
2299496.141719788
2445359.6214221185
2465528.612804508
2265669.250521027
2222465.196062793
2408458.035161364
2382152.998972357
2679096.007434036
2596313.818609565
2559148.804565028
2275426.2981556817
2612184.0447718245
2385565.9374063564
2324224.9360998925
2153097.0155649055
2233937.999696064
2272299.838711242
2391054.7773981867
2469457.1152768186
2463662.98007453
2321061.8079716447
2046774.9564769967
2114567.133649865
2338195.0335102435
2258497.6183278733
2058504.9326994105
2014023.0476915676
1868361.6774202078
1737754.7252633972
1886052.4069693605
1831991.1662307705
1865253.5907821904
1718373.8241387077
1785594.0961400603
1576634.1958809241
1632422.025044382
1675139.608310699
1764646.5687788303
1733591.2299718838
1698286.6674303738
1794880.993939308
1713799.4713270168
1706104.1255702146
1655730.1011923046
1727405.1642090504
1897265.9297761794
1813109.5505923748
1788966.53210067
1701941.9655119819
1546753.0345000084
1350170.4648436916
1437712.8215502359
1618115.2984286235
1642409.993047036
1809646.845417429
1871617.8092791336
1643886.6912691698
1620691.5498191325
1531608.932517682
