1137388.8
1048172.0699849206
1099253.6802449229
1186492.685493381
1211194.761058033
1145254.8981684586
1252608.017956772
1320894.5119686695
1028883.4596841219
1082382.2617692174
973444.600097996
1007580.4179574224
961677.9339244416
1050138.7730142362
1130375.490147303
1252444.0087668984
1207267.9635046003
1145450.9739342732
1155330.0255923118
1155539.7780712438
1161796.1859114065
1188632.6625481439
1215284.8836879956
1070509.1953106937
1183186.694100927
1167779.34257973
1208651.045588495
1266663.8602296468
1234198.797126889
1193087.6517404313
1166153.6724591989
1198495.7211536441
1129868.5183318176
1057332.5482353503
1005821.9910936322
1150364.8914295894
1073075.873025852
1044670.5670539563
1020502.9299147464
1158883.620649809
1113725.8492422595
1147420.215818177
1114734.1807428165
998086.7619612179
1049826.7145811592
1186195.8542464608
1103035.8215723813
1032243.6755524118
1103638.7610604537
1051868.7774491364
971509.5762336731
1001682.4957436966
1017391.6863578247
983501.6327463825
989382.8753948945
928468.2115037073
1015194.6117905136
1115105.300212296
950694.0383075646
1009952.8806059206
1098054.0004508377
1119680.2727525397
1183781.9675273846
1244169.27105399
1157612.1490995197
1140033.7120712497
1088820.9779337551
1089683.7282244235
1209866.8305344137
1252299.4078746575
1412033.0304705452
1548394.6675376296
1358732.954685258
1332100.552993143
1394664.2439533637
1291341.7250482312
1229408.4009116737
1201492.5831648654
1292120.74166229
1300433.998583677
1375654.3002372903
1270707.4392657157
1254168.0777990094
1227976.51859904
1313800.9038604635
1333510.9339584839
1242968.858443606
1213817.3994036058
1356938.0284469514
1450268.2392487072
1334936.7400090257
1226376.6896331368
1085589.5654573177
948738.4630392754
923780.8651988523
912072.8236413877
925097.9326346425
870129.864903605
801348.6929672208
768521.9726920201
860432.7072636647
801071.3706031241
786309.5866768276
772747.5618750094
717583.7954694558
770549.1280527554
854344.4695775901
837745.1329835273
781085.4126323762
703643.9965194348
748112.836157684
1137388.8
1159460.1310755194
1370617.737148053
1425453.2784639029
1361234.4982198847
1367222.8229102804
1294555.2875437702
1416546.2925306128
1274007.743883678
1271368.119262115
1231416.9026994542
1240469.3280401377
1250928.2559113526
1259544.363144469
1294433.8821616499
1264996.297686236
1414633.985964071
1558538.9783121732
1657319.0428067064
1853736.7892426467
1840570.3047096124
2127414.6028372967
2186246.0364572513
2271618.5349545763
2276478.5512311673
2383766.935764412
2582428.0674246037
2641211.4427547036
2512314.9505445794
2711498.9357211227
2590464.25940672
3092084.7036122517
3340982.4620125634
3775030.552492402
3943581.356956318
4557280.351141213
5559474.304532267
5177273.994438049
5272700.410106057
5089403.419916492
5648186.1067403
6486689.291616653
6982940.626747441
6584200.429793383
6089542.070952554
6043081.500711693
6598943.751978259
6066509.743261481
5547322.508236
5038831.113131424
4755231.493791665
4658974.504481218
4516964.750638044
4699891.387906709
4931234.069322155
5389610.993725003
5904139.879783256
5895436.66428122
6174870.687898739
7413912.475054784
8059111.146214007
7464883.8640936725
8038784.853236567
7143584.730075884
7348584.558999877
6840442.098970339
6097290.542991641
5686377.1767491
6172743.776882279
5620327.576702454
5036435.057017228
5117290.942344828
5464256.443619948
5375355.089380905
6733217.695989854
6763027.085013301
7088582.963164121
7796249.0596656855
7299296.173858417
7540989.684086309
7886907.04119529
8641153.986764757
9125135.164725473
8135273.944299873
8140326.443463365
8160075.998370782
9125480.78020138
8924882.055274328
9337611.771297578
8800926.773814656
8622248.399530778
8719363.404123839
8297620.979930481
8714863.99074021
8565588.848443191
9143798.522035262
8981208.228154816
8218298.6020585345
7974670.017267535
8588649.786370454
8465278.773155583
9490292.184252843
8303468.590021836
8248823.054629814
8008356.750920942
7695638.831689819
7890798.192040454
8197695.5599435335
8315262.479329897
8084008.036807642
8437375.26561439
