1137388.8
1163695.241766036
1201381.6347007116
1170231.0211355665
1040941.402271436
964524.3296158647
902912.3401816526
989694.5544374037
915213.0370087622
870072.6722512596
919870.1305251193
969727.1121166437
1125058.5167626832
896201.0721997988
917997.112652971
827572.2977426333
775734.503959401
817180.9698540233
802640.2829618842
783680.2439448268
850372.250902652
901503.0518154392
932581.603952429
957106.2479374574
992700.1710075953
935673.1878722885
776903.885596121
739759.968988855
709655.7571120467
723498.4600966426
733074.5100022373
684672.8311023288
652721.1977703605
705827.594140804
719014.8650959715
607320.9399168445
635960.0051159178
618019.2132690265
595371.5349053546
630402.7279298719
540362.797265406
528164.4367429065
554746.5645875768
533483.1229430169
562954.6203349631
572878.5320485265
520376.3474868982
527808.7132799504
520172.78932536696
535937.7869074654
549930.8458545887
567708.8508309778
641364.3969179769
583867.7232372662
540997.5184662646
520657.02538622555
513565.8438827005
490927.3045815161
497158.8448531373
520958.23828411906
489546.3362214729
468469.4509726611
439847.5928573452
541827.3443134457
578103.8377464515
521938.56560913916
485357.47733952885
443788.71542425355
411670.18738024967
439947.03967455646
430955.02774971654
409239.13128164614
365197.26041401277
387898.4112621214
388089.03387999156
370169.0049478219
381040.7670933467
408969.7827908484
416822.9589646039
381190.6376296226
338917.9851532192
335985.5192583918
340597.71234793455
395552.104475493
428872.7510975676
368303.11439630965
328344.0726807352
319259.9276435657
344168.96404542756
340820.8318141554
360267.9647429024
398586.3053431949
444217.51299660286
356173.91610190837
353058.5114763011
311147.0835610613
301391.84638996655
305869.01123084937
328802.70406692196
325992.91441110644
324079.5876671423
322274.8208419105
295702.3746557688
263310.9655541542
266462.2209218106
264158.7075917518
276747.1019172663
252025.3857191239
233605.42251814154
202859.65597865576
183522.6324111562
1137388.8
1288849.6584645081
1321152.4112247464
1419812.164592692
1427928.843709698
1488188.9006797737
1425892.6787834724
1436560.3284967318
1460802.6415144056
1667922.6651990747
1624101.1366142211
1617769.1216498297
1602555.1377536883
1571497.3462265711
1584803.5478041093
1631531.3423564057
1461055.842570069
1407256.9500536239
1367028.4100423828
1374886.7171048725
1511403.2501232936
1383580.0190458524
1513531.4718286158
1548785.2549942143
1568523.4125376274
1527721.096271267
1694175.213088721
1616594.2267387072
1440352.8121522747
1353587.0813343695
1169801.4984747535
1155305.179246511
1288800.1966965448
1263508.8102714452
1058054.9609529828
1174873.335688824
1187299.6891714996
1015709.344154022
1008881.7267975416
1006017.8782444351
1067979.7396158818
1182022.5142174682
1116453.6792934414
1068327.4441760234
1010138.9538070995
1063546.032192014
1109138.6158787324
1098921.6663006763
1211378.161188214
1178781.8195487214
1144866.5544589371
1211563.9481338253
1375402.7244123279
1457010.862134364
1499325.3512495798
1713843.6696743774
1682393.5227396283
1814136.016134352
1657446.2112300303
1833549.1226717415
1768957.9878828158
1684729.830845161
1661385.463634573
1665839.5681496314
1579089.8901150553
1563404.2472152915
1701883.9022520517
1746575.921649419
1789446.0579296497
1857495.621013247
1981084.708166071
1835082.3886566905
1845131.7899067183
1824917.1210723163
1880122.092709405
2121129.904616725
2096059.1280862414
2162430.987439958
2067546.5343947166
2297871.2915526666
2211986.3433610727
2136573.88812631
2209075.936946402
2279182.59584492
2210624.634586823
2266109.3560752403
2012689.791495315
2087745.4600978869
2071760.6134338828
1993169.010986846
2054970.8348619621
2153567.905190171
2075470.9428565872
2204561.692830324
2114207.9334861226
2460273.1868727873
2578219.037811272
2703488.361858371
2550185.6357075046
2474833.853506502
2455253.01634552
2648096.6446749233
2318913.98350673
2724821.215645303
2575591.5460577467
2568116.760392659
2724674.552843808
2879440.4021568354
2521876.8212891407
2456772.0977038187
2602566.043173392
