1137388.8
1137828.3504041587
1110215.4365857216
1156910.9836395972
1183027.9813067215
1242402.0649720158
1289381.7230397942
1239143.1345738007
1200928.1389657909
1343691.0245378271
1349105.9708822367
1384470.4844627834
1425728.7661078218
1306924.3222697685
1346057.502391361
1392539.705408816
1340569.8849608023
1314709.2068170866
1364695.2179214626
1371979.953723175
1262344.2694718912
1168852.9842948336
1221153.8366466425
1208956.5756190836
1367431.5508315915
1273315.113866351
1380533.599714351
1482560.8063927547
1415025.9038141498
1452486.2395874548
1433469.014485534
1481565.2363272312
1442238.9491829951
1476309.629187039
1551753.8951751746
1426508.214361244
1398982.273438138
1281930.8985059732
1246125.588329878
1262474.4370562662
1195853.7996961875
1264556.3696221868
1177949.8343048005
1193970.470559524
1203214.0241093328
1044172.1248790078
1055891.9268595302
1113055.449925735
1092659.1660958743
1059935.3601549682
949105.7207455462
1018245.4198928504
1021599.0647967741
1065055.4777575177
882745.1003224483
780679.4246242552
809424.4226635479
782180.5075303699
824527.4978104236
841436.8670021646
825933.4686534605
816449.5457677487
730382.4799493589
736872.7570313952
756608.149742425
780702.8980386658
733735.6349529315
734029.4385861539
787246.688926438
797615.329689225
817417.3169250716
812844.6796126256
739744.2011221552
689195.3145318006
684888.989533864
719468.1186321294
743084.2006689953
731352.9867308408
710973.8460446479
713546.1084690708
719372.9299404871
800184.7167440206
838102.5464439092
1056793.6677906439
1088441.3335165887
996407.2933187769
982544.6362822566
986597.1580805115
883399.4439491595
899139.9814493955
848544.2528207075
812787.2902697723
861152.135681703
909448.5025891808
928157.7852411581
910697.2460348341
795853.7240516432
756959.997845788
717756.9695749967
742348.601604132
799995.3895442518
840714.8057865811
831036.9773236117
878209.6723499495
872950.859952511
846798.5790051849
862551.9498105696
857981.155627019
931542.9417326967
868976.0472975952
994478.9201063914
1137388.8
1090534.2670592682
1214519.170713913
1027286.0834235421
966096.1198658287
937446.4289937315
1032752.2063275621
1028426.2349473115
1020063.5727336658
995873.605312479
1060743.4643198175
1024401.2460967628
979779.6758018559
1071190.2052187398
1297419.8338332141
1247982.888546461
1211892.7633398215
1095935.686360538
1037612.7735374513
1114408.0421321217
1104502.7822378064
1064620.1499630844
970777.7307924433
1041327.8681222376
1074067.0463642858
908649.8041845231
932898.2319364934
1046485.1087639882
1122545.6310767734
1120914.27244603
1066465.3982173977
1232690.2966097484
1383372.0259687442
1328845.262885942
1327713.911811595
1278296.1591141308
1133471.7660951673
1135313.2945023743
1143487.0082476067
1355291.0056170055
1478719.9389969101
1455096.2061935677
1509943.0748389266
1400482.4108404669
1345412.6641742457
1410600.1579030647
1368782.6394275695
1350877.576488872
1342632.586188853
1392375.2631525754
1436982.3805600058
1424615.8276647073
1493823.4815334287
1495841.4024450225
1415914.1830209028
1306700.4587615002
1394645.6937990314
1292862.1375893692
1550291.7177321566
1459559.2097343127
1447101.1694914552
1273881.9731410614
1271542.6089263505
1323976.1635264377
1180862.5455046312
1165439.4681462306
1212932.6233947948
1125073.0362439572
1169289.5223580217
1188007.4424987573
1214780.4238532619
1000026.5575767724
1002190.2739939886
1021494.7241830019
946593.5175275574
922251.8982472051
848470.5831965315
833655.4541178623
828549.7964910513
761446.6054956642
724151.6679094073
687119.6753961849
644006.7546466043
657604.7271118497
632871.3466002269
558894.8074340794
554405.2533662466
585609.5627585328
549254.8136867498
577551.685813987
641054.8634398452
659361.9898735632
660857.5202531429
616832.8462263631
626662.4120973976
649350.3878019028
650001.9846229634
648819.7895496307
696242.2593399667
678071.1517112853
573278.0849629964
620412.5948198858
595021.4765697508
627831.4954331649
619361.2216608964
626516.4982657286
610988.3053920675
689473.0961479507
694688.3733809051
818799.2829012026
769718.2919404389
