1137388.8
1249586.1883550952
1142445.1262919419
1058600.257805552
1043752.860328552
929848.1865044801
950221.8385903686
962217.6987451897
911429.7873868288
909484.6613640266
889757.5740024433
888070.6468821082
822990.9996234525
879678.9118736337
836008.7406135187
778935.2023887992
809125.3858200298
768899.2137883424
770484.421848249
857543.3455628789
781682.392413766
740257.9807588633
779326.3813361514
757781.745438381
699614.704403826
737184.1870499265
893034.1737859322
900809.1613779056
758238.0315101054
745698.9015184798
691365.6102764257
659056.4417963938
727628.1760717976
744481.6862549162
821352.982661033
848236.6437134307
907349.4089093973
810303.9592897946
791139.7530800202
877878.3018312027
804967.4714984616
894260.6650685626
973295.8605575347
1002047.258496079
1087046.4353295092
1135237.2147228399
1178130.7431851635
1423212.1864254703
1450618.3020947326
1818789.983123733
1851181.0637011398
1948800.3284053337
1809739.5557372347
1843698.9743909487
1813996.6886816788
1833134.477297234
1742230.101796053
1756005.1705791117
1733613.133845165
1548532.965167497
1525709.518039732
1457121.7664677638
1611909.3460120824
1743161.2879742393
1824512.3722933128
1875801.9228893064
1843348.6346588593
1791216.8968176672
1744562.5115725205
1837380.2829696212
1898131.949594029
1860938.5558791347
1822108.0188213927
1996410.1493141958
2201441.0778140146
2029597.3340224558
2279570.7967349417
2174069.7205286142
2201138.318327241
2398071.5443134625
2247756.9978291215
2564406.157438603
2527770.4229471902
2907062.2182231536
3053485.2583859595
3250523.3107680175
3691525.964108114
3971726.9986623665
3698956.348064578
3705430.187559906
4294722.489033086
4597614.904069776
4545753.48978696
4679059.007395574
4108430.7085296777
4155722.2470568814
4091651.022423395
3879560.3430820373
4004869.7608729904
4020676.5243283203
3694861.638014463
3742612.501303636
3966452.8258650266
4148291.5901438585
4381367.395833236
4084304.6240950674
3642590.184068377
3804483.7420939934
4472242.254587816
4143172.0835056086
4073821.911552867
1137388.8
1094432.6788306283
1108461.7873570118
1027666.1015610452
1005585.1401987179
919110.935578898
853803.6508391687
912531.3299871983
915066.8917567461
807375.7112500662
816865.7579245324
913517.7091175818
780494.7107429566
821687.1806924685
783182.9653010613
849975.4172987055
879181.789565612
826558.0450626692
800892.364334836
802571.4917426307
836110.2596799845
913356.1952573637
907136.4337790452
974631.7921154842
982011.1009061007
961995.3507410615
1028768.1213926458
1085654.608786293
1172532.1129419492
1149116.190671862
1057647.1552608872
1192843.9245949707
1242268.0920937038
1252034.102253978
1248166.8999411142
1269145.2833096087
1324468.123757177
1350026.5480510728
1235540.7110043452
1358084.494768324
1473216.5008680988
1352226.8006876244
1318810.353307
1281612.6707375792
1475356.0825544172
1392911.0438293172
1262148.4732091646
1344422.4639685869
1274590.2920290602
1274948.300456293
1435443.5687538716
1536257.79641557
1399948.4292981236
1295236.4138117558
1468406.4075836304
1352288.0995182872
1397925.9698330876
1388281.7010813726
1288948.2084469632
1211128.0055436098
1156904.9825588858
1100431.850320148
1214307.3869012843
1332087.2827700689
1329491.989855801
1251884.2582633416
1237609.7939392584
1281508.693132137
1361347.9996107453
1312168.6057100384
1292448.2994588034
1320267.280114518
1428831.248127103
1357794.5418372133
1457571.6287841848
1702843.197553856
1729652.353647902
1879146.4956218875
2148756.799154525
2094541.8421042054
1879281.5062213228
1776826.34650073
1783709.8838846877
1626731.8284149151
1672387.643566489
1592611.0814279632
1611537.7413127508
1566257.7192050982
1691713.9037063697
1776095.4686551786
1755148.07102868
1639088.14867139
1906572.7983099543
2132812.5074792006
2383740.4994764756
1957344.557501993
1993328.9958967448
2264188.431749353
2142491.159056609
2269812.4088541246
2305413.0020827483
2068659.147076377
2212829.1881469544
2052587.135255837
1859922.6021193753
1878977.8579974314
1808678.554533114
1963824.2642853428
2031213.9085804326
2135151.945617449
2150069.5387032907
