1137388.8
1028930.3680261391
907894.0667821161
904512.743007498
937826.5187553462
900999.1889589541
918484.7379526291
813720.8002589435
765810.0355593839
768647.0628962485
726376.2856485448
840271.7951043957
832807.0181697499
807279.7814374248
795960.6428937011
888294.3205961314
915863.8624674317
888606.4179068204
970401.7814987137
941216.30691651
884843.8245964992
896769.9236855323
898264.0035984247
840732.2913624522
782651.9028515667
785006.2398844414
784719.6502250992
812245.5554177893
751505.5398839158
708330.5910194796
670347.9652940178
712902.3208154889
821996.9428889164
811436.6745074156
862828.3311019964
876699.2771910584
849273.5792041193
809403.039764044
863111.249169246
871681.740816887
846877.4717856295
909025.9963284334
869721.183882262
870508.5184901617
946160.6405678043
996261.2952961348
996898.8498802247
1081658.4556634536
1025854.8348801723
1059232.7245385703
958893.7818506121
899749.7245457807
815431.3605388486
910584.2853208164
870126.039496329
762061.6714051104
781005.6968630063
716331.5340790828
739602.9477232897
732151.2384136181
796148.6514649082
798420.528222789
848604.66737911
837343.6666213641
826556.6251107214
889148.5771765006
965615.3186500191
1021612.0586301881
875813.2973006353
921952.32725835
935820.7540496619
1042604.5164607886
1077216.0166513014
871114.6503300648
833655.5115393134
727698.2662400034
723196.4039558464
709656.9878488183
719987.7990124834
666967.8255807159
609258.7237778279
651320.8180339478
620047.6951538759
578293.6952484092
596354.4535587397
647471.0739200556
656881.1199150407
651599.2564041375
737516.336042308
689031.6264352535
716569.7351431475
749172.8843357163
792050.0968264553
789297.3387575815
684978.6746903659
651619.2507700702
591179.5817402384
595416.9244529189
587143.6675673851
556554.853252918
550915.7775448514
632540.7475175069
656155.0826334718
648293.9490113539
619054.3538892835
599980.042042869
589044.7036393508
545981.250363801
509078.35877803585
538476.1386886
562745.3260594634
1137388.8
1107122.7942351326
1227456.355380792
1252688.1078106023
1241798.6299074574
1214307.4213078714
1309830.277324836
1324409.6845153403
1418988.4948998808
1493013.82531064
1633733.6392690027
1647824.6141703797
1701671.4174074826
1580788.4408222958
1676699.0200695312
1666044.227614515
1650587.0300598745
1575524.6223933413
1714958.997870623
1718071.46417453
1612742.0886656134
1817671.2529614724
1708663.266945012
1576186.4158742614
1676956.532858176
1708392.236788194
1846083.4661016457
1713342.8083030947
1653078.1077778137
1688958.2842532392
1538101.3139517687
1596857.6168214488
1662684.7624822524
1783151.527349314
1749635.915469258
1715370.058720074
1947770.4010239607
1899172.127072038
1940540.4589243915
1870724.0814460006
1950310.2134084764
1735054.1985933958
1853942.2336189146
2023217.0592552908
2141775.747008181
2186423.287723013
2042638.282803645
1956348.7801684903
2114543.7102112663
1934010.413354539
2080231.5162125146
2280630.6354480106
2400378.91821205
2445173.098588859
2324671.255795878
2419963.9771526814
2354882.7706358335
2195822.599000481
2117182.740978656
2185870.5020025345
1836048.3906907283
1641691.6632914918
1664185.5763467115
1836420.7412742916
2041634.0474053018
2004410.1586722431
1904447.515867075
1830424.7590585477
1742232.8654335653
1883227.1555037247
1656494.6759905117
1808520.5843838097
1808160.1027821472
1873179.0734650984
1897971.1175664843
1984428.578668726
2023051.722660727
1823890.4335644783
1832659.3365173102
1984831.2258622337
1753988.4372594936
1848446.1418705625
2022105.1956228334
2038079.4674215256
1995241.4613686886
1944025.242092534
1859968.1746044727
1953583.651016827
2011165.137038409
1931177.6044170803
1747372.1833556285
1560280.1088626678
1541340.7396408871
1723922.8768895152
1894240.5567451243
1847449.0323464556
1842268.402137672
2124672.455938959
2040157.0659814782
2324685.203828516
2201146.4202723517
2225355.9272820405
2094642.0170167934
2024414.872051373
2084531.371705268
2121061.196392806
1984307.0733131866
1874271.0588045577
1799266.8793304581
1786487.5255080524
1851045.3618173338
