1137388.8
1177380.1331004042
1093062.8536078753
1026430.9810151776
944737.2455637084
805465.3353218068
749566.3298417485
746248.134404825
749674.6566769033
777334.6645614798
815791.7872875716
897133.600374073
938988.4019081204
1020416.7592383551
1057686.1125541818
1044288.5866185816
1170641.731300653
1275002.061561741
1293278.3570869977
1226290.5794077509
1103607.2363349325
1032785.1396053149
1149452.570987017
1180214.0218970762
1274561.039943429
1224363.653390409
1323069.9344726922
1435275.8713110937
1498545.8938702892
1334987.1161085735
1316229.7458213626
1149323.979067307
1368256.4681066887
1378630.286583597
1341025.6726604046
1194398.2424779302
1139215.3034536347
1237536.8196267916
1052777.34596091
1063201.2311797182
1151347.162169762
1129053.0306098908
1090551.4972812138
1264301.2389312044
1115570.6225777077
1064733.4772167213
1105750.4761292746
1250196.6866512976
1286074.104700822
1234493.0685332492
1181798.1162171413
1211095.823139944
1259455.0284165351
1282313.6193160529
1278686.3927818749
1290875.8389981354
1337012.4607866572
1194819.5355441284
1409104.9968924066
1414284.4064029367
1651149.1556676447
1695942.3419042858
1704602.2904853453
1702847.0224336174
1697931.1536310813
1903910.3048447897
1927449.7401684863
1640941.4531642506
1629952.6789864071
1627109.3826602055
1432804.2111109355
1501608.7452845902
1403842.6348723322
1263517.9839753266
1166269.8479969793
1220473.7483086041
1337938.5478141424
1301541.7019605658
1328591.3493532492
1269447.9388167686
1163009.3859403576
1012926.8038996313
1001302.6668657076
966419.3534093874
969194.1401217366
992880.2475949045
951430.4431001741
1081242.7126893327
1060973.1147293106
999674.2229873722
1002982.879352935
1004976.2601014246
1003364.8915416809
1041001.5367093952
1048611.9222751465
1044222.327134819
968172.3590409986
1048248.6344176676
1195605.8701717744
1105572.329410407
1121981.1581210594
1099571.5535860274
1142773.895160322
1110809.8529191064
1027969.8982005814
1064354.0624547633
1168178.737763766
1165397.7375089505
1282141.0246024516
1380778.7889797874
1721763.8452216152
1137388.8
1123952.5015390313
1130957.6084330757
1046695.3729160912
1063265.3033599516
1139368.304842117
1078075.5793114111
1104169.326475195
1057723.0483676342
888301.5569082743
960167.5437567055
881040.0819421592
885817.2845157124
965562.7324744094
1078832.4770960123
1009346.5348258911
1089403.0325834097
1123069.3302401325
1123097.4168827469
1147257.3527352463
1135595.4357716818
1201187.5648112404
1216421.3298352687
1310349.8369421763
1323473.8245131841
1305047.1282969362
1174667.662124237
1124824.261597153
1063233.4172953966
1030563.4293688483
1093026.412173318
1079189.1837235347
1105485.8847285695
1193207.3193903614
1190840.78482529
1157835.0054048072
1117622.2174367586
1206294.960010969
1267316.230558604
1283808.1857024124
1432775.2900910883
1377494.5032151786
1417738.1388735804
1499574.91307887
1416127.1396062986
1288513.6322754093
1289928.6869950234
1425972.4141537366
1552336.0620468343
1716798.7009404663
1995718.97063993
2043712.7819093687
2059013.0976023085
2235873.4114185646
2300475.847172643
2303327.2621335885
2346188.0468876204
2367137.649769424
2186650.6562314862
2409275.7479421278
2479576.4695738456
2873670.3750791186
2863625.3857052173
3079456.335106407
2871831.799985662
2559110.5908465725
2321809.3283773214
2525643.08002165
2542897.9445941877
3002327.6651508417
2988553.2653109618
2984658.5409836387
2956491.4796388475
3238692.0836464316
3464453.351862464
3769621.8094080444
3897383.907332953
4267606.793606773
4226510.369150752
4916854.373748008
4927339.274134152
4797526.593670142
4399623.00466038
4422590.836346793
4880195.762308179
5058299.021218517
5345411.445470005
5947368.688863601
5727269.708692639
5642955.555584914
5836631.3988130735
5499300.346567404
5394446.021608313
4637243.213187025
4504752.677351854
4326070.308646877
4488383.781420718
5484511.734455111
5459687.1326509835
5228383.951533124
5347276.030705943
5127517.669419598
5250035.867664084
4895782.1515109455
4797950.955557258
4824237.532101063
5069285.0195664745
4377631.138347241
3860723.082155909
4061890.5150985736
3529245.0226841355
