1137388.8
1010511.501806869
1010723.4522430741
1018010.4143614529
861517.5279593137
798362.2088790657
758810.1688906333
781905.2438912757
813462.3773206922
790445.4194101949
696394.8952650679
713457.7234274372
769661.2039599905
862411.0506543835
812602.5297463085
693467.63811418
772848.1200415639
811852.1736068998
785362.4943404582
820137.9945245974
840113.6887253601
843965.9827029693
831683.6443528048
836519.333301874
874460.7852843236
855066.1902970789
939744.9180838043
873655.2251606395
811430.9176820474
813740.5744931917
1085321.2665584658
1126503.553523146
1208148.967260975
1293031.5461240923
1354666.5375754763
1350053.3531297701
1367289.037847156
1553012.6872454188
1797745.6116316952
1758702.8421734842
2047729.3373951507
1796668.5254423148
1648530.2202802792
1807311.3502948855
1549359.3789087853
1326990.5853934311
1411766.2369208315
1404040.9871163252
1453997.2468378274
1423543.6573147383
1539998.9093322891
1577657.054097613
1517263.3288689633
1604727.7167021711
1591464.7917419157
1661072.3579715807
1705527.2978570228
1754412.0909570872
1928804.12262193
1981297.6193162934
2106728.3046084982
2342200.5186599335
2562304.843936045
2432693.5185160115
2169681.827951111
2074975.416997658
2106934.4752901513
2180784.0975655993
2038487.5243704994
1891365.2871665878
1700085.6867650086
1859095.2611289332
1849052.613992749
1713041.1044587037
1671490.8401052328
1933463.4947859168
1788026.5651682636
1787085.6140286748
1656972.867297553
1662894.8817411005
1652006.8836167562
1909469.5436016426
1607116.514199167
1517270.1840779637
1550209.238280674
1564362.4289581282
1469564.040730606
1428954.804438494
1626072.7531930574
1630979.9972708477
1627321.7891440077
1695350.0355150378
1676193.023658551
1691503.3820125137
1783695.7000854143
1813819.3967768527
1564723.105743321
1416747.2280745774
1296650.4643944185
1450705.6943565733
1400353.6042966747
1363541.252942529
1458959.262948078
1243563.444257361
1157940.502887638
1174474.7401435236
1063793.991475568
1026606.2495214571
995131.7966323058
1145258.7164128735
1140264.8665555522
1137388.8
1125294.1114923435
1160737.109270202
1222740.6931334208
1299815.926953627
1293347.624486989
1337331.112215811
1244853.990161268
1190500.3774632288
1079563.0213011296
1171609.3479979946
1098564.101778133
1027169.8340979522
1011321.2272158066
1058238.4091720853
1039094.1754144854
1062577.8496369957
1068912.507534703
1072349.349449508
1089141.4890243954
1019100.2481132032
957034.4441514539
876107.5863890706
957579.348192614
964939.0281710548
894536.81224984
823292.6866322539
752786.6556959457
691387.8109872106
625877.3213996782
590655.2565453438
622200.3569455366
618468.5774479305
556199.6357889089
572941.183216583
489852.872025433
448028.6989767954
414191.59229475184
382818.07018123724
395169.3598130674
352421.8101199753
372238.12734871364
406031.7385853607
397608.0063569969
427393.5225667815
453944.3123763699
470323.57144401455
472563.72163221706
527111.5619488774
533709.0498488764
588560.6323166847
618577.1569660957
531279.4008348046
537505.3818855508
614218.1397792876
680843.2854089469
630690.8248458365
643090.2857048772
575103.3697434909
538211.9764658393
568357.4757001082
576925.6233307151
573141.3135644
566232.7113217203
600058.7931457645
645377.3162351343
611395.8235640635
578092.7694187125
633696.233190547
608144.706529585
624170.6021649654
589866.0202300932
498225.9121645342
522023.84510833374
511217.7783943575
487786.72892425983
443358.26955960365
430294.01860031375
469372.45120942686
493346.62114403077
421642.11657543544
424845.6275808406
411878.4886284783
383014.1600068728
396159.8159561134
348263.1555964113
336591.28728430736
334056.8129497824
370520.24886635324
330965.9555757845
310823.65310343314
313674.0824488382
315465.33343704575
317683.3510295235
303406.5661460056
314319.34043016034
334978.66820690216
301978.4823554434
310678.292872151
302002.6521555185
283122.6044862263
242792.46034311294
228381.06804303653
181047.0783204311
176416.34965624934
174227.21659215094
187095.4615789679
185916.6288028878
180762.75553317214
175064.60327981395
162252.28532530958
