1137388.8
1010903.0320616198
970257.0430990164
997639.099514407
943481.8337461308
976674.3361271078
1092298.2649142786
1079889.080749409
1075914.569713111
1114215.4038245901
1136553.2947489803
1073626.2686129177
1103814.4020433268
1103652.5608709522
1012491.1222172322
1067156.5953070852
980512.9860757464
1038015.1013939758
1016609.3749619261
1201665.0701615198
1116245.5084032598
1031160.1521588848
968223.9852991723
884032.9681197697
763927.3116701317
730469.6990621631
646265.9102572273
647892.9053582171
593703.5571369103
629351.785467539
670678.5345458298
696741.434365635
826889.4322558386
935653.2922961324
893913.4196820664
846282.3561209906
825883.9878592435
854309.15555849
880902.3561600071
858806.8593284597
774452.0175551467
857326.932428887
821719.5545151603
847209.6566213925
871079.30310984
839036.9960419919
784937.1310620118
789413.9966970023
747172.2224860998
738937.3193056327
772780.8175976046
754513.8729622327
728241.480099189
785929.6295101928
764570.4218216307
730992.4943212256
719502.407971718
767435.9898160321
789839.6029514995
712431.0927081015
758697.0573918005
815038.0562912738
846498.8099136645
812614.2946280115
919613.2730995197
902152.5649719681
942046.6120136548
1019839.4267793951
1044800.7502000985
1070270.2390907435
1128431.9177754754
1179511.1439260389
1150212.4148632113
1066794.7055624167
1034966.6872592265
1023516.100582887
1000264.4398259523
878226.6531475233
854426.384520055
829017.7230969493
815111.0172903204
789295.9344150311
749891.6261399852
767838.3639713594
815922.0811327767
669855.4941995202
623439.6924873879
591387.0755387055
656060.5476760512
692819.9916818109
726008.6849129936
774170.4768935604
768862.3018345633
631209.8209641029
642826.8059714073
674048.4223853494
658193.0375812335
672681.2717683138
629639.542231642
631840.7314494388
631857.9555104407
612805.3787259957
732271.572039882
764540.5291474012
725656.0635379428
705169.0854232009
750354.9134149883
833647.9013324311
962974.5624282164
1065715.6226298194
853064.9111245256
1137388.8
1197946.0528798334
1236612.3207511473
1220737.6725848096
1229377.632782808
1258702.453107859
1266542.6959476364
1160548.0050782543
1165139.1646629944
1119851.7763670557
1155923.782350896
1134120.2037867084
1147774.3392728798
1018139.5285369533
1019778.3221557223
1071510.5543375544
1009436.3847288699
859907.0672089909
915411.2246598667
948920.0319739913
869171.8943862433
811393.4836537184
782557.8780697145
771781.9747189506
752353.0497748919
694069.4452427364
662972.4467991968
610608.4763925902
600149.9243261166
615481.5665441193
617531.0925535227
614097.7879873975
615992.2056385068
689199.5111057324
687228.4582985457
763935.5658754407
710939.9760083798
836845.8425335963
719454.4048906729
733221.0128581765
767441.6191820486
783609.161786117
741652.0870248687
701453.9487435991
761223.6624194754
795685.8179699039
882502.7460607482
774208.6576859854
694642.4036540159
777702.6117031409
870400.9527904021
873125.2122985984
878727.077529992
968187.6356883957
889617.9814134578
901789.2072705136
844202.8886015661
932815.0508013476
856288.1861694047
834014.4496460867
750076.1795640333
764073.0105101281
700404.7541641063
650117.3936369554
683331.6685631273
711989.2168351653
690062.703346286
651845.268135105
655333.6000173874
627521.9451338022
763503.090311774
814346.4359611969
838427.9525983246
862342.0441818584
792559.5104936066
777210.5381138481
736544.4060680096
786205.1381685552
765003.0859867892
840467.483836022
774056.3308736451
703409.2241558379
698910.3588564979
669694.4698569697
757557.287902583
889634.9629265333
890525.9968803304
957847.7084726505
975043.8103864492
932300.9338716369
976148.8941270047
1063896.7763299854
984864.4880694422
927790.4520530592
979344.9751777464
852920.9883186672
819154.6520388543
823077.3240868316
799193.5794743114
832741.5275763927
916434.6205758353
839923.0062402483
753588.8549955431
757081.0560233031
729957.5972655322
743426.4942526758
697833.4536684925
678817.2735848378
708879.0951604776
701917.2210159956
689314.3127549499
