1137388.8
1127639.9636134396
1235293.7737771966
1225075.0757154294
1257441.5137502179
1241057.8197469902
1287868.804078701
1449768.651507074
1510114.2765536907
1498119.5121549594
1511489.0095046787
1578513.0139953918
1550817.199458239
1751189.7797660585
1712109.2402625512
1666675.0103492865
2014490.2965331655
2367465.065890331
2809193.4890361084
2840669.309005702
3151130.8380531864
3762941.8085747757
3552444.5285936575
3147133.330356536
2869610.634316946
2657784.0902049434
2231893.4195336406
2198370.923720779
2203850.471585152
2052097.2419993442
1949012.9528511884
1913282.2578483932
1865196.5919596846
1730411.2657989932
1881404.7927390109
2140103.3723414103
2297089.5368905286
2410382.0652127233
2321860.880219932
2253835.5974580557
2503411.5835179808
2550227.7477421863
2631758.652761956
2517391.025473199
2441133.204525828
2615821.640753548
2376577.1536918464
2232905.8837896506
2057840.3079190068
2234359.296942558
2040839.6817311703
2186243.317297411
2232632.43453756
2264193.2866450385
2320699.425882902
2120415.9527813056
2408671.8182333237
2252737.573491058
2152708.8010395253
2302826.1933093388
2298493.927663733
2277521.671073126
2523145.56737282
2437025.7228902723
2373500.1084897467
2214649.586060066
2376212.544273907
1992227.4567255124
2255260.6364262803
2238847.762123515
2647914.9379329924
2449367.1379979476
2610277.8587223766
2438974.733773351
2345440.1239413815
2561466.8563778684
2600955.820720361
2526466.5010514045
2538927.71644465
2787505.318024545
2960485.7638438134
2589264.4052240164
2626492.0692084148
2369412.2216015067
2728193.0791130424
2512973.005832195
2499604.571844188
2259185.778678729
2429467.680726455
2445330.573249746
2317832.403679179
2702453.495627537
2934594.884139235
2537347.685608453
2473004.6815471943
2384107.943683434
2377162.767610036
2433045.7304167566
2459704.0259070406
2596533.8758492814
2565488.519920249
2375258.080385846
1965687.3152515239
1962792.2617919513
1820090.1515962412
1641901.7223645658
1751658.1557465754
2060829.8558444276
1827355.783354702
1985709.0130473862
1999969.914488416
1137388.8
1267201.330767318
1354225.7841752623
1246816.5109058497
1107588.7082329625
1109286.541569571
1212121.4646629004
1160047.8117861298
1167565.4156632554
1279893.5473800786
1094668.305253264
1113741.2456810407
1175380.3256517956
1226541.649080068
1118454.3847386995
1233401.2390199292
1215094.6306981486
1212896.6313137112
1178807.3144400008
1169999.6837196809
1222682.5403051835
1044432.9316932386
1057921.3673717377
911998.1812082059
869480.9392108532
865936.921550623
823806.9261142602
871943.2042103079
858165.8732524829
848981.9211388729
849937.6920006946
798249.86792735
796102.3017701337
810870.8824728698
777900.8216887916
860679.9517141692
845132.1185664781
806416.9278485487
807283.6850356439
833062.6950365596
866670.7348754233
877938.9536972856
855540.3311850502
854912.9806045059
893425.144887892
1015330.6677004551
1160482.583992048
1229002.3791433747
1248433.6872235998
1170312.6558452477
1337699.3006611285
1132064.8204370888
1199998.1845593248
1101148.2363792553
1045634.7334434771
1071438.2374187373
975620.5375126713
891586.1669713133
859185.4802113178
759156.2230765674
708180.0638126665
854276.4170009303
992375.8074227223
1054891.3135084922
1130872.7258254993
1065874.8135058647
1077698.8281436553
899538.8022493961
914987.8475385135
905376.9178193995
872894.6459249223
890570.8588085319
892532.7494905364
910716.2419059089
874553.4911592864
856450.5664531462
815743.3375372941
711409.0763909074
710779.7124678263
713890.6298173538
810865.3510629655
814924.502838499
795332.5471179786
658721.2368350805
689148.4160321736
604572.5247104996
526494.3049558714
499734.9753965794
517447.82088200713
518397.25031806005
460164.1185467312
382740.22535346367
394220.69313726807
379133.69009795977
356468.12483877776
367925.51450531237
426947.9958620164
474999.1635043978
519485.49036544375
520433.07439396775
534915.8563312003
541082.5666999927
564072.8788914477
651525.7391709209
720918.265756426
765509.2069571592
630673.0781936821
644442.8764710724
667941.8761459055
649851.962430455
556508.3138032601
