1137388.8
1199803.2422887525
1187345.3775888477
1115657.585839657
1080026.0736416033
1116298.7721774164
1235351.4199815723
1172287.5908552045
1165796.561793376
1296643.2671154446
1297477.7861758526
1320377.6985584723
1294313.9708063032
1188269.1342716492
1320182.717622277
1436608.7327850133
1627103.6871086867
1419363.5851310664
1323449.958533972
1383672.0795243643
1406679.7986654604
1618085.8507685408
1578808.4794013046
1641656.1700706086
1681994.8580064708
1790317.646770645
1696531.5729195583
1736619.6694385482
1720198.092299772
1678237.7649508994
1950114.9334530914
2209064.0724113886
2107407.154882122
1643503.907900751
1666892.4547372719
1624649.4211682994
1717060.0756421005
1648288.3646510781
1633247.6161553327
1575503.8763416086
1590704.8762645922
1720881.535376933
2094717.0120007156
2094376.576292573
1702296.2217528285
1731450.187417603
1578202.177956199
1510417.8882306041
1468080.0352948958
1542364.0520326924
1304756.480897351
1334384.2848376196
1419930.420992525
1330323.024766103
1335973.2876723323
1424275.4122891193
1307612.7750692344
1486853.0793616576
1451043.0536635276
1308300.283100242
1253986.0018232795
1232035.8402595099
1260422.9182760718
1095667.7050107913
1216900.4341109798
1151626.4133075175
949921.835382016
910172.7657551747
952850.2705369423
995329.768564647
1025509.031722454
1026369.9073268028
941272.9125788787
927871.1666777005
857542.9655297091
876196.4816015351
863107.8633402862
828519.2685906931
847370.5678455199
926824.4366807045
846805.9659486911
788148.4860266764
753099.4760926444
908541.9868851244
768190.4806488159
705167.9344792134
715260.6101483935
758664.8397249894
748921.4608861369
672588.6775380825
691379.1703359875
740464.406360406
779499.9964838095
858103.1863334891
886775.5388379575
920817.5801655983
961646.1803817585
955243.2370112598
975741.8473807062
990836.0286226777
863366.2418269023
794651.6613617865
864003.7620049822
783281.4179209139
793658.6319379169
732861.2391138818
707891.6819629146
730753.5405954156
636440.8254714218
697265.372626731
694456.0661564026
1137388.8
1290707.7706571787
1284558.6880329568
1329373.0339407686
1063266.222899951
1136142.2351414321
1190675.982514852
1162026.628487976
1174123.0867064758
1108291.9303423774
1076089.7627660984
1049555.9613124288
1012552.1612794775
977948.8162004639
1151283.1610035857
1017143.8168368044
1019964.7778344442
1077393.9235136423
1180884.4697318939
1188533.4945114765
1044011.4863829528
1097985.9186674985
1188329.7101031546
1097989.0219406125
1055209.1211915808
1095287.7715940645
1068015.3259296855
1155054.6854751527
1118090.3446501563
1200370.5268151518
1240583.4220852463
1192377.1529496915
1177037.6199732895
1170203.3289364998
1174720.8687387803
1205415.351739146
1182604.644378232
1074194.7062707604
985336.2273429768
927394.4450895836
804583.4320550488
759496.0174543649
818360.48779762
797521.9388631127
739039.6476185166
709551.8581532227
677326.5022278846
619670.295253575
520088.6543796543
535623.3808425381
551670.8953355215
572204.1497927625
651992.1366140442
705640.640778606
705864.2968317199
709974.5696692195
725588.9973837427
737318.3475871618
727390.7089120781
640975.5187032135
578822.5252315341
573620.3420643508
653846.10220065
650438.9512259659
608953.4762163742
592376.961886654
684516.208569968
701528.23597831
785948.1411749488
811915.8556626117
934648.3723383424
936955.3530809028
963400.9679167604
922768.9643963475
870463.4746651723
988681.3911148658
953187.8321890417
807471.4688434151
806593.4346450965
896591.1717097105
905009.7117333778
819111.9147553168
878102.4129506416
957699.2664967311
980592.5777802954
895237.2360433906
899975.6382169673
921608.3293285919
992665.5635419361
954577.8394982249
951977.3269875586
919584.5981940982
927187.55392717
806286.4725670808
826858.932141225
925564.9166004751
859988.5773960984
927101.3970383325
857233.5334674788
847050.8023883575
786605.673978377
779759.9562422336
839312.9668780619
869292.1936840812
815546.9750393301
811969.2104932766
779398.9765680771
822435.5689234069
802446.3941554133
857278.0894431274
849509.506127561
