1137388.8
1124502.353464523
1096520.1658087475
1179345.643668725
1023112.6173006
1117271.597827769
1134795.4310309568
1187869.3780519061
1110352.0211593555
992403.019171269
955431.6258088002
854248.8007234904
926779.635428457
998652.3197179275
973622.0754773472
932408.1257934722
887538.3560563439
899677.1654522447
975796.4494678642
925762.081158256
927022.4220315644
968303.4497946041
1023723.2847493826
931597.3144247293
895285.9201664557
944167.1152412101
943954.5725285595
869079.824233446
754271.2638927762
707499.2556512466
698106.9453016568
690916.4440961814
682279.8570615096
578395.5090934004
539458.0746599236
554360.9852662011
518062.475809675
516215.29741500603
481555.217747555
498068.2783621498
499713.9276391924
499586.47397135175
542300.2954397307
606080.1447617381
677728.3671936891
712083.3928218869
762139.9915907597
753897.7250940581
756038.0423790679
828752.9479093391
773167.1607852102
803425.9590078142
837832.6180051859
823177.5088011447
820314.4460493854
903376.2327791704
993819.8871976155
933040.7111183591
878703.9473491345
978119.9430141501
816993.448868211
888338.5268902808
828305.7414803607
921908.6522509394
891334.525642374
890308.4016841346
1077230.6423087898
1024164.4887418947
1069736.815593035
994547.1014520928
1122619.7468846783
1084720.2143463467
1210361.5096899534
1191437.88822094
1246067.2457076337
1256394.0949210268
1357470.2260646576
1405610.6213475182
1433648.7618274158
1402442.0876922426
1304116.8762120225
1102992.6028462178
1073853.9417331298
1124801.216933057
1148200.5927407662
1112628.489357478
1104706.0377487794
1127315.73229105
1297546.4340426987
1469864.5809960046
1418827.7120976425
1444957.0627655368
1413767.9305603707
1497121.9734187808
1538811.6755318162
1631716.0496442637
1585983.6771972314
1459430.2574165487
1391794.4966234192
1483592.9123904523
1490336.6349048733
1533890.3138324895
1540901.338784754
1824108.5067543013
1720122.4884505167
1840089.1757907746
1980455.2667420062
1999941.7073014067
1910221.1119669348
1940938.6625532086
2060389.857593318
1137388.8
1197771.7957527747
1132799.2753758559
1231278.7694729257
1058298.8276107581
1119120.8798788108
1002296.3784102963
1068144.3163889158
1134859.3390818194
1228422.669250763
1184960.8672619327
1159013.6020786054
1159789.9486905888
1210367.8875510849
1208417.164297792
1126438.585154459
1217389.8167078719
1240801.3318428493
1290237.0916101374
1366318.1822387779
1361878.1165284207
1309265.9681728652
1436924.2984547818
1408879.4657094267
1409170.937619619
1315914.094729673
1316565.0760289396
1429467.1382881228
1496451.843447955
1874542.2468131245
1838941.3595875558
2034270.7504807988
1954198.3814924809
1945598.0619910595
1815162.6374310246
1557538.9768513504
1592015.8378176182
1445454.2217752174
1488794.3571457632
1478064.4407964707
1595004.6904607373
1640709.8185369824
1500349.4202446667
1490785.298884894
1500758.558443953
1471169.291541649
1466787.8367260974
1595821.538089367
1686180.2531028374
1802693.889832492
2005419.9209221618
2068359.9413753536
1831998.3470777012
2094657.6597508395
2295191.8146068146
2232371.5507871383
2136528.157090226
2227024.696528593
2335585.556214886
2676055.4977574223
3077251.569617336
2793489.1659400966
2633356.015457371
3020064.86708213
3119598.2641403694
3109329.550972861
2978727.6724945717
3166283.631049466
2780427.197549842
2446699.740819586
2597884.7921381625
2599053.8021444
2452438.4758115597
2572154.2462926228
2670128.505154179
3001123.8028565007
2671715.98663021
3025428.435044016
3287528.2836161642
3056985.368251606
3372518.5395011283
3007508.5317842034
2993339.39976545
2859141.342725893
2986766.872712919
3317860.7130179126
3207919.490352225
2849292.4180975123
3152695.5473792115
3006619.761911399
2882656.9627709202
2888605.827322498
2988999.9996662955
2802087.6516319667
3069676.426024403
2797883.766274396
2934826.04806478
2780349.288178358
2738970.512326128
2733639.213311838
2761293.554317572
2838323.251759567
3098318.0783453514
2999786.219198103
2962024.566207582
3275730.7120235767
3036582.932571266
3180902.8249616562
3048361.630378667
2871674.5380943036
3074571.514731646
