1137388.8
1060844.2036411671
1085035.1287198039
1057459.5563962457
1044808.5724047254
1068090.316328692
1045780.6439518152
1167377.366857574
1166897.7365540876
1258114.4716000222
1369300.0394109343
1316824.5621640284
1265912.6561206714
1265112.0020098758
1475458.1616049772
1465144.9145430687
1408963.2893825767
1270352.3733780405
1341674.3729192796
1302362.081096389
1311075.228337547
1324642.3728968648
1222492.5448029477
1230424.5723132682
1292677.6722464815
1319809.2843093884
1372869.1086909946
1374427.8869781285
1313517.4393863336
1243911.3186005128
1343409.3094054966
1443673.404196388
1318594.7085625648
1198186.2679505956
1256929.6410383342
1280206.019810222
1403434.7930759336
1567319.1082176454
1681853.1415714412
1586873.0023986655
1592828.9028543364
1623054.3526921077
1486377.7173329475
1663739.5414608975
1790073.231267447
1691103.26924362
1664476.270528207
1591638.7086167417
1436593.674753007
1458940.70296639
1484463.7318538397
1674560.651298059
1689267.0835054738
1724520.1863814897
1675829.5440933139
1487749.0160370925
1426515.6993290053
1214424.2535508333
1138284.1439147652
1075356.0297053806
1154149.0779441248
1163961.0659893525
960930.1666711794
1052304.08913096
984064.7511800817
1044141.3898316163
1034014.6015661743
1109403.8056971014
1147807.1384903044
1143177.43162561
1045841.5018810522
1065177.1092017924
1235994.1707835773
1267166.3217856062
1347027.0034501343
1644935.8510712443
1773275.8366773743
1673218.3506274652
1804020.5078907907
1704948.8097840573
1735101.8428149999
1672841.9444108685
1688993.3892795376
1592420.2222379728
1521421.638946835
1444267.0016048579
1570936.3756039501
1451502.6393727162
1473407.0329727656
1413213.4854362898
1310837.2643830795
1399729.721583334
1378585.8140098965
1148450.979511322
1157365.477466645
1073627.2150643447
1209722.449642413
1371184.1132370203
1376780.2618234686
1315954.517965561
1465480.1137639116
1579851.000124032
1553585.8138608034
1673351.6308410333
1865150.052629267
1988059.6082267002
2031470.1929734687
2431168.3049695767
2239053.9063543547
2441476.6360113975
2487567.3893389166
1137388.8
1213637.069457617
1363044.401749658
1233467.849626119
1460547.5910341165
1550653.0374212312
1591309.009897499
1623468.6450025951
1526182.715593389
1457353.1701200807
1527895.6425885481
1624046.9585246267
1770788.8767431497
1835716.7049797915
1749345.387878214
1856966.2990012942
1682696.5524545414
1691885.1246146495
1572425.2741380287
1511985.4959871655
1422883.6192702614
1595779.3174538633
1719086.7798869838
1641567.308135271
1436515.6930551466
1314637.0603036762
1293667.1377379925
1255758.7281755796
1323037.1268213405
1257544.5526668911
1255839.4789195396
1162718.512578263
1105669.962393358
992813.0846607505
998016.3491195193
1016801.458172
891899.4599878946
861637.8231304316
877443.8888115525
770976.3160300201
779093.556616859
752731.5325841147
660282.0406297821
676227.0276408625
699014.0937623131
708947.9134026802
657369.5839167547
677682.3977276053
623947.1416722371
634730.1107752578
587563.7163645938
618561.7353464385
544081.3969366088
532781.0752874478
534211.9433695647
516692.21452584537
566687.0897290959
602417.5563720039
544317.0007369063
536004.0048180623
491675.00742367737
536139.5439173365
499057.2974649916
548891.6328183156
587711.9201496472
573350.654420148
554597.8339131384
462329.87287984724
451249.3997053391
436241.4380363835
463395.6609826695
494988.15981488815
461301.1557528182
475480.30569658935
522933.2909333394
474831.3797226609
479411.78043588117
519136.4418441214
556093.5531022672
514425.01867847505
519970.4510415215
577392.3039779257
559472.3405260001
601077.6228287836
568405.5774541198
534759.8137026071
517555.4714221542
567813.810579044
476670.27927727747
525003.9689408483
504920.5347191904
477307.8469196031
457697.7618096824
488925.390411782
560910.3560896374
502692.9509686795
544964.7421236581
538595.6582586769
494492.44387250824
535493.2495489506
586931.8148137665
518649.57389824576
519000.9569185561
514538.4240587839
544288.5241274217
532057.4854078251
526930.0867100068
536938.2699527603
517644.67463657114
505196.11630087066
513123.9637450997
