1137388.8
1067666.6482503647
1127164.7351873654
1073806.5618707107
1014341.5396105734
1014333.2076112684
997936.0724958741
1021620.6682821559
1024456.224951553
981175.6108705276
1002588.200952229
1155643.4294473855
1096964.1257759181
941871.2847621526
910106.5052046239
1039601.5951666543
1048196.2166465942
1134599.5967626234
1280862.5770051568
1318868.686420367
1417116.989523506
1448658.2954793123
1376710.7892055037
1356294.8536319446
1194465.2692135812
1237175.8828508158
1206373.506988688
1273148.3177696231
1127029.1077546803
1164502.2438188656
1132815.4521413776
1030967.6102110792
1182870.264725399
1222090.7454881133
1304489.697872058
1050868.0914320499
1147465.7937610876
1281012.1932157762
1203063.7062336076
1067152.155965162
1090983.8201283386
1124441.9598793294
1129368.7338226775
1116983.1938025341
1191493.212267459
1120108.4682133403
1115573.7338233662
1088385.6358223374
1164643.933119758
1176117.7263124327
1182869.9912372136
1233350.159214313
1368457.5494820701
1367788.9457376336
1351990.1919563955
1287529.2113913784
1343185.8652844152
1252739.7977320303
1321393.9169584191
1482370.3797145563
1446946.8649930295
1395559.5836203713
1368252.0775541372
1487659.548188035
1414588.6220391917
1205447.0644210537
1093953.448978973
1149212.3620765717
1093511.418149421
1066439.4145312395
1009698.8255122596
959491.1129207182
904892.8788946617
800969.4077617525
773559.653418518
729451.4819390146
755444.8724403387
729435.4140903482
712259.2898019148
734367.149384379
769223.6942312568
728557.4363364448
711044.7874240924
699885.1046547494
644742.4558161254
636423.8034326715
716278.9040355918
734692.2135461844
717961.3719883903
659321.7682224477
639932.6197263933
693271.0821134148
671955.6472168566
622293.993805548
620397.9317827823
594704.6268464454
662803.0389530499
645393.4648719637
626915.5690522038
605504.0255626584
586396.56381751
524199.13470527856
501789.04357147304
481275.83775970904
510064.6165230177
561234.8345805949
569326.6930633762
596419.8801123
528300.1782559432
494511.31558344344
508301.8799671741
1137388.8
1218417.7861768745
1277341.48767072
1449722.6893250826
1474388.5855554447
1534146.8590586428
1541384.8375641378
1529887.5088872074
1534472.378823778
1531262.2989538861
1517101.5131441352
1599966.48739774
1458531.971717295
1458679.6202739603
1384728.0932601667
1313617.2280224892
1375532.6267306344
1311490.9034821899
1426898.4875554321
1317946.4686750108
1349845.3421074096
1431920.683442776
1429663.2441289355
1339346.42985126
1442030.8936850138
1523149.2574259504
1557495.2840475703
1733047.8896273803
1664019.2117995264
1588309.6253321778
1558045.978025214
1498094.4844283652
1545032.2068642396
1436096.649983553
1505109.7894338972
1470940.3276750739
1691147.8230224673
1563502.6746091903
1422838.9544747635
1497712.4262937563
1628428.62604902
1681807.7627104975
1717463.6321338792
1761363.52529333
1697060.2275366988
1612584.3184675472
1487823.5356156821
1521799.7114836448
1359551.843161177
1303452.5869584463
1309221.5572123972
1392619.1899315112
1346624.062730173
1071935.537373956
1286014.4252414028
1640258.6674234024
1452711.2350441609
1364616.431805516
1365988.226350299
1588580.538804104
1460150.2157121238
1630167.829671081
1633588.2316637859
1527402.9809327137
1726812.2281924493
1663975.97091852
1574009.8189250636
1615956.4404545175
1636298.9709678197
1824369.4934889951
1743187.1373466842
1799733.6351872662
1961277.7505279498
2006552.1003108276
2169149.3156608944
2376172.3211821103
2596249.075834037
2828523.2887979182
2361286.373442317
2149340.0183886415
2086443.599523965
1691218.7809138137
1634787.8799950036
1474066.6937982657
1604027.285551029
1466784.035584992
1500423.3674922169
1504554.3830388102
1327619.4343042253
1470100.057197417
1471862.0376591273
1547419.0203442033
1849156.9951416906
1779351.0558915283
1862952.8906043237
1914097.236190156
1941401.4525032085
2009971.4651689117
2041096.3834145875
1923766.3294041746
2001211.490613131
1954132.9220939695
1896667.0107193764
2105377.198447269
2188708.5509926616
2205937.2490620115
2019396.4667280605
1951247.148721893
1850234.6601331218
1742012.4576361228
1874641.4812929642
