1137388.8
1244162.8130451217
1308827.170346902
1256230.4152964973
1181893.0523340101
1018980.0318212572
1006356.8611281393
1069653.9200395688
1145435.4311658032
1242373.9679295225
1321663.4639045587
1336514.8675191423
1350891.9081292977
1357714.0472939357
1223500.764880022
1011329.0139901306
948701.7993654914
919292.5055141456
907175.6250003997
884290.0346075533
833565.1477655973
883272.2244659101
784333.6466984702
770636.8452907437
794016.0064365215
835296.2964773014
841624.5929813467
835292.5420867256
779854.2581897345
704568.8578138406
678794.226538723
698391.487570624
686501.680975104
787103.9888828808
731050.2985420976
690471.7416354227
692451.862867426
549755.1153759182
536582.7992462687
496880.085667323
491602.83548536565
447217.28403955145
470968.78551554115
489629.0267250745
564841.8298845951
564019.1009351581
536540.7451778225
519132.778437361
549173.3839518313
554592.5051662304
651674.2048798844
733240.6357949058
903041.2216815433
898540.1311207088
994909.0337741243
935757.9921470756
1032263.9026473833
1198832.901925929
1339105.3776227888
1132322.5405267996
1151957.8772680794
1062600.7834909186
1010414.0652505046
1047435.0603251245
1020381.4358110498
1064579.5407638415
965068.4907220221
1071403.2415964822
958714.479551191
996031.654659138
1089928.1388589342
1181579.3724871518
1162652.0340882211
1168741.90046128
1187971.2678015481
1210236.8048965305
1088330.0409403902
1101294.916052412
1258344.8882146901
1172402.2198751636
1303044.39124918
1148564.991450308
1049592.6551891037
998819.5705225054
1028159.9572355248
964309.9586760815
801949.2279063307
794899.3972392866
779404.1926356656
713336.6911829594
679440.2344471558
714927.9150622349
648114.4272898822
583513.6600632988
592866.3655669277
604454.8287178277
635098.1881300496
655708.1184985996
784982.0376863187
738060.804218104
726668.3929015527
742586.4308827072
722103.6843225696
694039.0680202799
694288.0151603592
650432.68646879
726658.8391682538
728786.0997856173
739201.3292834237
730123.0909681189
701701.88464042
1137388.8
1214286.8397419436
1134106.3176722275
1156075.8968266817
1264755.355973667
1174580.0634786433
1058270.4086391882
1260786.5749780515
1431930.2833547564
1503283.0423217677
1582914.6774233358
1576350.7024821972
1731051.8849057497
1696213.349980184
1579115.711350612
1611555.2891452475
1653808.3745163
1876957.0528034396
1951683.9302170544
1918503.1941661183
2035234.6923621357
1840253.361768974
1731668.6987512137
1896806.3285055896
1891342.471756494
1732813.2199914723
1583531.7216102972
1661914.4157475522
1576978.811710125
1740783.1994363274
1651745.5795566381
1725145.5814732625
1924674.1367609447
1749597.0584908593
1773903.7936599154
1764467.738717019
1814245.1639535383
1873655.5970823125
1753058.6212168094
1775629.3669947346
1698175.1846817662
1943857.405800342
2054547.5332447807
2155587.4253664925
2212243.7559112604
2092761.7233676438
1944994.197753329
2061874.1959110897
2286809.810673302
2497331.6756357597
2247666.7024120507
2396899.514282561
2740480.1519639604
2602465.762342404
2686653.7155552274
2519070.174074407
2515881.5987642817
2924127.0800459636
2989339.057038134
3315391.3942512274
3233855.605737751
3487147.6706568855
3663421.728250944
3630004.2060649935
4120587.065255162
3777800.0852932436
3792300.4550988544
3713505.8338879766
3790615.4883185853
4028706.218630529
3918038.2475219956
3756382.3164159474
3979397.1598549443
3790220.7082679663
4099516.335182714
4256372.2168456735
4028418.9815798462
3846427.355862329
3845040.074663835
3573445.6191042643
3543231.6306120665
3393813.394170463
3477350.649890437
3514654.196406269
3562577.2738021063
3426175.375273246
3392034.412923078
3372858.771088099
3345613.6755116247
3145262.357741879
3232820.4393348536
3319645.0053076623
3454055.3551189136
3815224.875896592
4026170.819738955
4075174.7804224687
3929801.5807765583
4314243.884704025
4290706.581588365
4624770.198669626
4736549.737215412
5156282.421755454
5058349.014729287
4906274.373351391
4629002.49353167
4811900.8030607235
5014145.341887512
5618954.579600531
5096789.331018683
5073938.01849645
4921355.6470155865
