1137388.8
1178398.601509057
1195214.5907482356
1132956.6246663108
1023545.3839442065
991481.3548674872
1030122.4993987171
1140961.6063784542
1005826.7968434911
1058855.770313835
1076852.4006893272
1037708.3740690562
1258540.3568968968
1322504.8036901006
1424628.1207245416
1438017.7322623653
1456560.5590508522
1613697.011668606
1557631.1708852688
1694046.3334002013
1547292.980785175
1637508.5405691336
1643972.1875916289
1904039.6339668327
2025276.5283381674
2117980.267240848
2133637.6299594394
2024624.8691959826
2113087.186794005
2098145.7127581323
2101230.5702586747
1979071.4858277536
1920495.9396891159
1956259.996261372
1964448.1463560387
1717010.235539657
1692792.5428812488
1504184.2753281584
1657046.9227833983
1705505.2309463278
1352566.4134588707
1355448.3297830315
1332724.905175014
1242846.7415198705
1193301.9709563742
1196111.3376794984
1126529.1699525362
1267580.6611411753
1272388.5333505883
1188430.4729703597
1239984.5642619845
1305271.8541768806
1373415.2101701726
1265589.3790597722
1181739.6437345583
1266904.6940664104
1358283.0320959538
1244081.758962784
1292817.7815570496
1356917.5952740135
1528817.0439758252
1630841.325832903
1622336.5467742255
1723996.635598239
1440573.1438425027
1310006.9053382273
1295310.2546301603
1388250.7464687882
1303627.357242599
1350893.0524152191
1360789.4586633581
1511416.614391267
1306745.9427977197
1370539.6895051035
1276841.9687005854
1210528.7857480752
1359708.2315617984
1294896.5126809091
1213828.9309381288
1149598.1726097667
1114898.8796580618
1083355.7593505601
1173536.087366428
1245167.680515846
1182665.1049362086
1126666.6723161854
1197486.2173057527
1276669.1748056898
1144028.9805573889
1354619.0525720257
1290432.7390943917
1153640.5997422677
1131356.244837101
1174851.3337639053
1244237.1903933205
1181234.1460617897
1228240.5250778866
1257806.600931649
1272130.4319346908
1455880.2266348754
1443423.4581480927
1325011.1611248236
1304924.8565015793
1348232.404891265
1431007.8676559322
1394143.5372082882
1738336.2327559846
2020095.351491879
2234001.745277486
2363326.80322175
2518613.348527817
1137388.8
1096195.9433207319
1279310.2481156746
1401458.8876239716
1416174.2690921726
1555366.6275774688
1447905.2187201423
1409291.9301566456
1337870.8055196952
1437549.9449369558
1446971.6185001598
1511453.724499301
1395982.3262048417
1493355.0544321868
1571096.5239952088
1557974.5771657955
1415618.447913424
1464661.0920350936
1471467.2640676673
1270356.6545933639
1408057.8632026305
1455181.2307080976
1773822.1871852372
1922093.6830568616
1994830.3868125754
2239140.6882488565
2306774.0966833895
2298285.9340713886
2249354.2532388247
2288575.009572145
2671767.9385373318
2858256.1526013613
2787713.894488401
2776924.8477329914
2875405.8139138157
3254461.928514091
3098757.173276889
3378810.6295576403
3623974.5873462236
3339596.8976577288
3616928.7247187984
3654346.617228773
3673232.314242738
3264339.257667091
3499567.1619808357
3295036.2987101055
3336789.1010311637
2965686.0736363046
2641457.2822834183
2658283.8163408968
2613023.1634966442
2869740.7508153277
2911517.9978596955
2925293.262587264
3116487.2005023314
3003525.1166587593
3012553.2302738195
3518680.799496942
4185950.8022575597
3671657.3540677507
3317910.7313540606
3361678.7339606932
3489234.048305835
3063974.1466494203
3362253.7381742178
3289907.8865225245
3369189.6766911075
3271248.6619930314
3113685.0299944235
3161315.351489769
3024322.8667585533
2958598.1046850123
2716040.339321436
2590407.47230899
2251285.8915862907
2082146.7657244476
2469973.9221029906
2596221.678667572
2592560.3345389124
2497416.471797826
2552925.615462202
2424754.821704913
2499449.97773825
2429163.266746877
2483447.7806710135
2675655.8000753825
2259145.3137640324
2111731.34464105
2206476.7444841987
2251460.709182721
2142693.2035763753
2195471.4089336316
2289854.3570934827
2232404.761388828
1993695.8657009902
2053410.0149095554
1933889.3737500454
1939064.2549770528
1924561.8951964465
1961366.3377749973
1979986.884213305
2073935.8756205144
1980389.3827570574
1862126.7123465585
1793849.4286013625
1790344.1605651667
1847222.7514631823
1818212.9297861934
1918401.6247353072
1869769.424961194
1987679.1101428021
