1137388.8
1080839.2789931232
1012407.912180178
1022772.1110987532
965115.925687607
1019084.855644088
1052168.9304160608
977498.818328146
947376.9914318048
846614.6379931057
933843.7909768487
969367.7989466562
928933.8684562559
834831.5217752516
838297.364603275
892230.0705783718
867618.3325987654
895552.488498621
991868.1009992999
934283.2429941708
914595.1501948131
941775.0003509946
949512.8459080065
949277.6650651445
970787.2142709049
1036241.1644348421
1033342.7246826596
1215829.9742102132
1153274.4641042359
1158485.2720489148
1095265.2841244705
1127252.4440276956
1222264.832416818
1140510.170906105
1109012.6627878337
1072012.5552214563
1100560.568279746
1055500.0377600116
895458.1808041172
897289.2183749985
971801.2704038612
891659.0167897601
968024.6524854066
949517.92409851
921071.5805805824
897558.4671238249
839085.0139465496
936927.5933735343
925476.1375470245
956390.3506784992
1014920.9752415885
1001582.5162753143
1161745.04284913
1166287.8342958307
1248770.9448137386
1297447.3149445534
1093597.5797874052
1101061.7507339227
1147093.3401012141
1154985.554896063
1288733.7125389515
1460282.3689188994
1356896.3837263382
1372927.860516691
1395182.1881784466
1387689.968067881
1548008.6888926283
1668073.0901812501
1698491.8143743756
1715090.7978892624
1629507.0933658632
1641366.835024867
1781480.038335379
1828543.687142172
1826804.1083368245
1755763.4249844286
1741930.7850303159
1902889.6946788789
2184644.08567287
2077524.8260434296
1794615.9599346837
1837061.6548948998
1894445.6355983776
2066114.47648566
2082441.50612316
2306530.037934393
2270234.040764642
2375636.617507147
2340756.178886905
2502966.809236486
2670080.2864647075
2969548.417367554
2775447.245525108
2632369.7169045787
2538886.9976230576
2820765.2034125705
2829657.7839982654
2842958.595873481
2854651.93297984
2676350.628671874
2591648.2528244625
2523074.388346908
2175681.4486912778
2083486.6514250056
2023685.058488015
2232250.4479534007
1951294.1706274175
1967028.1469160125
2091979.315726238
2195577.655009089
1964879.8514981724
1137388.8
1343350.2807272668
1433207.7215586042
1480298.3245240338
1473245.1646714208
1527195.5528584656
1592469.641192577
1644384.830766476
1802027.7075864938
2151267.007715486
2209163.6392559954
2137253.259484363
2124473.4143749205
2340208.793147714
2556046.9504123083
2602509.0021968987
2625757.032858237
2774201.5629700036
2797279.720420805
2950215.526298214
3186241.740980991
3554233.756457349
2997759.0483861794
3309393.93830476
3626164.244726132
4025061.6603562464
3889427.704867635
3413681.9345665458
3286800.3920263047
2847986.7328819307
2881023.8906015637
3084809.739181351
3215762.8991712984
3336043.028762785
3435524.471993317
3853770.579515943
4622022.950008701
4275667.884046034
4384627.406143752
4429482.110301777
4312163.363149716
4339428.394738601
4806074.210530719
4143019.536307508
3877075.3185098013
3858174.957953566
3704136.9686325607
3550456.7926727906
3387495.9914947464
3638304.5395508325
3597159.182881168
3255473.4198669507
3593894.648136468
3850017.833929109
4020029.089083707
4334444.237330609
4738004.070320277
4392765.07848412
4916766.76784965
4532684.118380958
4367681.285080512
4277565.949888438
4395924.904608827
4256704.7984462725
4603016.223396339
4388953.317331041
3903897.814223504
3726849.727080393
3826354.2049053116
3659423.2431992544
3905740.1369596943
3764813.7926069675
3563407.925939963
3317627.154258423
3374606.5104858465
3263727.4237270067
3305658.388504273
3394329.013730377
3128059.372109438
3011927.753302913
2729355.5403994494
2720657.2196883713
3036625.3374767476
3039390.7536993586
2869858.094514043
2445358.892457271
2283252.2337759943
2573132.512117973
2447737.6662236233
2341149.531605179
2259870.083462726
2184139.2648234726
2255537.686930343
2447034.4898088695
2404182.036636846
2105782.7356372545
2248448.9470494012
2339526.332437023
2356621.264445551
2390604.597057071
2597852.5481501464
2718185.8192724227
2738236.0246490613
2314440.780350303
2227015.254491585
2315406.951850965
2395763.674108903
2324061.4770567333
2180293.4476044658
2306575.495091951
2206214.739206562
