1137388.8
1183591.8100704956
1301839.3015348522
1477221.1379631315
1716562.3868984424
1707283.823511604
1529921.70036787
1567830.5408203397
1506974.2993181364
1677443.5377800802
1885999.902076552
1991620.662691619
1972422.0120799174
2039878.5440338056
2088788.6587348974
2504636.431877216
2652456.7647575247
2561032.4658727567
2660546.600933784
2671650.3577951645
2812986.9255977855
2903676.8574147522
2825104.3552174335
2533369.1494224733
2634940.018809829
2837601.3279205374
2465500.473059166
2358085.2685747994
2097075.5391536432
1924454.4161785883
1720501.4591298318
1597442.320131299
1708221.7781576056
1836210.9018253817
1892086.668789337
1751681.5592244512
1849178.8385142908
1769204.119224627
1809390.0836457992
1562098.0267920063
1638042.760601975
1657606.591971135
1538427.7002949656
1352070.9849489753
1314144.9445700445
1441508.3753329946
1430561.8094554553
1384427.3924695624
1346113.3261314135
1280113.7832439842
1209408.0031536282
1136801.9179098431
1147934.77771737
1363307.5640645816
1362027.8027428992
1216028.07560138
1111433.8041530717
976001.9024389834
898612.3132877288
869556.8801336244
822221.5300084137
887108.543180214
834427.2315308118
991290.8142351422
952617.725918705
929949.3147893583
1002971.4366976143
996596.921926448
1007440.9904882679
1066954.5745232145
936941.752676617
876907.3934725379
935989.184770307
886897.2699079002
932495.5783593926
877368.0733594268
942002.6820832315
1138225.3268729069
1177113.9889749165
1390677.1421548782
1313254.764269952
1342734.8410706015
1435125.9695693187
1403091.7934118996
1333389.1639097133
1184471.284120702
1099727.2957249042
1070715.5102399583
1108942.49887599
1004939.8860647279
951463.380039743
909893.4652678446
871135.5989614463
907920.0461522843
1030481.2677296107
915360.3610795324
887454.9699292124
841334.516472884
811545.8602168699
761388.511326531
707628.1547353423
748004.6684102777
745331.1152990973
728870.3238908936
704131.0744754839
643163.7611006422
619813.1171807142
569162.1483834428
548015.5476408178
528224.0144803377
493632.75696785573
1137388.8
1143531.847929006
1173830.5198631347
1201836.0889991657
1185257.7035495255
1212277.7432818252
1118286.7896815706
1088574.9134391567
1086570.106178273
1112752.2061863926
1129626.0992830344
1064425.239737185
1202769.3136305797
1168217.5504314613
1297617.204754326
1236383.579691347
1274978.8095659849
1281279.4429894492
1330416.8640508302
1235778.1022004366
1322554.74351664
1196023.5749315796
1153853.5925057635
1151983.345028536
1219908.5737072795
1291076.6491996576
1096381.519289566
1071870.3992051955
1043800.7585740618
938236.9889076657
993310.9602498169
962260.8858666512
930423.2631870349
965685.1189505245
932944.1148716764
854255.6433039154
857991.2231219314
760698.869751769
824916.2133302271
823980.4155903376
771572.0842013418
862170.8283841835
842825.3947793347
839485.2586371645
861152.3991021949
841925.4566320857
811814.7218265103
819685.2124798616
844982.2678829388
847518.5865061799
806372.771750224
832179.182450353
915268.8652236002
860253.158154017
781833.7450773412
781783.3566738444
760358.7905221542
698711.6547009848
672198.796865999
623475.3069484312
658166.6694740979
632775.493621875
684268.9636269609
698507.0002991967
723674.3459496414
784242.8572489911
800694.3426635936
746235.4544674809
730517.4301888604
828674.295289229
868412.7895098076
897877.303562427
878778.6732239339
915413.6147354145
934232.5766380854
899954.1845793811
893289.4222597132
926663.1397490227
942155.8768224306
922392.0420445354
959351.8266888212
1111262.0441462197
1016756.6862269039
975480.0849166462
946476.262183707
1013721.4924633947
1004291.6515830898
1018591.5158887645
957001.324698775
869832.5418178437
841527.8818887695
866867.9241787298
858777.6370289123
836359.7112683523
838114.6465742267
900048.410115922
887117.641882911
951697.6785845965
971759.0766860421
973368.1012497245
1016455.8999003349
988280.3392823101
981787.7384690498
1054407.413157249
1035342.2464128725
1156799.9596443868
1195979.148425098
1185997.749304468
1248036.0271152167
1251672.2790305726
1294011.7552477997
