1137388.8
1142818.0033649139
966400.032840605
1027821.8906469923
900365.6634112241
837086.4007765271
795579.3679551345
810582.5997883333
868206.4326476242
883266.5254932987
896445.2661071754
829733.7736920179
825310.4701679064
835424.0362557629
807266.1106254838
813414.8970885937
854442.1690093086
793220.7341296651
785483.9177096476
885249.917738396
862467.569749277
820309.7938430031
914088.1689258732
871319.6716747545
845611.7803030495
836167.7583970467
795264.8361204031
890167.3884714365
829602.7015515772
766038.6644226036
714259.8250148526
738375.5397464491
738433.4067458146
772615.3683654316
744090.1096347336
742860.8577490817
815631.0845659651
858013.704018641
897354.988963306
901495.2423041995
940336.6350441885
1057113.65906664
1019536.8501964086
911024.9227886465
787077.8577629982
813901.5249767015
907415.6709597734
829188.6718710348
802949.1992525217
833633.3398527867
1012296.4772534478
965710.7307769866
1004910.7143807885
1142914.993888962
1200191.3914179737
1162326.3692294958
1209458.5940628855
1237999.5867575193
1223954.4548512702
1276657.3965867553
1335631.7401100711
1311228.832646262
1502982.3497835996
1604749.2121191751
1324599.1862598832
1561166.7959160092
1874013.2348049646
1791451.2678854438
1571598.6684971773
1483895.0901802303
1423580.5723155297
1324886.322725288
1245242.555576869
1163019.5799414928
1286381.940387978
1193093.8962974923
1353564.8143434871
1369186.9357729093
1347674.7399939746
1216882.0126387447
1137048.4796280172
1240741.751385814
1276157.3981614304
1295289.348013778
1379902.216399492
1558262.72036828
1576779.6501988287
1814549.6829275577
1589491.5999375694
1696646.2500541266
1846525.8992535442
1843016.7382814244
1768494.5091775898
1784086.3211996912
1817937.3523408507
1764675.2100552816
1566556.2098797858
1390373.696226994
1417493.9865838971
1231103.6102159729
1174047.9015440578
1196388.0324044204
1068522.543790715
1112505.012712881
1303222.9603465833
1276564.7268529455
1274343.492877694
1246430.9486050834
1396141.7178786814
1276920.5044226889
1541752.5120568408
1137388.8
1087955.1426867798
1193621.2068703405
1323604.9229855586
1276071.806337837
1126407.1929349252
1115133.703589575
1078000.4462305368
959658.0453871607
854336.6606342291
875337.8326031482
926295.3277442696
947008.1736080608
856423.2519930657
751405.8079127172
775552.2651738692
843129.7793015909
798561.4120179038
772010.3925379638
801061.5353394831
816086.4747804278
862193.6636225358
939616.4890862092
1018664.6794547386
1132487.5418043812
1156130.1410618408
1067890.8926927599
1166948.692931541
1240897.2830081412
1183618.8678688414
1132660.4674431211
1336600.1405188388
1371188.8112563936
1176010.9015323636
1079105.6382959662
993748.3733290841
971945.7756991342
926640.0598222056
950352.1346163657
1022366.0845456945
987417.4220512647
964171.9555576072
900551.0316373119
953879.9480404902
946914.1075567784
1090987.8925302005
1080553.6265282845
1151597.8254024328
1236609.724194832
1267505.3545977697
1265285.1433062225
1267163.7592415905
1134199.7667559239
1156194.9228371787
1105014.7154504983
1109414.4275086715
980833.9940629192
992949.2316061229
1210565.8169879708
1168541.2993396183
1095340.1954282925
1074196.0993256408
1127656.215944548
1067434.819546308
1136384.9508634808
1232931.9094952024
1424145.8517871848
1557388.8327759393
1513134.4190684108
1400996.7748637365
1402020.6383599164
1319125.5430300434
1127493.9072877876
1143628.9659112194
1143207.98948163
1448277.242575603
1249965.983593987
1288632.21664897
1337799.721386374
1380978.1877241365
1361426.137878099
1446226.8204857316
1441746.8274540752
1351111.2317586832
1521606.991199846
1607577.7276036001
1544576.0158916446
1566849.9940362663
1658428.1170690877
1442237.4340712358
1418220.8917813518
1413390.9827218263
1437771.940069052
1481319.1014084578
1437019.9251503553
1608944.0178382648
1686165.7394966253
1911261.724339238
1788636.4432005135
1765694.681967627
1695793.4223159417
1778199.4579641214
2025565.642642344
1758766.0492454816
1691363.3191932852
1877447.6220004153
1727446.0152954168
1663794.9104827405
1862062.2799634936
1968996.3016994696
2009756.6893554048
