1137388.8
1111911.5913698866
1003495.8685759526
1124962.380443168
1252293.606184052
1387741.8876488947
1512432.1249209936
1458728.688899679
1469576.643918345
1461703.3093920418
1308192.177689926
1367431.3831321995
1257089.1191609974
1315461.6464127495
1283863.992670619
1277325.0802018458
1181780.4976553107
1218962.3839264137
1223298.126495342
1225905.327063437
1237810.0865036962
1012326.3166826182
1048565.711581842
1001758.1301629671
1248837.188733757
1205306.1904242337
1205227.7502226057
1249946.260900414
1280911.5892483334
1358387.6094711828
1369625.5097850903
1403973.5645836152
1692470.8904786252
1631815.5946183559
1486191.5103265843
1419667.2474509862
1313417.7143148081
1276107.570241236
1319996.2979059676
1423334.817034491
1640585.545411268
1511694.5391648524
1632687.4385957324
1670376.567557745
1558963.4554705238
1460991.2597416034
1520384.918640685
1608370.963851188
1764022.5432791652
1860779.795024261
1710041.4787093922
1628563.3335367276
1591160.8575070505
1380243.526896323
1328417.3460667871
1357914.0473921217
1343990.6280545278
1396486.2168103864
1292599.8752599722
1247140.8956041345
1140391.3720293283
1209520.7516341405
1105390.491032141
1085650.8653255373
1117588.6200804908
1222678.0924608707
1214147.4164594666
1219455.8391689186
1044019.4835407716
1061673.743769686
1035997.1646646108
1032342.2128852194
1007403.7089401258
942877.4252804555
887379.8238287601
821520.0121926626
758696.072623517
706250.1581026488
741675.7918639283
724651.3897163178
717225.4932650584
692744.4167499483
814198.2686702625
796278.6782354722
800758.4453211345
795956.6722564772
977656.5418761276
896481.5125656417
837565.7985720502
799086.1451806166
866621.9452562352
807951.1004230443
894616.7051999948
1089876.063813074
1052718.7783919803
1315074.2660983212
1388629.8324130096
1428827.1723059723
1472191.2028959116
1465964.747807676
1391086.8353926537
1304892.8354405889
1208731.4561156128
1120026.831256944
1078290.3280855594
1016180.9774683145
1030873.1208582048
1009776.9149712595
1110484.3608340898
991359.6104776242
1049270.2819808838
1137388.8
1107319.5226185787
931572.0535421586
871708.0816714
798746.9633152345
802461.5947390507
791974.2532385583
812017.2646866969
886777.286183332
937389.7663737073
915315.4265831605
829127.4054282821
864708.4052359065
833611.4546714121
827169.4498853041
819542.8401468075
723845.5319787919
729282.1992579309
684842.2574999523
640844.243076004
549458.2031544163
560422.30015393
581242.1372913035
596035.8712226796
573592.1430104696
606881.9315688686
574979.0437299794
538757.552626055
528912.3873502882
553703.6613949969
590298.3778257775
646958.2908669806
704077.3458299034
651999.5904075401
585482.0627302966
582493.6906092404
478665.636164965
578396.5617530815
589331.4040644276
615172.3608704997
664646.935758512
686323.4617006646
714531.7463300956
766329.6917221842
815291.1553424835
756995.160797018
703681.6694704866
586649.3815519001
491542.79323639575
470077.5918705765
509409.14316143404
482631.30649258586
436416.40550198045
498541.07649386406
491293.6241894153
494349.8975588384
515041.84368695994
535200.717087552
541120.7617911834
510197.49265410233
542207.7401178938
531822.7215728603
490096.3692595984
490180.9659500519
425196.9995771712
378650.593542581
354527.2789584248
351586.9624625901
341352.5294248375
327767.08411761763
367946.44023622444
350892.0162790578
391662.4352900028
438762.55402932834
428917.8126733014
453960.3336715763
488372.85293919896
492153.0220372908
454651.9956837912
468375.6101526403
459935.0037811477
471806.5175974677
487073.4573440577
504610.57577480166
475159.4542240833
469357.36262210994
531864.1265985076
545706.5839434925
544940.0271089503
529154.2345575042
561903.9833835786
553952.9837689544
568042.0488910179
651843.1174276901
600355.3957076318
592609.4590547577
626701.8306901332
624111.7578745058
588501.3361816608
532131.1090019037
529797.1552396584
527806.3718337452
563862.2472888158
586709.1313360087
607473.3244780666
757865.3933740023
728585.0281397358
742641.2137809063
834952.936074786
831321.8088050865
822743.5286088997
