1137388.8
1187601.9144422766
1232109.7133247415
1427122.8748168568
1619322.498736895
1691791.779565317
1906948.6464697039
1880250.6566240056
1809277.4934584938
1843938.9380986418
1991799.428580568
1910360.857997272
1905692.5417731546
1948923.7900875031
1869413.2136211905
2186421.5047154427
1972697.1524959423
1957981.0299597883
1810031.1888427269
1877596.7274066922
1796233.637294852
1757257.8190075834
1841467.0671997217
1887307.0628827014
2419297.5281965197
2369640.675788297
2269893.843648151
2106636.0266179056
2259823.468216313
2403788.2840716266
2189129.6510329684
2170229.0584875336
1746607.3871007636
1755817.2545520659
1837843.1705405952
1978091.4206871835
2083878.5025005466
2280699.9408943453
2268408.2781148325
2192911.6311074863
2095545.516633308
1941565.6079780613
1777884.5609037185
1772350.04932597
1716545.5139520357
1662197.4510912024
1540060.1974430596
1463732.8466352492
1552506.682871573
1567067.8829018576
1698104.16756828
1567487.3237976588
1478689.1183712704
1352009.6336624522
1288787.4036953861
1324428.0126615842
1292556.519406187
1324722.697131017
1434199.0651783282
1443724.184142398
1554507.9208829594
1624738.5173583822
1827054.1292795234
1878746.502713491
1990856.185420546
1976760.4507385893
2112466.33813468
2165553.3926456454
2366482.1016062545
2138075.424666194
2198428.3113101893
2336053.8698944957
2139582.315515311
2025367.6641860409
2008446.9187797986
2301799.4134977367
2327194.8767281715
2302409.500915278
2372085.8701596363
2488966.340212037
2337675.042542192
2305989.374691281
2034451.0277534644
1843316.3297124691
1905938.9733567638
1831536.7060211739
1836547.393849562
1939510.9284910085
2005768.9675690308
2037382.0648205646
2015007.610592176
2246614.0138809755
2061715.5122362287
2109063.8827420375
1870441.3079889214
1979389.129155887
1962667.667400214
1992758.5856027715
1890059.9922254784
1910524.062342828
1919807.6990397691
1763028.7910477426
1773761.0545180927
1699568.300666397
1771157.642680835
1702266.7406780254
1933553.027727813
1836432.0132278868
1791351.8359406781
1735663.6608683967
1679449.5721141265
1137388.8
1192359.9938023277
1281838.394133649
1141238.3006625362
1069580.6872817718
1006900.1793103326
936330.2923086812
950827.4844509091
871631.279637128
815083.2597677815
860912.8815254458
724272.3659790285
708846.339206974
748963.4050406237
760132.9269002778
845798.3967870442
791630.0946152204
735412.4161586979
693792.1693081754
695498.6795358754
694129.0669449318
694819.393940424
731423.17434783
725743.934907464
610130.0427133896
588105.2534746567
551185.743796908
584975.9367596566
543192.0858582006
548967.8992663452
513727.169876992
501879.48601129005
518824.25383793947
538929.8995190684
501085.1280363973
492461.82362751366
515497.1361008558
494869.9322903301
455350.45019863656
438742.2930459529
393108.62420610746
401898.2323327733
360913.902151283
412774.72395706346
401489.26228026074
377868.8266767514
399373.9868643638
365202.32926203357
380485.5181496706
375364.58210532024
356664.00218437816
325389.57170141814
323644.1394029491
346432.06582867535
365138.3048768659
332344.62466826226
308151.6858094095
318078.7402041352
325390.30469093815
325796.50653688033
295267.6302871901
317437.53551479854
277402.70159833174
281313.07035698154
302196.64427770453
303386.53210769326
315689.48392512335
379629.93553451344
348702.00823164504
357070.7777493831
381011.71475311404
412404.0171201853
405753.61408681754
465072.63152372255
382924.67004237894
387504.11296816287
384681.72695476515
411740.0340241118
401821.85763664584
404660.1550686215
379439.2453277349
375294.5588993855
350402.09070943913
365429.08405189664
383389.4095046858
375483.9272441154
394500.7941973645
404476.234329696
385538.0458923838
374412.2662772769
368896.5155940647
347884.54333425156
343202.08426817413
363234.63890283334
397204.1368881504
396550.001515045
408067.7123211048
442834.2450216607
435818.29826258466
429286.3852976026
432450.77516352956
527495.7666312042
508121.3421570736
521358.79163542646
403895.9604493075
422167.600963168
438625.6135953708
395235.8561705184
403311.0545563793
399744.44828676793
426227.927633184
