1137388.8
1238980.8478756552
1296447.7672359752
1292229.7467716327
1188217.4969127874
1147261.3735160935
1263444.5314147868
1324769.0840008503
1409387.5794387944
1420481.5835379995
1490699.5824982545
1623379.5572106123
1801823.703008908
1715388.9534860672
1731901.4561758568
1801243.0350248227
1970722.2011406063
1906365.4079834053
2111088.8274308066
2122900.824700312
1950966.033893877
2078524.703464053
2272379.2183582317
2418404.8792622206
2189733.142738895
2278506.717097029
2024416.9707030172
2025833.2386699189
1894054.3695932212
2013238.8119061915
2098334.2375321644
1998236.1749000342
2146728.7844227073
1783467.820087178
1848731.941409234
1900442.8893523691
2046673.9160894034
2161250.2760787224
2164383.442966739
2114953.0066174767
2155016.093405781
2048096.819488884
2426007.0491875997
2577767.0932788895
2710259.9007878858
2707423.357415318
2801163.2479331717
2986343.931273361
2891111.194477014
2994923.2711878615
2997212.0921536926
3114137.0217211167
3197245.449637841
3184751.7629891206
3288014.019855951
2888913.157423046
2752343.060278612
2803783.6855664845
2571287.927451991
2676440.3598908167
2808298.1606171187
3204471.3075600294
3120849.6854779725
3013985.5599450786
3512691.123700626
3274750.8490162264
3485878.3301612064
3497736.9815014303
3733012.155184481
3697284.0294434833
3397330.8060666383
3255076.7765504904
2833024.721070493
2806152.772648868
2867615.446578371
2908760.0311233043
2573891.2993363324
2338586.082835036
2219212.521716663
2152981.6397884716
2045203.3864338205
2301385.843606426
1939625.6403520394
1791094.1395089698
1840144.778497441
1734625.9673434217
1905499.149615696
1770686.5490153402
1461921.3892203057
1527376.5056795096
1662931.5290892536
1673566.811829509
1516332.983061367
1348157.3100069992
1502118.904565451
1770884.7078182376
1898642.7917994014
1860299.5112364294
1853582.25897671
1990861.0328741218
1938256.7166154655
2248529.4677863657
2274248.4886053614
2205918.2015243582
2036102.9729463065
2140804.786046515
2392089.7364578526
2256133.948563896
2285162.697503945
2121315.397969465
2046757.4012984545
1137388.8
1071939.996893329
1116136.710332564
1045824.5391471155
1097272.3284458735
1033590.2384407534
990811.7895248712
966596.3644081563
890501.2318391912
935250.1183319488
1024069.5487910548
965703.9719089528
1051219.1416927103
998337.963265963
978598.1103284712
979956.7224553723
1038315.7152953345
1023940.3161840761
1014735.790722747
1051576.4823668438
1090871.4442433203
911818.9114382088
824538.8938308728
809984.5784837925
797739.5180350094
929121.6285379992
862644.5791571676
909817.2816876245
861803.6394436767
790145.6996994697
789141.4815909435
789254.5369499719
723328.3773194526
794631.9238090309
762294.8984998682
804291.744021175
790308.5763033276
803014.1479096402
851215.7055272493
863829.0276189202
902028.6312516801
854325.1438897493
773507.7895861788
824039.4975159
780920.841637778
783520.5663817655
735392.1214333437
777672.9586830195
829963.761076128
818524.542785379
814341.6023876693
802092.8642797503
780909.9429763769
728333.6012304506
647475.8078895079
626555.2758575376
532785.3405047272
523002.01822341635
541331.9879381193
501428.75656676805
477502.84845597687
476897.9219276648
475410.6285759386
469827.50129054
524807.0385437025
534883.6551048392
530287.7956199198
551531.3939418447
545087.3165463409
620266.0279804722
590088.8816597175
569857.4858463572
533865.8748990209
505324.6604656557
522837.9151279392
522185.5106160861
518177.7700310842
494127.72341081314
462535.5288150909
482951.4521390242
467770.8175208326
423378.8356141514
403169.29821451113
411302.5713893024
454655.53914442856
478123.2733822914
477917.504367183
481932.3554966171
551039.3821414049
600454.3457997278
711417.7858444462
697788.0890784238
701272.6998175526
806310.1048665871
792891.7354001314
783737.1917675114
788707.8900599963
809501.6794911961
925687.6645869339
972992.1895018808
926467.4333540327
1003286.0883370498
1011510.6187314248
979143.572366534
969396.9739640243
1012840.8888903335
966039.4202468741
974821.5329483339
1018137.0582005441
1086816.431342359
1041609.7882985899
