1137388.8
1016726.4259986702
1003137.8153471804
996554.8796709264
963430.5673486922
906364.2428435091
912615.2132604775
880916.7412837916
854019.8271202724
879072.7965909122
803854.4714336481
787101.4528332934
828457.481522517
771687.4723366323
774012.0787441342
732941.6704425933
787340.7071522822
787216.6685405554
743987.6474008819
729273.0126992494
772053.8052297302
750114.0080484556
663322.6042464573
625035.562117651
691727.3140810049
652192.9989586875
611235.0911008489
615923.4324234582
661153.9566023382
698842.9204076879
779943.0961381985
802346.2666673013
860305.1610902757
777407.0950319247
718625.0901741395
728798.8043218036
660870.0038968145
783440.1033995269
710871.1506719325
684092.2855862329
677741.9905236813
814456.6179350226
1009443.6699680026
1046535.2714597268
1066509.5271235497
1144095.7809555237
1075286.8645158354
1218079.3159878545
1376768.085851197
1427425.777168336
1319720.524332682
1283188.0127195632
1328605.0274141098
1230568.1975990918
1157003.7245703458
1236501.48908807
1337266.5088921518
1447297.7199059718
1477269.9984476753
1580808.856148994
1715712.6937908917
1699868.9128118139
1717018.691060264
1663905.9476918164
1560561.2124846845
1389621.033867482
1271057.0472834427
1256436.760199374
1273832.2816224503
1270318.1284123098
1223422.565059621
1276144.4765578867
1212940.336851456
1167681.9873424675
1230109.5269993441
1289794.0599917544
1293017.3007637565
1249753.1657246528
1214030.7880798625
1043679.3490004909
1135082.1788361329
1122635.8547852342
1109550.2459748131
1199182.3456691885
1314705.2358787768
1360387.7408518684
1250646.1155853886
984802.4407970188
979800.6780453916
906218.4584482664
887499.4268349743
917451.5798723074
999661.3329869612
978065.5146817145
969401.4084214794
893140.2544389798
783402.9689484701
705822.2525674254
733131.9763474722
752335.6278203549
759334.7752682692
851640.608341656
897130.6766607545
866598.3621122289
886303.9326899472
895403.4836311509
904717.4812785696
874621.5793953866
887445.2948453777
874165.3811737869
785623.2432160135
1137388.8
1083286.3004023891
1095036.9889947001
1088945.308518656
1205567.370575978
1268236.1974186983
1327978.8619732738
1331389.6505600025
1461938.989559174
1502859.1071695546
1494574.553657958
1431948.5345877262
1524273.178203071
1536852.9411437924
1477800.0656884864
1546354.6579562405
1708673.3390128969
1839711.454086298
1922762.374738548
1882466.2075115263
1651032.4921789153
1793305.3221149417
1940328.4758218883
1698284.1313639916
1703938.3644015507
1475596.129153153
1390392.1918571056
1370075.8824162886
1268372.1447606268
1151807.1734260658
1099322.4551456033
1055657.038047551
933594.6093051059
888022.0932273401
994767.6945441754
877999.1275236136
890794.6746674816
866741.2320006713
870881.7942999053
845582.8256892429
784739.3760531549
882614.2939701913
908877.5972967454
868269.1763550028
1005726.3842370462
1151308.595961434
1223268.358339914
1031062.250642285
983767.959457293
895502.2300139577
876004.9127552925
858596.2980170547
934803.4937796465
988832.0453059109
913963.1828053887
972112.2148836968
1044120.2852264264
1087303.601548802
1019919.0908588717
985141.6283225812
928577.68422362
885135.8927188352
935782.3120494585
931536.2675067686
928276.2722125892
797586.0849716754
709694.7723714014
749729.1831693382
758673.6496790276
715768.1300593085
695839.9818563345
695226.8977598721
736597.3866176313
678883.4681843602
614645.1432534597
634708.3823449214
685953.0903943594
702651.0325126877
674909.8555835279
688161.42458806
589563.0490506769
617080.7953427336
670872.2434126878
719600.3156422401
644115.2558654321
687647.4446957955
653532.9126083624
676366.0811942456
750590.8824529748
733323.9995414133
789651.630195162
769106.6291657962
798367.468764634
844590.6098752052
820365.5907190007
821271.4595346892
768884.9400540583
688408.711411175
680147.1076729052
707792.1999518147
745685.0060179143
681930.1917836119
659447.7913613573
643864.7639409127
615722.2695616686
639541.1202306617
667927.5051471848
655102.2006463666
639037.5068553599
656092.699147196
688914.0942185267
