1137388.8
1255414.00209172
1229337.7385186297
1102540.3767215288
1155345.7726164586
1193970.7361497604
1215371.54485084
1243024.3975554558
1250124.502542057
1282019.041619905
1233449.9921986884
1383393.7423655777
1442289.195310592
1524588.5470784681
1626627.0980101076
1614342.9234184055
1563550.547189135
1460801.683258177
1339791.317817353
1319918.5240775617
1278872.8642029895
1396930.78188693
1372891.5996582785
1258568.4732489143
1329022.8926355082
1309588.3257541198
1300182.2436238958
1286220.803351414
1453745.8180343197
1353304.4246437661
1354440.7693350231
1431467.6324804656
1370112.8360005172
1437499.169495457
1203877.8853738026
1104123.783614831
1194223.6008775353
1066196.1324065588
1152439.7915064762
1081328.5715187767
1242652.808941502
1258466.3622424086
1226688.4846292436
1260730.0042414542
1360355.1062809082
1332942.3498842411
1452819.6294715956
1182899.7561105809
1166387.6992392384
1270739.2208843816
1354429.8764069907
1490643.2267363344
1323139.9335220822
1327360.6122590236
1291114.8620305425
1457340.1609568815
1445341.664462367
1407189.6675999195
1431501.0817468367
1523745.5806112883
1528310.9509471485
1482671.1360418526
1308209.7586604757
1293352.6941072138
1257655.4214245074
1341599.428853469
1162642.1524814828
1018908.5431521708
939866.7936265396
886189.7674171439
837149.197174718
849177.8119727254
894246.0831952178
1031133.0331125978
1035838.6113353377
964441.5306491266
1062400.3472164187
1039617.4207551955
1127122.5051093148
1133105.546284894
1076903.6155737655
984270.4327088549
1198500.892335287
1178346.7183103217
1218429.9931517188
1368596.2001874102
1477323.4914184103
1387819.4708563543
1477324.1859511863
1535974.5771267475
1691896.192370714
1687333.636667765
1634714.9946297659
1649123.304713633
1668297.083917444
1779835.0280754126
1710907.671088652
1918121.2432973755
1957551.3982029513
2058002.3059464502
1992046.3982952805
2265680.7340663443
2215694.8277649647
2042107.1116902381
2147562.1298073395
2246729.2841220936
1961619.9081380817
1899877.4268074108
1909563.5637693827
1864088.4789706662
1912544.8994833392
1137388.8
1106983.171293958
1180126.7935644616
1187475.7357592916
1114004.334315922
1225013.229744564
1362965.270752109
1416238.541597506
1417819.9644144748
1328630.014442482
1329345.9614994
1386243.9440747355
1338309.183601139
1454981.494739284
1564978.1520011923
1505856.4183951216
1477677.49319303
1556185.9118840604
1591410.305954522
1467229.4750984327
1588576.4757871188
1761703.4457793757
1681730.2288209095
1776328.1180468528
1895707.4064707726
2088703.3752643426
1906381.7373458063
1948751.9715687528
1936728.3637697038
1805337.4703934856
1833785.7841514293
1872073.0916719707
1987224.205374119
1989897.7947035201
2089863.974644926
2272954.0894278637
2200436.8680218174
2333443.8508086507
2027830.0957442345
1974576.3905355032
1862261.554407734
1882504.2937178272
1806537.1296461246
1514943.6638021015
1547166.1526360023
1448537.6995103725
1413949.2039219558
1493289.8363504792
1504473.6165197177
1499085.7166906144
1814508.83357217
1802179.4887584334
1783894.572214615
1730675.4780403078
1758309.876845507
1741596.278375398
1776599.0880794176
1815293.2930744535
1880252.2738916203
1889136.7940923315
2153632.08740232
2040854.122039708
2121653.2993524177
2211563.407683613
2202670.710829037
2188414.009857167
2006267.2323202838
2049170.209168992
2087764.4022258967
2001273.5826337382
2150377.595656105
1953394.790198449
2150833.1345783346
2623372.688493664
2727391.8981961594
2730693.87115775
2672850.509324152
2257726.487717732
2274408.2054083366
2132729.0103857885
2202245.4154379093
1940526.0751358964
1826582.6671470634
1822401.2130226698
1736356.3108905456
1663857.5256049794
1674776.2296800613
1656681.8546461584
1547524.404903864
1599437.6954581197
1567793.1196445185
1510906.8151609
1491302.9415786215
1543772.3233545923
1670484.3295602917
1467979.571497659
1334736.7086309579
1275979.8452400507
1202190.6595341365
1510841.933804322
1354358.5373372736
1278236.006881455
1254580.6056275978
1211274.346020214
1269876.2368891612
1268374.7539637198
1273489.5021855137
1238140.1389197344
1189281.3945839459
1092921.041780275
1174846.5855035149
