1137388.8
1089353.8870730987
1176989.544995226
1245093.0026379758
1282936.0517629075
988338.1126269328
1028018.4608514571
938828.5765769907
981996.2609778134
1065324.9312483445
917450.370867502
959008.7601896552
961916.9424298898
848341.1769983578
921888.0513883352
910199.3129205181
830878.3775022115
768133.0004779904
699384.9278516652
543018.6107814976
481643.744678063
471395.6925773469
508737.7434205979
447224.71841946273
422346.3022665058
394861.2722871843
417437.7587248626
464305.64042282314
465559.3026728934
491006.3479985441
434765.5451845475
430799.6367921293
422523.04157080274
430228.8989476723
425974.77543024276
447053.4514701724
404628.7118124543
371471.546732043
416306.7678794645
438031.33664622507
465618.425169329
518840.03752876056
511411.5287249274
514000.32464671775
472702.2393157106
435848.9854379377
407378.34747409
380590.411915999
417064.4067766817
452490.90630945284
444917.28317574866
417336.41901795025
420741.12496248557
423040.4988072382
432610.8798028536
422698.9807317785
421885.2969449289
431403.6421354548
411023.43900138873
397619.01124198455
392106.54373643117
378752.1371614595
416890.45488700346
447573.2491929732
435889.74047752237
390709.2520587954
387506.41098061285
402674.51715739554
443318.7823481765
428420.5461649598
437275.9093434792
377591.3707809061
352885.23767680203
314252.87232463143
331399.6770941764
363545.1434947855
316482.9096303364
335858.8662665326
327779.4179353144
343530.2450450243
374011.93776078284
378865.64367198537
406829.7324901154
450286.8985169828
416819.3659253988
429742.40859074605
428923.49457960366
480593.7272671087
480985.13477835484
517775.7582541378
516900.4417802877
448489.6080963418
373279.86178169196
387806.06633817416
430537.85702427867
498391.224312588
445424.46261426684
430453.1699080741
426964.5971898028
376850.6490212252
384414.57589814573
395515.4837744671
401507.99062189675
405464.3136651638
409335.3725886784
445428.32613965607
414408.23223978886
402476.84010611556
342703.3672290942
377495.57875615073
326392.1202609649
1137388.8
1082209.2736614412
1092837.540343341
1030783.6255061826
969359.7600692612
1017579.2986077755
1197264.1223222744
1079190.5222683593
1125819.5518657535
1151305.2577661905
1288407.0457525773
1194195.5221289878
1264909.2469884204
1039583.4412921342
1003424.2532752443
1032200.0846834532
1076160.9406356295
1277570.5203425004
1352564.3463672681
1417536.4206414986
1565072.3891566338
1553212.5044562847
1441478.240060853
1236527.0506059472
1452914.5575761509
1472427.2736835056
1415156.7091232198
1472649.296092036
1474955.6965063263
1394587.8528876146
1518900.833720102
1533098.3023915163
1524245.9181486615
1583807.9517028534
1610014.473075893
1660014.0444923234
1532700.66199023
1536346.0088212555
1445325.9907774187
1497220.7972128585
1435223.9617610942
1322520.9781019373
1256238.6043806805
1326822.5724410792
1371685.9103494568
1289399.985201025
1381728.1027926635
1452865.2526616228
1472821.9622382591
1381517.0853977865
1355958.8797116745
1336387.210413944
1522280.178733267
1518576.2480370617
1537746.4913457613
1485597.5825861187
1435244.9119568055
1432233.174277118
1419400.274964708
1477129.2417689832
1383000.191251683
1189324.5425666503
1319622.172969353
1349640.6438736436
1225130.8983256505
1104719.647872656
1156410.2911023695
1177755.3848182799
1063677.3374902927
975129.4423175876
1059827.1010246454
1097307.9402630252
1074744.0019811296
987231.9491002993
1015589.7717044831
933865.9055482073
854502.6728994929
959304.8189588911
1033558.8970197618
1002968.5101573918
1092031.258842354
1093537.4201276386
1096493.4664522626
911259.2618693536
860955.0209876305
848579.6726562387
807708.4858589891
783607.8750813551
777027.3576109856
763149.0068681146
899972.6715249688
821807.3481155644
784704.8412775593
767104.6054243406
738947.0597597652
807475.0968051491
738676.5530658677
692317.3847970376
686112.1732270798
653749.1973104357
741907.0160409479
792204.9434766109
756752.9109921668
787179.7666349616
882843.07675361
867470.6221408439
875997.8352788386
840832.7650583854
764751.6569541811
762251.5863470671
690951.0886966191
