1137388.8
1273393.9449460194
1182855.9360204597
1168575.239536621
1100126.3273986818
1108625.50899797
1156290.567666012
1064938.8971439223
1092013.5550439002
1170020.312998083
1164095.7694631056
1103515.9980788105
1257674.4625498254
1285149.4628497877
1201310.0539689325
1143626.6975939528
1017333.6842687976
1037088.5793836238
1061147.654968231
963683.7032926518
823984.1195367478
786631.2559547665
864290.6628754545
796703.374885502
850704.9158959992
889948.4979475671
719942.1664489321
657140.1052051239
603008.7005330984
598769.6012415949
570288.972361616
569704.0248153456
559089.2338882651
552572.218864724
518521.0264435097
592570.5088885559
595605.1537270467
609920.4046010318
611680.1225100621
608804.887153879
561916.4284953278
570927.8733022637
596073.4803815138
661203.4510712274
785717.0089674853
837943.8235341719
753637.863852356
785575.0440183894
758275.2853257908
704289.8417051639
719237.7939074029
730912.8697486365
815072.5285226244
832003.7345044496
868859.7182400249
975268.615109435
979950.5536443158
854667.3921274549
838301.6866839644
764752.9901275012
757225.0524239609
687550.7527714747
642953.9980204169
678318.1733358226
674441.423180321
657950.2384499292
604503.1136982837
640401.8202001059
622014.116097197
598038.7190640843
616524.6957258931
727472.6977896064
714322.8328462752
715739.3196636512
682961.1476913379
714123.1394015171
642919.9093015706
614395.6760022485
593429.3420526481
590902.0147419544
558510.4906721099
590526.3136963561
581393.1072768894
555255.5377808807
515013.7190643818
507756.70712315803
462942.26712307025
526580.1337962508
538923.0452652955
514544.8480209865
580231.322670614
577376.9127727568
531885.3504976719
439230.2357304034
433271.20855778345
449939.73435989063
445218.4307657122
477539.11889579875
451791.7526134266
422666.9927332665
440479.09957947204
462612.5394091613
500047.73205870274
490746.3645528338
529333.8137057389
530990.860356168
539549.265900293
554690.2494382425
605602.6946810107
577868.4187594935
535407.684785332
1137388.8
1200346.3520977786
1184726.887749577
1290115.524484148
1291553.1214054695
1339750.4394280757
1618676.9271758685
1634702.110299626
1499033.1237540208
1468745.7121500862
1420963.999638817
1353106.402215876
1456498.63302767
1566079.598982861
1432858.650666174
1432919.99270964
1425917.9805011454
1530342.9354392276
1330647.4875452195
1423575.0372604614
1373382.7752018552
1298216.2055458287
1297200.7327504174
1310306.2546845872
1299554.8820235154
1144267.4936128564
1096466.6514080276
1266192.219429121
1185633.6562449979
1079925.6003529504
1160297.1830284763
1099699.3659863155
1024016.6073154941
954673.1049137169
951288.0960925021
890097.1716133776
896857.2524005789
1048906.61996431
1138601.3787420306
1170787.5765313518
1105635.220780874
1062005.2195522045
1105130.3912674382
1044120.2843521032
1140556.3202046333
1242216.310552396
1119233.948539782
1087376.0709263943
1008050.9525028841
1011758.1267352871
1000698.452788439
934403.6281154589
962632.729056025
930284.4199117642
1076529.5331493372
1214543.456420611
1142781.917442717
1004556.6383380466
955921.1705979488
983709.0416089932
1029139.1026778143
1075777.6381975773
1045173.4741993892
1176616.8080263452
1145212.7828518376
1208686.5455350396
1192809.529131786
1239690.1531729593
1437278.4664959665
1493713.311991839
1488199.2429683565
1617127.5282650138
1721402.2269754491
1710457.3649382128
1617873.0802965704
1458346.7845714258
1431128.9439714719
1448588.4708433533
1370721.423932129
1446188.7397258298
1396705.6149815596
1345065.908561537
1274481.6519535386
1277053.6984226464
1381223.0947049884
1346881.379680668
1284545.4719110245
1175306.7677738818
1175183.1726600868
1255047.6378179023
1199495.0099628994
1338494.884809244
1430204.907118964
1438156.6079496066
1463998.0689010406
1405181.4679233192
1253613.5034041344
1144669.1073590263
1120125.378219657
1211624.656074433
1163184.5125946451
1141033.7570835077
1124475.2129265931
1280105.5089855492
1324918.7447912046
1462986.1675747673
1471567.5541509206
1367112.7924644249
1435242.4581068447
1356323.8416238443
1494943.3735439642
