1137388.8
1201564.5778108179
1174929.4013811687
1181905.3636623188
1217554.0346840974
1205856.2500710555
1097505.1657765568
985698.4612754392
972974.1651221948
1018329.7912269967
949928.2310289926
996507.0556640531
1109845.758361815
1202264.3494618735
1201195.3007952916
1359391.8744399322
1317374.3576869864
1362352.1670262963
1298374.3462932538
1181351.5635794972
1254796.086936531
1309860.7058453748
1507843.027768662
1476970.1739095824
1593416.0573251485
1635281.8899711203
1586673.8414912168
1461597.89833842
1361199.7430190113
1405162.923908302
1346287.482085827
1351705.1730387723
1321689.2996597765
1247688.1791456144
1270461.2312486193
1115298.2276333172
1160125.7502165071
1055230.133534944
1089473.9359768622
964296.8680071514
994833.6310615792
1056812.529155262
1077802.3833431848
1043895.9075133755
941489.8778338071
940733.7461950845
917260.1238071611
944915.965962368
928824.9295092706
866557.1355890572
781804.1728348078
786692.2541800506
793005.7572510527
700549.9168779858
663320.2964078549
620794.5221112802
670794.6891802907
621934.9427328288
632594.8632174473
658070.60431238
828707.9096440354
868181.9541996446
869994.6126754272
827716.2441836242
735584.0252601119
702761.7843427365
744175.470516569
808382.9782577705
834805.3659755349
836913.0380018249
867418.26043502
872910.3962217864
897599.1525100465
918526.7738671555
931866.7098372045
975596.9222130129
1075360.6588289295
1070487.0440508116
1010397.8818502561
1061035.9796691288
1247230.851025059
1128049.2925480495
1116623.6491451068
1111668.0278400462
1042493.833698182
1056734.9326138077
1014273.2501893301
999223.7732980606
882240.9035288199
895981.1344666743
853015.7253517171
855500.8803323391
919987.7839228591
817948.8173280926
753081.8043447583
800308.9376598304
816990.3830856844
722357.4814279301
696349.4029644227
769061.3239296563
713179.4966817383
789237.617781961
766285.7049488232
708867.238589997
745495.9740857651
708859.0582092684
722709.9825237537
785440.3777465095
857087.9003790949
719096.5595875635
653224.2911410478
1137388.8
1098290.2631871526
1004795.0033116036
1035951.3038860542
960440.1461756325
786798.7720689186
795377.8064568754
824883.8755420776
881354.2021835378
753460.1003629394
784383.648139916
768325.3760994205
854148.3186627955
784731.3460614759
815809.0273544869
953949.7821619927
935997.850410518
945854.0084036441
1026018.1794263213
924582.2645708268
923914.2362165767
889527.3873247158
822405.7804984404
849144.7820863167
844650.9603560679
819182.2078509162
720106.0429694948
886977.5252432837
889695.4067682866
829394.8048798391
824048.7779997513
694679.9485567932
710473.5117484197
715608.6064643203
718846.5755016145
690421.6547102412
748990.8923293008
706327.7170262288
681227.4452627687
673078.3980002999
699372.474351662
736400.441504071
660819.7987241603
625297.7836648806
670128.122933991
628845.810331613
640849.9349949595
670864.7060341701
700109.6505145996
599878.8815741696
532495.2364003859
561442.989236415
567393.4799140451
593329.1140476593
567990.7554783559
639188.4291978743
731916.5758975892
684487.6298646018
702409.2474637209
727104.82457364
778861.9871494417
718514.9783639499
708985.4913634987
761970.6840142
842084.9010429775
778207.2551003305
743155.3907654672
786260.7091128537
796203.4469061218
766919.8587000102
796253.8456694994
873315.6915562429
830514.8483831293
804054.3392643521
728262.0563934135
699535.2994221752
617888.1576148637
594432.6250053183
590246.3377791973
573124.3030114778
572458.563879656
604718.8641235072
621013.985885983
609759.6204284506
672142.0308468906
610083.466791777
698146.730314074
722585.8096108614
720592.0444124907
633201.432298547
669096.8715299875
727027.6262413037
702957.6824062064
746315.8014611157
754677.4273040291
754822.7361344802
836378.1611672033
866787.7863470466
860227.0733263892
864186.1575018826
964192.7804853641
1117976.3176917355
1134293.3275188769
1343843.456504019
1529545.4614416943
1450215.5502459693
1460609.0861682612
1489504.9750410432
1415133.9356543848
1412145.981555709
1384818.8632332315
