1137388.8
1124142.5185520574
1136527.3108807178
1198977.136213132
1182318.415753863
1390195.351306648
1346305.5867156086
1456907.421903092
1330969.4312419023
1434123.6428127885
1357409.23150081
1456464.746938549
1524306.4527924634
1621431.9091605637
1542736.7152515387
1552599.8683744015
1506908.8963831346
1338166.0593523288
1360444.140644781
1425247.3753044615
1388799.5277036682
1423555.7400484688
1304434.082181961
1342333.0931411623
1196663.283613087
1090985.8051599546
1091861.2392491342
1103714.1262252473
1014502.2243630073
1081075.0507010112
1096907.371726133
1089640.925582752
1095929.4082429358
1088031.0055593292
978903.3777687424
947896.1965042208
896933.05150678
843672.9084538667
973117.9932744358
1000775.549041578
1041901.6465927208
1014063.7492328734
1095457.2487489264
1156840.4945570151
1166906.2881235594
1209331.491214655
1160500.3626444351
1111774.2389583793
1141769.3007896885
1085173.5935990978
1021206.2666068599
1235410.9746322832
1172520.2564406057
1132921.8052350532
1272898.948125054
1154364.1737702214
1187494.3041193157
1266520.5256876727
1139541.528246551
1218499.9590400094
1125569.2336241498
1036113.6724702928
984174.6901320245
1067187.9785103777
1026791.9188496721
893598.4068495984
865182.883668464
1024480.0707722176
974790.2608265248
963649.6206711981
916206.0469091182
873300.0362561633
871269.809985287
822891.5987587402
781015.8302011256
771611.3261741233
663337.2425253686
641912.388663434
605713.6953622315
706233.5190842433
644176.5586296797
721361.6602831424
757806.2564480772
823614.2433560005
847149.8044952237
793224.069985253
900166.6802777428
941496.4884614928
1030787.8358248281
1007718.2872420975
997836.6953337323
901345.0448229722
891510.9343283129
851266.3312926993
819024.4126642478
833435.2560734442
786531.1294597022
652020.0811470875
713797.6840726808
692643.7840152207
666183.9316384664
672161.70729351
675023.40394036
722700.7720668706
653124.4155319623
687098.1071722623
641544.3908141257
555970.7266675676
537863.9888516495
533187.1869476978
501121.27959332924
1137388.8
1203395.0973133838
1187587.75247416
1195087.7279021456
1131090.852998954
1206466.9220607856
1334183.224953831
1339968.41389584
1369804.034010708
1479446.7603405456
1349125.5306174143
1447168.35899677
1301273.155114603
1331948.8926280853
1358006.2576601475
1423688.05236593
1461093.3181942892
1438861.2503388256
1330592.9072382313
1250648.5893721108
1154509.3871639257
1145292.9391129934
1167593.7048705833
1151505.271152621
1025475.7879736733
1037119.2416139747
1147627.7281474941
1254407.358292642
1321998.3373609413
1317342.4355879165
1110578.625822646
1166699.27773152
1190718.2596614542
1110293.4387460533
1215209.9489572644
1324994.0472421064
1483882.1272558875
1558136.5337434716
1547763.8997985737
1630815.3366922687
1480940.8767418314
1536619.0190938325
1529139.130158531
1582202.6674615743
1787567.9387980227
1589700.3536192374
1859249.4647072116
1936085.9926100916
1805049.5841325307
1447356.081867452
1686312.9390439757
1648346.1134611634
1700817.5568934334
1586563.6707283303
1608876.6733197889
1569205.5719238406
1681624.4382919995
1704371.3166894498
1729585.6486972622
1647633.3839780826
1614731.8467414696
1432123.6261900065
1440508.6855311715
1603263.1910400882
1794028.5514905963
1805324.2404811643
1692422.007090921
1680202.114941332
1560867.574047944
1688495.6243873907
1558599.8755445983
1405446.8990334466
1411517.2690672171
1498072.1575780627
1589543.7798059725
1788304.2886062996
1788893.2765406945
1620173.609444785
1826715.4524482691
1776818.4571824765
1638146.7720518576
1588049.1036223257
1535264.4615175892
1731768.3054531654
1665313.4414102999
1700223.0417791954
1626187.1191009316
1660872.64445793
1542757.0239053327
1542868.0589775655
1589326.6374847847
1597489.9896471426
1684535.0895679283
1636481.6201718021
1526010.3972907686
1342470.1333726454
1417149.8815937096
1503385.108230373
1314069.7977478013
1351781.4174702303
1299198.1975546088
1414857.4553375908
1467631.033566777
1579194.3235429134
1715497.9772902485
1755171.5787188201
1814866.968492328
2030374.9854777462
2056009.214942729
2298221.252492639
2079949.50051144
