1137388.8
1129754.375804628
1083146.5909633967
1032109.914570809
1058658.9704135128
1114838.7864533975
1162009.4536951985
1088889.0254786299
1174751.5262497084
1211467.0919476913
1237699.5436243708
1253920.8891420448
1233682.5912632758
1255920.867284238
1257040.7404360455
1303976.0554506679
1295576.9946302315
1438635.568420455
1507464.7475110143
1537861.5897249137
1796996.7055333764
1761080.151386929
1803693.1486858802
1757747.9256042065
1461340.0742960423
1465348.474550905
1270495.5031366025
1279966.2932444343
1169468.0424645776
1188680.5493981398
1046689.8805295447
947374.9153489515
1063916.4063027992
1048303.9880014588
966321.810625927
987580.1900777987
1021373.2410510206
1016652.0127794404
971264.3097203134
965056.9366641437
1051906.5755931758
911630.8152964589
948932.2763741526
895623.8386881062
803424.4565503785
829004.2046413838
792618.5431139786
862133.8462526848
817087.7594408524
747215.3080495849
746841.973731794
617624.3491520903
552601.1558999573
588142.1367941782
617695.8075307368
663228.825326876
593013.1483774595
537907.0188646957
603079.0490841678
579856.7686022705
535890.9650304214
494129.14464998816
478935.57174037886
499361.2917566057
509964.5578161202
554828.8221040872
492662.51716957736
499187.0601012332
489668.35816756444
546161.6398757497
543022.04925965
528576.7292562178
459858.07975672686
441677.2666800106
381040.6805637484
390900.5699700427
393220.7143752247
398043.4257864292
415265.3875375741
443099.15760009515
436992.4837250673
461866.61605347216
476227.49414194684
527927.911375281
491253.16180521855
528163.7577151885
531269.2884680188
570463.5125071532
538618.4400250134
573089.5543536759
568041.7110193758
596078.0201147051
582814.9510539687
594980.8989599412
572138.625879287
613355.7111188238
591642.2569260668
587462.1775119734
594913.7757760807
618786.185613315
681574.618884966
744470.2180037878
718724.5684843404
745113.0252721428
841554.5523719708
862937.9336646923
788267.9965277786
811622.0625648024
960456.7515272999
928091.6882761656
933729.8562182582
1137388.8
1169529.5167940785
1333085.2740442562
1264050.8113274851
1175215.4419871948
1084574.5603745067
1163877.787174384
1212122.2905541859
1179255.6988006064
1172609.7149228086
1297331.961834854
1091181.6798140549
1067699.7242015745
1036788.1971041673
1055455.3406588465
1140740.8315829472
1045033.2435823637
1102786.3590931287
932058.0990816555
921916.6779571631
1001312.422075452
1037567.8209595709
1201867.0424081448
1185197.4455130699
1227878.7774062888
1242551.5800663042
1077168.7231477203
1011797.6547033153
1158676.920857132
1122275.517493658
1029008.4610092905
950664.398990869
798701.1755748614
802195.487575074
742997.9845203253
753584.8987873778
702943.9436625565
691952.2958816261
775024.8819023222
776064.9964789518
773968.4540027515
859956.0906238083
839146.929361141
799970.3259274842
701880.4292363756
646652.5455905703
683811.5279140183
626904.3429784242
644557.8503723942
625397.7443754344
665872.77339326
676708.5192092628
788229.8129312458
819757.6746172161
880708.439733001
951651.742628601
948368.7997156163
976642.6870958131
972627.2697105543
1028807.9522354081
1107737.1964538863
1061520.600406969
1113174.4700414985
1063221.2056010568
1227038.8338964088
1159515.074760209
1192988.4601137494
1150764.2672597002
1104502.8157122775
1126152.244564354
1086691.323245927
1216428.9002362252
1196444.005721523
1280451.1373682206
1203860.5417645576
1189509.8913476653
994756.2839860995
1069867.8500021368
1176853.2710650638
1130526.899411583
1124666.3966869053
1044607.9596990243
1066166.8120018984
1094552.15016008
1120097.064364292
1231238.9983129692
1208925.5743185435
1230925.7409270112
1267281.367158851
1229071.1255045226
1277275.1063269847
1253797.5231401287
1310367.1434596046
1276029.340898416
1415348.402109144
1230108.6436586385
1137185.7749864885
1334197.6999210196
1410718.7932340002
1442942.4549995929
1573163.244316072
1688042.9194948627
1839679.9659242549
2215196.9395051445
1978133.8013399274
2110927.4545402606
2106416.402478514
2230807.8866856038
1966912.0063907232
1911987.7341984548
1786041.0979965301
