1137388.8
1182656.0811534843
1030057.404777203
1057320.2542361785
1042190.6251758435
1102787.8159979945
1110888.7927551086
1180430.9629151071
1189965.2873345036
1248145.3064676195
1421840.037200465
1503249.4843979788
1494893.6714014467
1396894.0572031154
1629484.3501052568
1666536.5336479768
1790953.3808336302
1738158.0232645094
1860839.3274225262
1785550.0777742232
1778134.3315871814
1925408.9391476237
1876362.3275788515
2172415.1792498417
1823712.7687592807
1698378.7949254115
1847597.448822284
1783716.4127832195
1668584.4886894836
1697924.916592147
1487357.9494100222
1404217.4263434173
1406379.7261082518
1488419.974087366
1397300.0820555617
1477001.21857844
1312515.5937745709
1289679.5132225845
1388995.513614328
1457560.4314717231
1433719.3072555254
1523970.7072506817
1714718.3073874356
1624570.1074949594
1824447.5305902485
1931460.1878694762
1745552.9003617058
1665902.4654594418
1711404.2802944863
1721563.1407090742
1801237.2119023073
1881212.8261463093
1761121.922790946
1589527.2952922757
1608438.2465965373
1661840.534422912
1684675.916257077
1696968.6169703985
1813121.2875376858
1996203.157684114
2027883.8972448208
1877303.1711255827
1917079.5328476017
1864952.1009987863
2009726.2192439437
2028601.7668368143
2306350.1043224977
2389358.543579283
2472198.398669048
2506228.749692977
2444891.8547827834
2391651.285800774
2327190.8709890367
2399427.0645768805
2455618.9567996045
2363346.1069394364
2553119.781492554
2850015.701443394
2972471.7292239047
2741495.4858076354
2075108.9317647174
1981808.2708292906
2138992.222219328
2198975.6389048984
2116863.325275206
2147733.77632312
2255994.747263588
2452609.6822238336
2319876.4432843146
2227472.0232904046
2224640.8754937015
2237585.218573225
2421854.9505409542
2437121.3626453485
2516757.723303316
2649660.5241411836
2729214.6453271313
2797278.5765408822
2732125.0475039943
2778950.262598198
3033069.1542814216
3045286.333498506
2872996.481418469
2779537.560233746
2576644.4695968637
2494545.9710806236
2526930.7737893867
2724907.2223771727
2868858.8894522167
2670917.8148055957
2811622.8651113156
1137388.8
1204913.3853514185
1289738.952855934
1268049.3798457629
1349054.6041972637
1301747.9739153788
1358557.771930406
1441131.0746160494
1453784.0723857016
1672623.6424867862
1809428.815302746
1950203.7776985473
1845254.2130463216
1835478.7903870384
2024125.8855273451
1812845.1426296667
1972313.1078517481
1707664.3933622777
1854452.556486561
1761156.558322782
1560441.7446974968
1479817.6770214392
1519311.0582173036
1536165.674192858
1483564.8894852905
1450454.1313692133
1329311.1419270027
1328928.1029205252
1280441.317086892
1148697.5505608553
1293584.6542813585
1289578.3651828454
1384995.6476308526
1515611.3192030962
1593115.874807599
1675564.1739341936
1551221.9350039905
1509393.8999670309
1496622.2157833271
1647176.7891104228
1534532.7074714485
1465036.6719745814
1417228.0843807666
1405355.489152551
1375754.926375626
1351009.394132032
1330619.0936861725
1255403.675355309
1249452.144459263
1360940.4456304093
1282396.1495223728
1065038.6929654838
1003190.9357830661
1084149.342047196
1129131.4450568145
962605.0765786282
902023.2956119414
932307.1824842701
1019310.9926619456
909704.0761635762
833555.5670218869
834725.0247977637
826252.9731073995
900239.781631228
886287.6454100145
974207.020445802
874787.1983242496
824980.5494489515
860122.0844194724
806540.1027700498
988349.5781002307
980261.9251942707
1038383.418205603
1048937.3971149493
1246074.32861718
1215733.4178320474
1239229.6496071052
1203498.972288278
1132399.439672573
1212244.170754778
1178331.472131607
1154817.1684101182
1033429.3139397168
1030093.4179991656
1222060.3633849975
1209537.8627498208
1187205.203380673
1165799.8321754206
1155323.2425245054
1345078.8382739283
1583662.5111724755
1517282.4407464291
1529836.881350364
1423542.8563800226
1627674.1612370664
1634411.6849342876
1678357.728630391
1681909.8740492307
1807070.0304661626
1768816.7946731253
1680220.3608921268
1628120.854649697
1642962.2510349352
1751807.0175043195
1743926.8418856428
1693082.8978420105
1836867.2828659855
1949320.7690496305
1794305.3730704437
1992388.2638258813
1928309.5746201999
