1137388.8
1142081.4471750055
1064111.5813016738
1176138.8412965361
1067688.6205777975
1170851.8725297411
1223497.1133984078
1030916.5504072101
1153108.5433278615
1299665.7582076516
1496812.3163281376
1481772.9152283324
1397731.5885427264
1507095.9472199075
1575167.9926295106
1564939.3572730978
1598779.8417733763
1574841.9648922912
1587737.180364478
1636265.3447285641
1756648.4555147404
1759538.177133113
1799484.29583481
1845537.775497281
1904580.4481243787
1768406.0000456956
1711282.317035086
1600325.7180757527
1592314.182807255
1568609.7048441444
1539444.8781289058
1617863.7821127223
1660227.4948718909
1638143.9324877092
1691848.7684637192
1730948.6001117195
1877652.9869470145
1688837.6876984653
1496436.1769532461
1749537.997322529
1840514.0136875955
1627961.873785093
1535837.685989269
1643569.4281744894
1768776.9150809369
1924993.8914228675
2141806.3015932003
2149623.5848947093
2286453.051418612
2216911.784391013
2090730.2185098294
2166380.917428835
2235677.7936298912
2157005.821185853
2423103.348281056
2486295.699274221
2786605.0759850023
3314174.806375726
3108728.9268290605
3211101.9735506154
2815124.942150266
2666486.7371308766
2658722.31002394
2587749.962310058
2659672.4458232927
2600301.4612323255
2743263.2527742805
2430333.796159733
2467651.6818490755
2611882.9130232804
2246624.347758937
2099581.738254631
2136948.6375098513
2135463.0897259894
1954212.1757673507
2015706.0704544617
1934426.1145229945
1804068.8761125812
1780822.1997608289
1645067.4415548174
1845875.5145653347
1874231.500355665
1830927.8301491088
1735592.4693490234
1607751.767471361
1581779.1125616783
1598526.6848851112
1497872.4933524535
1401598.0791193193
1422793.445131993
1214473.8608421169
1216517.0679264525
1220534.08168371
1362738.8245748098
1232411.5770016508
1305652.9871096984
1280959.1439755165
1243292.3393963738
1420648.544056981
1496781.5608714668
1309723.4107458603
1246519.3759865498
1207667.9514820292
1189186.3815784766
1195233.982336121
1190070.3956739435
1090416.8773137035
1044610.1328489274
1050082.1127535577
1040262.1110778298
958472.6892172906
1137388.8
1205953.1840328944
1079708.7183281523
1059442.1235841864
1008118.4313566054
1093359.1902760195
1184146.5997482627
1147009.686211619
1083859.5667100241
1152317.1974771316
1306373.257730785
1123130.974602099
1164572.9151604527
1199195.3848337159
1239485.5527669524
1155736.7110465416
1104306.0089087556
1062694.899474437
1092636.5316443753
1158266.367862448
1116646.0528400193
1000991.0136835271
932303.15463223
999539.3681579924
1008297.2586365216
979152.0868274301
1018145.8429735879
1032694.6119715237
875409.6604901059
1075924.618226946
1118202.482681164
1240659.5326304203
1125130.0477010286
1249278.5025918863
1223338.8069629562
1034361.0529906473
982093.6093601609
980681.1703293584
961271.169207409
861329.2564859539
671687.6284162515
741296.7347931772
784498.9412296885
717535.1403424598
738166.2987197024
696040.1799049221
695488.2129602695
646755.6255670332
630852.5982580583
578617.0391597218
594432.5407165382
594700.4526124516
527180.6081133722
489964.59809798934
507952.07145508804
486599.7176905026
561852.3814686853
609189.9024391712
570150.975430506
558951.6188529264
585609.2177653268
615105.8780907762
622601.6553787045
584534.649325127
555515.2025337857
524085.96579536964
517844.95153118594
557870.161769671
512780.45096874685
462513.36937119614
478535.2471882006
527104.978881136
541732.8491814013
618174.5560555899
660094.0085419337
625905.8768392886
609128.0654580412
597787.5627805799
539671.016593795
507660.8797160962
583344.3729865866
654019.2591193332
737311.826647431
794963.9504512608
821259.6153826693
918421.4626419541
961118.9864793166
994167.3887198917
940899.765364687
921249.9920817427
938633.9713122118
854967.7956142063
964631.9445677305
1038182.0778507147
1062009.374927464
1159659.7523480386
1145787.8083179777
1135961.307433867
1003622.6690640034
1032720.7710517395
1087204.76926159
1014124.7132598909
964462.2911812987
1014341.9748705743
975602.9322995286
846277.3532777035
863652.7211381084
911999.8204552653
891442.1916313026
838444.5937436022
932300.6629202127
