1137388.8
1058438.5300048678
1158484.9825295247
1216058.282273425
1461218.8366150728
1301045.438823405
1131401.0691975397
1186285.0518172416
1197115.478117411
1267799.118493148
1122405.608880666
1085597.0255615131
1061326.8221114688
1160943.3487671884
1073455.251362063
1099552.0555511492
1262518.3701384962
1377552.7443351792
1414139.5092684487
1518787.8256956562
1407484.9235790498
1405385.0620176592
1441430.752028828
1660262.8051848672
1496189.5496011819
1400017.944118907
1394139.6028953653
1188359.6701097628
1290115.9541402569
1151578.5521500506
1181090.0467335675
1138174.3089650332
1210504.4366108142
1228849.4198715754
1262424.4177617184
1110661.4384257626
1269551.533633567
1096860.1854290932
1050788.85281063
971894.7982725328
981308.5483711485
1012136.4660690386
1107319.3286906525
1125771.496467094
1227791.8357108042
1311060.5327880252
1183824.370907042
1281785.9916212012
1412436.3544156922
1433933.2437057586
1390027.8386295799
1548607.9127685279
1493170.976651778
1413477.567966269
1601372.104973645
1600439.147763004
1866700.555206262
1730786.8329074436
1660687.5927650868
1796254.4198367666
1828694.7796700895
1577734.3545692535
1417589.5686254231
1368256.606124908
1328797.1882606973
1260901.4520962834
1287660.1452826946
1310500.2440256225
1320610.9866871045
1204273.2946068684
1211645.4108652805
1319502.629280237
1513611.3426826177
1490221.0389403515
1489118.4720281994
1526028.988879519
1413589.7014154107
1540745.3116709148
1583282.299925074
1783569.3665797664
1948822.799429902
2075934.2928138396
2023624.2709647622
1938364.2643897478
1770716.9798140337
1835379.3910225485
1822878.4563442124
1682800.738160396
1673716.1205796453
1734091.7419967288
1754097.653031868
1766164.5909154476
1819554.9217262086
1827769.8635630393
1783565.1806384893
1653253.3538251787
1708102.2554952654
1701213.7780271093
1671927.7881421412
1740310.7654761248
1711748.5317102945
1821038.1223354796
1599905.319006032
1469644.9956839867
1613619.4405875448
1594102.7684760496
1651506.5669554027
1716597.3984662588
1804169.6691157958
1631105.0359713912
1652033.8376575327
1137388.8
1105599.2515630878
1113171.7364672534
1125065.5010683746
1075192.3888332115
1125930.7445488207
1139587.1742743335
1276278.8333584038
1390537.9636686067
1387489.5296574223
1093721.6166997922
1203073.7877124276
1120990.0202837007
1317510.609862975
1293877.759654468
1386736.517755334
1326992.6906890702
1337500.2222271846
1501231.920906322
1464508.9632220995
1429673.9715633106
1537757.0438020718
1566082.9257544542
1403702.4011947848
1527398.2056540528
1669028.219169313
1741768.928700371
1677574.2035037044
1630191.855278019
1705574.4076249674
1855635.4349283876
1754016.8865370313
1834099.22571615
2019526.4693864407
2180232.5672316533
2159457.206275286
2243355.7688683425
2352806.5061900136
2477756.569244386
2533586.328621518
2406902.4373390037
2574131.0086146286
2409763.3700370607
2458973.55808519
2364817.5096820146
2240263.617909747
2102867.205821073
2085476.4834162632
1905835.062096046
1984791.027971848
1986772.1906389326
2335340.115423455
2308686.1084990255
2502193.241801341
2425095.6351904697
2196483.853001612
2251278.709340084
2340752.304029162
2439742.7807074348
2543252.1298266635
2864335.547980729
2772501.146149545
3153056.876020498
3373418.8248651326
3064088.7566717886
2946338.5485224514
2749877.7612923435
2483330.7444702014
2608667.2397505455
2576881.963573752
2631658.1000192044
2590101.758374975
2267558.961313911
2312829.856916669
2244057.1023829277
2567662.7689362746
2523090.6620256878
2601933.4223080385
2515212.950520044
2650431.6216711444
2542639.0005091513
2700116.7556155375
2615282.060960763
2791932.373825681
2775267.4454805935
2739836.8001693375
3311296.388287458
3237766.192898208
3072040.0395369087
3034612.130709167
3637789.615804383
3892020.893422464
3946336.502346413
3980655.843113651
3667180.6536780796
3666358.822768118
3471656.7959751994
3312442.096042215
3095637.958792832
2806206.409554545
2814449.922076112
2919622.169981174
2872477.2127983035
2814609.396461438
2906296.9662589356
3138278.657062911
3075785.2692565145
2941457.868201421
3150030.264061794
3221026.5605517034
3044207.8690148126
