1137388.8
1171230.1645632668
1101258.8956513596
1100370.3767318889
1179652.8359968825
1256875.567967999
1341043.5440205832
1317652.322492123
1307038.962753194
1121198.63801615
1165923.5187635059
1168300.250593032
1130327.682198482
1126572.1815635965
1079344.1146924696
1211344.9064886447
1323737.6159692833
1453107.907951786
1421800.390049695
1377273.2058994884
1385167.2834715343
1404874.1657004536
1310203.075648772
1321820.592585552
1388652.2210973212
1420397.8185571695
1569187.7208386802
1805329.8042529218
1817498.2073196617
1849410.5551717672
2117584.07913483
2261514.0958664017
2259356.237482503
2421234.1234451905
2287650.0565951397
1906185.9627872289
1820415.184618231
1863345.686035733
2019721.7982212072
1698226.4321430323
1543842.8169619779
1679612.8984765478
1568111.9067146026
1799630.7677901632
1694483.8796801402
1724384.589208912
1520899.530287318
1501229.8158343676
1765073.8759002949
1720975.4412403267
1735659.1387917423
1775814.10023655
1736669.0308621365
1916497.94435105
1988167.0326127927
2089046.1384679282
2067229.4304622014
2196627.64229385
2009292.570129006
2060767.7501297595
2250140.4808754493
2559254.9711220763
2588912.915812069
2727313.6909318464
2877248.803582132
2781069.430579543
2952044.0569538088
2907602.8143263715
3303009.977666726
3244156.2306561386
2981131.2407755093
3342339.406759623
3278561.19056049
3602882.860919584
3815487.3825508165
3854665.9979253374
4004153.3246383048
4136200.029070506
5088395.712591584
5256542.60561465
5675791.706865113
5989298.532583009
5438696.541278448
5234372.086358745
4954806.674955474
4703863.850935814
4752939.010270644
4947244.537104199
5092667.24976068
4916171.714057973
5278067.482311645
4640824.565407078
4666980.7365124645
4823684.281932869
4532248.977957586
5056281.658946585
5216812.611492969
5732382.9198061675
5292217.531046603
5537981.08716009
5590673.215700607
5141031.832721412
5378838.001999095
5410986.906039671
5051866.021263303
5431016.087533742
4982021.267711531
5569310.271200583
5937795.367766681
5478432.213820918
6320312.238796445
1137388.8
1209864.463298745
1227342.5251681847
1191595.643056011
1324543.6500896916
1232921.5464275798
1295908.7288708675
1340000.2818933462
1594151.7489557178
1831132.0994777537
1734757.2019354913
1714429.6305600095
1669378.958010869
1585577.7583453755
1591144.2499250844
1654004.1034415483
1801493.383185113
1668410.94461264
1643761.5235305415
1642897.404455721
1525156.6738508681
1474406.8413521473
1266648.9713978742
1405727.819882885
1410675.0996309847
1312787.899549955
1281624.6673996465
1330901.8480434683
1244607.1535814954
1290410.4247409212
1204171.0838276118
1161026.3408255263
1138063.7001051344
1127976.085748018
1107977.4718854283
1088541.777870678
1099346.1004311228
1155341.7301774754
1130407.8889687888
1134768.7495504601
1092638.5580649765
1079883.3991424611
1060651.9739011
1067717.3203628021
1030471.7653197963
1000975.7607007566
998853.3246267232
1036175.8619553536
1050122.8766434146
1109887.2783638116
956469.7922242731
1015483.958012414
994109.835278192
1040077.6466467098
1102628.6425810694
1112399.4664358182
1117636.590465363
1174148.3297510818
1036223.3227567347
956849.6715227385
894538.821949419
891675.9165404742
911069.7927983043
962215.718808462
930763.4097762087
1018403.6346679449
1039858.7477697905
1014847.4494533772
1169646.702770709
1238229.268953407
1375627.5703099708
1413426.9790508016
1457549.039103182
1449860.3445400456
1497246.168139077
1556438.9074906542
1457837.1433573451
1365968.4986948082
1344377.643308122
1252442.236706988
1248649.2036952586
1220814.7697090856
1139575.036326414
1282508.4820391855
1289655.050661037
1285593.5068548885
1348849.2911798048
1444337.428142642
1401183.7221013424
1400374.1949683675
1492109.7727768526
1336137.0934129304
1434863.0659108819
1369531.060590334
1425098.7923494752
1382653.2730510028
1476334.4394295989
1420959.3131354083
1482296.9203324541
1463660.7361251703
1488220.4498473469
1498420.5000853748
1414761.970316368
1529220.8942117954
1562834.7877436276
1454150.444074523
1501323.3755887658
1381378.2850451958
1317995.428087759
1300052.9592554297
1222599.8927930936
