1137388.8
1132612.8100993293
1256932.6570819856
1211384.9406640127
1197609.2829856253
1103524.8592203746
1033053.3290507162
963192.9895538714
1097658.2576409485
902269.8298770483
888789.7575957269
911870.6379499494
809968.8941011783
853968.9563560501
958911.4175331813
770352.5282026026
680963.2150266151
643590.5718958367
611638.8266723882
631096.128643365
640975.6773579228
647338.3948438648
655208.95892552
542249.9524412784
548137.7420650698
529521.164926775
530655.9138162959
534126.0619208476
488857.8766903759
463371.98313373147
469274.00061110634
522543.06088704825
566299.3597604826
621938.4335880417
755711.232892901
740429.8162700691
726304.6497591677
786896.5001495943
740356.5388125457
779516.6543246957
696440.6840614353
682061.0768247386
661409.1108038916
727066.9546751133
764722.1075515862
735660.9074774432
769626.6166850693
782221.3122841244
773056.7479218437
751045.2584728053
744641.0498072936
695740.9543620313
653699.6429421577
640499.5387807311
642365.9142569063
673522.3433745779
676092.8449729091
669045.9519018477
634120.2293927378
689223.9455264765
705191.3929202384
745824.9022276232
781636.2514873378
843074.449600354
848733.8443171264
953785.5406454467
953949.2815953376
969371.9300687576
960965.6144878373
946069.365299116
817335.726252224
833612.1073529687
784380.7682558419
730664.2245296144
748449.6364542714
783809.267694668
854365.5791004769
920750.8836661238
950890.5546183371
877935.3468282676
870352.6567054649
1099274.4528623654
1068054.6427239901
1113652.8373714455
1030281.3771163968
1081246.5523376
1159866.839319399
1127142.2931672826
1242840.5852499383
1319459.129628702
1386159.2442876773
1444649.3845857147
1461194.9209805243
1561753.896109769
1630613.821872281
1591639.5341116488
1703766.9007389664
1569638.5030870717
1587713.2352921988
1411580.4289904535
1550309.1696915354
1544228.823899835
1365681.0979150706
1266913.164600128
1286187.7203965927
1259753.8636237367
1278756.096783744
1187680.6817491432
1501457.9572048546
1269489.7010133099
1210750.9417518072
1137388.8
1088781.2394986642
910681.0148405978
825728.7083125173
826294.2741417771
960929.3367710433
1012323.7383566528
976456.8726776114
997403.6384932495
1000487.0586454573
929048.4633173316
989467.4838475579
980593.7795430765
1051331.1698745897
1141745.5345309344
1055408.7393204467
1038641.6047230271
1206082.5548354273
1364501.2986512117
1319006.812567303
1296976.4440245514
1162164.112976407
1112388.9742899719
1209494.0456865688
1109642.622670769
1059548.8790986317
932016.7193211342
840733.5143162347
836776.1559998109
825671.9530108435
843181.4711433188
863341.331101554
872257.2510803675
875967.1557794514
825254.317650894
977620.9698704218
942506.7717030046
935321.0472182077
904590.6839674391
812645.5645610156
873867.9675831158
880628.0352415371
777673.7200619802
737135.1202600013
821040.6754767863
873396.822038506
948699.8999129935
931293.1202463662
989537.6405837601
994137.5561058038
967269.207912656
928057.1442532019
922565.9509615256
958148.95721867
926694.7473509272
1021318.1407128982
1051028.25026666
883364.4575745388
949231.5506391079
908745.4887525699
974923.7944402003
1075638.5538783711
1038030.3315434235
1017299.5651575411
1035228.7441102422
1006886.6217895789
1083106.5497720465
1121902.9671351886
975626.5638917729
879915.708481608
739361.5661395881
760931.3272379632
703216.596813302
692926.6920760747
672136.8624914847
657403.0456504935
617809.2940316685
538910.1388521817
544338.3294151484
538284.2692189253
594001.5342886118
612779.7311345699
708810.1896939017
751713.066494981
786472.2973889088
779998.2183086908
760535.222187303
712240.1241272255
674711.3967936863
583507.0161668399
585726.4741400216
594317.4460883101
674650.6743405863
617670.3422038456
526828.8602819771
513306.44590664376
504794.3416928618
484931.3699656787
482642.79804275243
453541.46294700203
419124.28771349596
406832.1542734813
387443.75924788724
431811.97391636606
434151.25667710626
486941.20550722803
541965.6491426069
618553.898853097
722014.7416347995
737714.8499004241
747002.6329228234
