1137388.8
1104390.6065248863
1213250.1074706572
1267187.9687413697
1325295.8963693636
1108627.2787673154
1152494.45641654
1075577.5190946027
1105682.83063455
1215025.7352899497
1098345.2149704015
1134371.538758564
1061726.4348924195
1028432.0479037446
995784.8078995233
1075440.0790461774
1135276.5266841587
1097380.9472230535
987603.2563121663
1086254.445457356
1134475.29092846
1084409.6168381798
1159072.2779506627
1092246.2030511163
1033707.9046082918
1069877.3178612113
1113862.0531525717
1133046.4281477653
1022238.6751292864
1019684.0328340097
1040108.1264732861
1021453.5480150054
1002632.3481220033
1015952.699050943
971810.4013153331
953030.3806517596
909482.1529284941
911797.2839121902
970656.3768302117
964959.187654904
873105.2045612246
850517.5099898372
883638.9878088235
778622.9453192906
760404.1417735047
750936.9560802825
754131.9293761735
731541.9793111345
710648.6197878676
622533.5238354789
687637.8735441291
707257.4234190751
778122.9583280543
691160.8035046826
661048.7104099003
728457.8403628372
803247.348766384
758819.8962259395
813607.3096511745
800885.0556310884
815016.9848424621
887222.6765172128
861681.4569537435
936671.7386152606
1000365.7616110748
1018420.643310203
1073779.2065601419
1156617.4154001966
1361529.4621576737
1321494.1376013695
1200366.4441056927
1176128.4259820252
1112854.7779652982
1254348.6047674678
1236096.661583932
1405664.1102090513
1262191.2470609264
1155158.6778698703
1180627.9001610337
1329023.3784541723
1226840.2242897793
1362593.5698354433
1534450.8970628537
1559469.6906857376
1605148.2049780756
1818739.774311235
1842405.1594116741
2036252.9522080005
2193368.342802974
2037914.8344496754
2193466.826806022
2364077.4504566905
2236742.2237014743
2179674.1385072246
2289497.9452844956
2405820.226009194
2144874.2909817104
2291292.919397785
2592393.982798617
2564735.1430458836
2329016.2682027854
2143902.6236080043
2558973.94637891
2590476.963320107
2867494.921610947
2802274.396490624
3030587.174683732
2921032.0309596667
3100589.0643062918
3039796.9989904435
3118906.257498091
1137388.8
1208028.9548699951
1305053.6038813458
1361841.898480364
1577857.5932422613
1644758.6074663324
1693740.712775479
1830036.196238984
1788463.5958982294
1691975.7324775266
1651842.6898980283
1481690.055492118
1575443.569614548
1601238.0715248608
1759740.7578751096
1645719.7734345936
1698924.531825658
1632555.1086851335
1874433.0159483755
1810191.0813013774
1877372.1192399233
1752610.370148791
1734755.455831625
1987992.3763886373
1796511.036679155
1672177.4761417385
1935477.695012474
1949824.0666018073
2105569.579264108
1801236.8897259086
1914560.572153492
2033288.8531118568
1837885.3799054064
1894474.6849571643
1755505.2950453674
1710089.4364670056
1732133.2156226644
1749359.3446557275
1936712.9895328772
2018756.056609603
2042637.311039312
2068146.488168469
2170062.733306409
2231140.8072258863
2357862.3276874055
2464244.500418032
2314982.294811199
2135129.336442307
2387805.587350963
2462723.7040077443
2306049.4091905016
2258554.748282993
2487810.1041195076
2286070.1400269615
2437486.0742462846
2756007.4711279627
2751241.5485042767
2737331.252788216
2640870.632370153
2474376.428528295
2625932.017213435
2867901.466020302
2735510.647064714
2854740.81164869
2538247.833048329
2486255.8521759063
2607789.052959201
2814081.070979052
2366717.4016064093
2571630.2070101197
2636178.4115456096
2600547.2036256455
2607720.9169025654
2471785.198627568
2655283.7092442224
2725130.8285928424
2731914.3559388914
2640941.8804789414
2772263.7869309643
2550309.0848025754
2586172.4516168996
2625821.6832683473
2692974.5900679473
2440956.673942524
2638653.9204990207
2435320.8703990127
2304831.587262346
2292453.917482607
2494262.4987655547
2889952.5451287115
3303410.620598697
3114943.2320399294
2894647.021574997
2627414.035476409
2885409.4901218205
2811979.3325092387
2621910.098827748
2607761.95807952
2269665.1910245125
2176389.422241374
2140921.5850890167
1862161.1760144883
1924178.8079570404
1962293.1167765625
1902511.2683206177
1950963.9396254083
2028828.6822919906
1911402.7862992159
1837342.0099828495
2044658.1707031964
2016760.8034977508
