1137388.8
1170074.7552014482
1295968.2902118864
1327811.2354685096
1243882.618103154
1209805.6751904474
1231748.9783709492
1269470.7990534655
1415265.552362788
1417933.583928341
1397694.4205786183
1389424.5524778317
1607630.3820818784
1651051.6973315384
1750725.6687837339
1863946.3111966334
1775056.927723903
1695710.82694517
1783540.2018812187
1775996.8518565043
1577317.6647610713
1657567.1084072364
1658778.3712158685
1738506.41544093
1808523.5338127671
2084015.7274899068
1985095.973921826
2231033.3057617703
2284801.510418854
2583193.0451033427
2717578.2862003837
2594058.741470317
2308795.020432227
2183061.651051391
2134608.571824582
2263143.931503924
2271296.041459186
2137465.0467253476
2377446.7456034953
2519695.0021629785
2334258.010916966
2233601.930420044
2341457.170850596
2285822.603530471
2112556.5203415803
1916944.9123503445
1951797.6217123377
1987060.6628647705
1984275.7725627536
1848576.9528297898
1851655.8803754272
1728111.524206674
1734795.9930220556
1765125.5761998845
1820419.703123348
1883646.850647497
1776096.9726912035
1643468.3244100702
1647397.0783425649
1636675.923222873
1565864.789565288
1774779.1687731633
1565386.313755995
1603289.2692668713
1526884.9962588232
1473009.320475718
1529870.8785318711
1421617.5427463842
1226644.9474658782
1110820.749951318
1107922.344356749
1304315.160772656
1280916.458199086
1499934.3983430844
1389723.1178734882
1298210.5924977658
1343887.695282874
1401006.6244403732
1279822.972189934
1312601.470924777
1292631.0985721417
1397083.689356153
1335587.817800728
1166899.6066721585
1126090.414763043
1184018.3600494182
1091600.0894857463
1135854.456657784
1082887.9450304483
1002168.9666847696
1019547.1170743047
1013021.0033400673
1048788.507621639
1002591.0525613311
1024566.9609415374
899745.8535284711
883534.2015100576
887912.3494063069
820589.9422656742
853886.4269908167
798538.1226693515
800987.5746729734
798911.0808535638
806882.3110058762
796439.9074674041
817813.663777234
783298.9364080502
876135.1321648667
860176.4518042755
860976.4910303979
810342.3117540452
1137388.8
1199459.507301632
1086436.5901022886
1178891.5592294026
1019561.6682514456
1006481.5394957407
935769.7424277076
940579.9266796585
901344.5348518988
1001736.5633613034
1020190.1466256139
994932.6481304553
1021147.1468425472
1064026.3492665591
1193089.9869860779
1296964.0159617865
1150126.2902218443
1217330.2099644814
1107405.6415952446
992445.1195994947
1048003.4933970261
1035372.8496901166
1165888.1079952572
1230285.7141613394
1082290.7924323026
1042892.6013175539
1147873.4326894858
1268348.1248261344
1202232.6121533767
1125614.9486213124
1121404.7955622412
1143727.5929974727
1159856.4246806772
1157922.1962614951
1000826.3967197982
986360.0588207878
867409.3012005081
880454.2483200012
855820.7894576462
850691.5603534131
796968.8373660729
879797.860225884
899369.2147208602
868733.36605223
866355.1097285107
888489.5853325316
907768.0100015204
905470.7975154686
836341.1045106953
796865.4473110242
836850.1886637737
778243.0789653133
777132.4958302798
772983.9008184988
827550.8093336528
796071.9055290923
823322.7954381353
909100.1751882713
946847.7785839502
836413.2683178557
904344.6517482989
876867.2599422842
824550.5777343533
719137.7230261154
714023.1257999626
594501.3118519307
575786.0686925171
516348.2969779018
503078.6836022986
535562.4556950531
548303.0191244474
563117.4531002502
606277.8340532854
625150.5481996391
641958.5857879057
651668.8376795372
660899.5678103371
548177.7576024242
531809.6768789989
538868.8410105238
480050.8332482744
540895.292785208
537787.7774138707
538036.3751273444
466396.8641435761
503431.6187178964
561634.3884737873
590302.5614143349
613232.4958330911
695385.4796697955
671521.6445611614
836642.619662745
792321.3166678208
823801.4199759581
968297.4660520246
1053018.2649987405
1061073.5243276597
1013242.0338337158
966420.9828048341
938650.8139043249
955499.1703332842
947172.5087931375
952028.6447526467
1047704.8443325436
1084150.2838900413
1044673.6958451614
1121626.529292555
1206719.9444758042
1076161.5863896054
1030034.0705399965
945255.8148732166
