1137388.8
976992.2736878375
1047648.6509159904
1074978.9838427142
1146727.0730166438
1156603.228621689
1255233.2900819925
1301731.3210847657
1285037.8411198647
1250803.0454256868
1217303.5712377431
1182563.6554279581
1237181.7870567718
1264398.3623583964
1486515.34356767
1575652.8455413627
1591148.335255061
1487988.792500382
1447421.5335772103
1548223.9924566322
1704500.2027150851
1893999.961396454
1868636.2349444448
1963772.2372107306
2444187.607149744
2466974.5092721535
2253001.2865284337
2009590.1774786748
1879210.0031062406
1809676.8038067054
1886138.9113313246
2010366.7452619285
2017745.168291678
2173621.4769736743
2057906.056224792
1920668.2522834144
1905956.376898154
1866869.6738639784
1900088.553642582
1855558.3773748472
1854339.3243639255
2079068.7527129962
2180408.5429810463
1928675.3018834519
1887818.0465613278
1918623.3460541118
1869570.4258187916
1865939.3270910184
2024508.2960750898
1986568.2804955365
2073950.819516631
2085002.109710505
2251184.6373241125
2123325.049966257
2118364.070877583
2228388.279588951
2409194.85075718
2291369.322614849
2103618.244067532
2084176.867148185
2220198.9734626277
2241127.574580114
2301148.9067947636
2206654.663617543
1980439.6024206493
1893184.850713651
2080373.6930897145
2096491.801886136
1875897.5468522247
1946051.8194548062
2095988.7244868584
2050998.1421992234
1836891.6597075488
1891266.555758349
2151074.405238943
2301392.1555990875
2493788.916498876
2485030.74413057
2477849.7754557156
2242697.119906575
2107250.140042858
2419508.454882161
2321453.9366175486
2378889.900129803
2033233.602140966
2028103.468836285
2406770.6502770507
2141198.792107767
2126019.4636386954
2185417.8325322825
2432502.845486042
2324586.9275520714
2437847.0521490076
2803587.2305490896
3319035.2663528346
3300930.105342886
3045940.050697932
2847191.256147037
2982053.8898874978
2783475.2287710565
2430006.19393467
2645280.202522686
2516969.3982407223
2450091.7219826286
2633658.213553598
2781536.738077428
2971040.279300485
2992598.9798073806
3125304.713394779
3047680.381965518
3589636.6146864896
1137388.8
1313175.079038761
1351946.2947535433
1396134.3044730467
1266431.2863680522
1168706.082511233
1053733.5987013846
1016773.6275920692
991109.6021120691
1070907.806326425
1215994.0472358381
1241751.5721266542
1284520.7982120817
1218316.918115316
1229156.4812744134
1171394.046807
1263359.7986849956
1266207.9092789367
1236678.9211106405
1141185.4940484925
1184016.500426472
1294672.7530217418
1201517.9225291272
1220103.5583331233
1177678.5729233215
1258023.3239292954
1192315.1239565206
1073617.9396341087
996562.5035345028
957040.9518492356
813190.7335810588
783739.0460677504
698603.4162850428
688768.2287784455
646855.432154843
651545.8552666275
620190.6205529645
650050.3319707216
666919.5433321607
713299.5964830931
708320.8769639771
729051.877758966
742079.3022667863
847113.5740787167
883429.5461703655
905986.6037687516
774085.7529093343
763153.7270068281
732532.3839041645
646763.7097482269
660812.3949329277
635237.9101581265
606775.172125482
736113.7852833165
790957.5770013714
746187.3512300723
789763.7275821053
794155.4494789601
725302.6331273096
769133.4338193433
835161.3813665874
820847.1814200216
814058.9667962245
857913.3577762004
940211.4666458637
978007.7030140439
904291.8587953408
888108.5667962919
813106.3581399522
770695.5125053544
755905.4335265795
725968.8701102678
713629.2846263774
639354.6519468832
598796.0054276842
615326.8053944098
656457.7771535992
640991.3404531658
602377.6154364228
655965.3703943492
669776.4638190178
574768.9585504034
567114.9506383796
577892.4750012963
548795.26706133
590092.5395905406
576126.1582228638
584657.3859568472
583844.0668335435
619902.9127800495
661399.1816501301
697638.5699855844
684351.2104677064
573928.6717634065
573550.9325752718
566002.0687082361
594115.4098870815
561832.681587865
597609.3722280365
616033.2691823757
580759.1529852198
678790.6840929146
692288.0709222312
683714.7023602704
663838.0397578522
610851.9151881293
622503.6466072417
587836.1482971188
661522.8125292895
686382.8648395158
544305.0629999865
