1137388.8
1290720.9954699639
1468798.6351072008
1594354.9902038882
1508034.1865320022
1555384.2588236071
1474783.3728903467
1478237.4768960665
1590629.7672847975
1689041.5390910318
1717037.609214272
1592566.24503732
1442650.7376441641
1645783.0520797987
1752845.9509475268
1930338.1204421308
1952318.7563308794
1677701.3114636769
1845883.0768958598
1690313.0037248044
1541847.3090576604
1646966.542125148
1666040.4820399538
1706000.0441662683
1800061.9441763088
1846639.0044908854
1842861.3675732831
1729336.1688838468
1770309.8288936403
1994876.3399103268
1841640.7451722138
1944642.079379444
1925389.2799160327
1852987.382903992
1610433.9068430553
1472380.5435762831
1718845.7118946488
1693363.2817321701
1881392.654869182
1988033.096975857
2299768.789418057
2241734.808411746
2038049.668446075
2057789.1451911973
1931536.620265487
2079470.702094119
2229387.3937184815
2192312.384239545
2385939.7281057434
2406386.3747022613
2493607.52262391
2302967.0647692955
2504151.9050395377
2782225.2714382093
2848670.0727075296
2998655.7900633053
2968166.8735423335
3301826.2156143873
3281884.4981090548
3381583.1335603707
3515917.6415570304
3896455.2842252674
3927632.534145468
3767205.169480331
3674000.6709139445
3657106.416798378
3777719.7879955294
4403640.088445318
3978126.330066892
3554512.5377287115
3465279.6762439967
3406964.8377332464
3218796.092221264
3278347.4230684056
3424602.5515600294
3399166.5581700876
3515250.0885539246
3691562.588274816
3752402.6255409885
3710230.40031395
3807183.5250441544
3642476.252932262
3804721.0197879104
3411482.0673406315
3323633.4840211677
3048353.1070700097
3176348.470056846
3591333.7930738893
3668117.816782989
3694968.079063539
3724380.6832958763
3659165.6896090535
3571981.727056319
3456980.0351909497
3828428.8790471065
4173220.943529169
4632207.3527194075
4976569.344171225
5378588.246273356
5540269.618178006
5414067.838216926
5616721.685973419
4958530.757463713
4693419.475921325
4971069.944501129
4705632.18830463
5199783.8240749175
5128504.064325444
4516618.67971539
4227453.29105181
4237659.759048142
1137388.8
1250833.948772018
1299811.9186614067
1308431.9317123003
1261746.034451131
1210147.5871417015
1247310.8440852931
1305944.8300571903
1289790.0479322213
1215163.0924032324
1308512.119634096
1377847.6538693493
1297290.4134835054
1129237.0171768488
1030047.5398181342
989019.4732293363
846699.6740830627
813938.782933341
801314.6656777329
829400.2342534228
768938.060337511
731470.1372200071
633779.6415656598
651657.7470058548
706789.2383750352
781563.4552985888
761982.8881673814
753267.0320000076
830948.5166380104
791367.8690621363
762421.2813202023
715850.8467928399
749878.3212564597
714362.1924025188
677558.8463302406
726111.5300810992
725590.0268143949
745981.1765226694
745738.8873797557
838574.8681724718
820343.155168676
848256.8219941054
890689.5452709465
848985.014261009
848507.1361787244
898111.8504563303
902558.7563616748
811544.6738110716
887977.5202276561
831900.4626692368
789118.0424175666
781805.2715880816
721858.0126962541
689901.9597142763
731831.2960307036
765376.2829096793
774068.308744027
786522.4444094389
691039.0705587714
721857.8114336366
640579.7901291095
645586.6280088916
649004.2971204743
627014.4366792213
601868.0184579265
562586.2759602134
590889.626272907
654572.2505740287
589426.8762299047
591640.3734571075
555133.1968233755
612070.0126919368
598133.3999669149
552711.6552981684
544396.4552476263
613200.7777339142
640512.1064509554
578045.1112654018
601312.3060576422
560319.5247290897
547592.1737982759
573738.7935330118
535173.7985731344
496676.0810052303
468143.199229939
478575.2279056557
433294.71438079415
432955.2338380302
420796.4661423183
463390.41076872684
487727.0081250101
467900.6186077452
471319.65352941066
448838.789335497
474452.60579025646
485613.2304415506
476717.9464601803
467263.3914175107
470217.2522558474
494612.5472305202
520058.2367374046
606628.8448887124
545627.3180321208
538765.7843560566
483546.3096842804
461100.85538856086
480694.8053976241
488958.2578309052
491456.66102087137
508066.6789651157
535567.6031872156
