1137388.8
1242995.3128316898
1243724.5172783826
1204553.8631332954
1297680.6710609933
1524344.8787711407
1483432.228278565
1643130.482989749
1751862.519407105
1773247.713322105
1898799.2541051665
2122100.4048538515
2140179.115001603
2154052.848589189
2205113.694843175
2473251.31452295
2802877.5521520125
2551836.583599534
2449990.6322643626
2636203.6151615866
2800859.837338364
2855191.0835130634
2620579.28150431
2641605.436233805
2999953.885849537
3041439.0872652247
3381622.754177765
3411685.4989350243
3874130.2280461537
3812702.3195716958
4155725.109143883
4356257.850349053
4757289.396080547
4930431.866193549
4975331.758862237
4990212.357495047
4778754.7593710935
4502227.780402285
4403839.65471177
4355446.826960728
4094954.5802787654
3784915.4706030567
4196870.535885968
4250672.414998602
4097779.0441747084
4516026.099670126
4600114.523666495
4634896.320502029
4654156.512538872
4493795.503936926
4486247.540452974
4836124.380169353
4609073.41464495
4569510.778143047
4253112.590461432
3826506.6367992777
4088062.9030652535
4490912.536002327
4369786.428280348
4225413.263538954
4229465.012964805
3848089.4770629164
4016229.9364458597
4203432.071067302
4329360.909474156
3939498.6164130103
4023090.65549598
3887045.9604355106
3792726.534211062
3432834.152286169
2879482.2636233177
2906683.098722147
2418025.4394275737
2291850.774913354
2590547.8872983567
2543046.6567567424
2458235.721978814
2628446.264484732
2614758.5174840475
2532593.615410878
2319869.1471622307
2234506.414102276
2381711.843408246
2026279.3170285618
2035901.19844693
1988006.670950217
1957413.6047666648
2012173.1967312053
1899935.7752895525
2027629.0055889073
1827705.9822195887
1861989.427141203
1841678.1777857458
1862117.307977665
1738581.9630625395
1598601.7800182004
1774319.7466934691
1601899.0687712592
1638736.1340947233
1560451.425370998
1818650.762310526
1988472.2318483582
2014444.9019616887
1858208.9086601033
1707628.678346473
1767318.4639205544
2010549.675569489
2008258.711736069
1973839.307881483
1811403.3240782137
1728743.7364732795
1137388.8
1103652.7610315958
1149958.3541765078
1056527.81056606
1101115.6512171358
971007.5455484358
985467.7598026504
978299.3726945857
1114972.917192383
1147573.7612427413
1398313.1881330202
1466966.6297135688
1452107.5736091228
1635922.0223736197
1566389.9141387222
1592313.1995017983
1350954.4215302356
1467471.259750819
1632395.1945651777
1929313.6980503332
1984140.7476211656
1937597.6276787503
1988893.2729173661
2074912.2915066965
2120088.086868245
2049793.8298403472
2153708.982193184
2324146.194816821
2269071.6814801865
2207065.777411622
2183535.8384948373
1865202.9075873124
1773667.1508383132
1794769.7140174876
2188566.463526454
2222611.200442195
2107835.1427598516
2249093.0346181532
2273156.534750439
2330759.738382068
2219439.608920022
1900095.549981469
1870446.4811196737
1899945.4722241315
1999680.5619117501
2106220.3012108146
2272014.8928420963
2219190.793259642
2359269.0262941984
2242617.1025413414
2270131.4357329314
2361086.9587981068
2282537.5915281856
2192298.813676709
1982930.9622491887
2163835.1064079525
1998878.108814354
2341933.062356993
2186910.324362858
2122020.0655844864
2055865.342865318
2022576.3705144976
2082062.9276855337
2127734.156819779
2281582.4388975394
2598566.586409831
2689547.921756226
2589732.4610011755
2929373.484101943
2693842.706590811
2862821.67955679
3256506.484403251
3342828.501742425
3185315.6605175645
3152613.85888677
3123329.3715053643
2867803.489355335
2852279.258757072
2968755.105576972
3077973.4180638567
3348216.096802624
3326369.3633533036
3750522.469900557
3705640.067949125
3633283.0332160075
3476629.572237608
3559752.991092564
3471563.8207085403
3048131.009425233
3228242.1870541093
3348711.2588471347
3223138.029066478
3443161.421799544
3745117.058788243
4286040.703809654
4745765.5102715185
4698301.704244878
4568530.795577124
4535413.294991675
4383208.2070329925
3798675.2604673794
3698333.3806079845
3652399.9694369794
3689009.6275903694
4113120.531851734
4276665.201236443
4586885.563633125
4909308.136036353
5026930.655452091
4946324.655974887
4985358.098361654
