1137388.8
1130120.5248223627
1083324.4686870668
1106596.9814978635
1304818.36722069
1353628.9995478364
1404223.5087358193
1327593.5226772171
1295845.7572215884
1144148.5521089549
1134584.8707720456
958819.2615611122
915497.3771274196
957778.6125596875
842712.9177693197
918101.9101056402
910838.3442462602
998594.5932183672
966388.6205268353
1003479.7777977033
1071215.4902133772
1012768.4339206378
760178.6027250823
762169.0625405362
775980.9175967891
843639.461830893
801408.3055415956
781848.832335115
729873.8970825372
813289.2106971829
868309.822591057
956782.2741261884
1013051.4198869162
1114338.0273732562
1163280.2060188982
1246958.5225905236
1211124.7124733662
1209551.5405448603
1247972.9100826955
1419575.371826864
1584149.2373826904
1495559.2028487944
1662085.795326913
1574923.378223274
1642777.0691134355
1639349.2514900474
1741722.8994809424
1884337.9616047866
1986060.729553817
2226638.2224873155
1768589.34328264
1955398.135156862
2095652.9948443582
2285431.5711480323
2109901.861396768
1901366.832382627
2088876.0458643252
2224641.933747063
2497086.334286821
2511860.578303611
2463851.095357797
2293603.6567144236
2047181.9666070829
2261502.455648402
2110999.751538135
1977007.0590597158
2032605.7354840888
1985173.0814730488
1852022.6035265522
1929698.9671734516
1789051.5421920198
1517317.5760501456
1601807.0170909266
1788114.4771379132
1781846.4278747328
1673388.043667405
1677607.8057890632
1783756.0530103338
1762945.8378126244
1658502.5952910997
1885758.4469216901
1951637.7048558327
1881406.396707225
1917164.53716301
1770197.0913567853
1640533.1184393568
1674287.242184851
1921910.4268937844
1899199.0697343913
2039381.7138844498
2217310.0629424006
2468364.3901188024
2439225.3218786228
2323428.073105076
2485347.643840943
2634964.9956783224
2850192.554476874
2968899.220090795
2435009.987681574
2510202.732876408
2253182.9453959945
2218947.0047821356
1758323.9158260855
1737707.2007818501
1810626.4693808565
1838620.4100451411
1838321.123723765
1662237.659316582
1554854.486797205
1662058.604002497
1621171.2518400713
1137388.8
1104364.7933310617
1184201.9047704192
1248437.615462615
1208905.9199838839
1230440.6032800998
1317399.424674076
1211300.2718210148
1219349.6038612942
1210809.3705722596
999855.2048542335
1017060.7828101679
1096467.016024839
969763.123500052
930365.3894012538
994507.0209963092
1132440.791414609
988222.7309784188
902482.9225462804
862971.230087249
753930.3316234053
788368.8927508846
710525.1859474359
645403.792023816
652477.9344498998
684669.1014852346
742700.0497138373
678991.1541998553
669749.7029787813
639543.678670626
570135.9494230493
573780.3372484023
587364.8154986528
560994.3674789078
560376.1392908627
504554.4672556442
476406.387982565
450527.22716951417
452587.8946540397
413074.441692781
432569.1514110348
441746.1799860476
414831.3635943009
434413.5902458779
428590.15950114414
436673.76730845316
446155.0028784705
511152.43811188923
605056.2100975675
677871.8908063397
676942.7932754774
747862.8894951823
786432.7038853221
825639.5226289622
790918.9401584079
818499.9185374422
829512.7619375916
916711.6579536406
934445.0850669474
901450.09482193
824143.037376903
820795.3420021717
816586.7546792891
902778.0072660254
868087.4073015188
833300.380661818
916320.3480749817
1034262.0620608869
1143190.4954619526
1141200.8872056126
1273952.4514770373
1111237.2193468872
1039842.3229178682
1010857.9029723315
923014.6608528198
963672.7348977712
1022035.3787528039
1080894.7771568801
886124.3956368022
834368.3280291652
948549.3320943064
968210.026692161
859549.5812304922
908491.029360423
946219.8269703203
1018347.7433573706
871367.8067998259
843147.5072730085
792584.1872182254
856123.5416352632
872693.5523934056
855182.6654986768
799737.2564370076
730463.247258816
703231.0302427777
713744.3193180199
703794.7099876854
698738.3725066321
644839.5820297103
606606.157298143
671677.8013730688
635956.4785667323
683092.4708421847
718693.3983543238
715903.2612189994
699716.8047417272
668543.5859069935
743845.3554477292
713042.1029081352
660098.4184698294
646785.0884584672
