1137388.8
1065905.4601930745
1036015.766197856
888483.246705581
893017.898631064
897110.0163623547
993502.6335268236
883254.5759841902
881574.8134743801
926145.2827918491
995552.7216521412
1008488.6899326092
1001790.5637417311
888838.2017909233
797990.5065039641
694598.9803005462
680132.4872512202
675371.566555801
605914.1205302764
570155.6748364622
617579.290275281
634766.3600828743
689830.8692741513
737729.7846839349
760524.6310401696
772053.2329511306
874468.9084835417
860517.184988258
915114.5004097647
1026482.6931978177
1039756.4864130662
1177955.192035722
1092667.3549453984
1098330.9893022478
1032284.2825731911
1007459.6182353223
1006317.9259874339
811151.7334216505
710286.6028101718
715347.3861626427
765576.7049834651
887532.945877534
924152.6322176955
915370.9536356005
881581.1023564553
807923.0853968965
822680.7496686316
835043.9147560411
912877.1757687073
1033944.1264911013
946590.4972504826
904622.3027110072
942028.7962650597
1049129.7331062742
979605.9132229743
1076919.6009696044
1130612.586976027
1284422.919322827
1299687.5394568688
1210869.5928595646
1206374.4733168157
1254905.3393676104
1404567.9822551697
1486890.3272363811
1672357.546392237
1692206.0780097314
1635551.3781879824
1575948.9786359768
1804681.1599287305
1773515.561112424
1564108.8704827062
1464105.4439626092
1461135.9473545272
1366087.4483323544
1325554.9355047084
1442968.545004111
1618610.8985693008
1691983.8000577546
1749435.71916643
1632530.4562240774
1718742.5563520405
1685160.2523294946
1360856.8998236472
1242354.3061715174
1204544.0999817667
1202335.8611701778
1163350.459375006
1189074.799855248
1197595.787018913
1196555.484684874
1158157.2858425495
1093707.5272035394
1157384.9470505405
1116680.2206378584
1153036.1639417359
1117980.166511695
1086625.434149291
1166239.0282990525
956444.1717835
862177.7232084272
787970.3586121163
749097.5737591898
829088.5837600988
842600.6770551441
836247.1518186487
808692.7200071266
809857.3461835902
932721.6776483646
978155.5723386419
904831.6609399775
873802.4421654389
1137388.8
1110489.056465929
1202522.2115915858
1197008.3267713203
1126592.0170060503
1105927.0214049392
1192933.08343326
1218988.6102096029
1233739.0983715502
1140870.8328185773
1187660.9108148348
1155022.0626433275
1178351.7827812314
1194510.4028226677
1285703.2705749527
1420716.8632893432
1338044.548183785
1341070.907997862
1447715.8206847147
1487977.5699283872
1576150.810523415
1660402.8909815208
1426482.405852813
1343430.8682759858
1423034.7283982474
1473494.487971311
1270952.0533830547
1328864.5030722911
1476219.5960027946
1296708.071628646
1310438.8175804666
1332663.3131327177
1332252.5086544673
1041298.9408641706
1200844.4063187852
1251755.8710093922
1200418.205472327
1286846.0957631492
1294900.4571356925
1348565.5550845622
1391228.2450559698
1417901.7375139785
1194343.1179972594
1214729.5435105823
1123681.07023699
1123722.2228573922
1120801.8319193453
1126628.3678280585
1242322.1215260937
1340436.0533109938
1352042.3869791068
1385161.0730999135
1366059.8662599323
1204851.6154226824
1221856.5034387477
1216020.4949045614
1285404.017456329
1215650.8943741433
1203894.8755895426
1066092.7922131182
1255862.7623249139
1438768.174223687
1313976.3789554473
1388431.831150722
1281638.8123235693
1023854.77594639
1088683.7039398435
1112534.1376160122
1147191.2743849372
1009305.1074186616
895571.6788916728
929077.7889664442
924473.7339053289
1027511.64304179
1069617.684035011
1069211.208686124
1138695.8970968616
1099129.2896397018
939354.9043103321
938679.7121011883
940842.4566015867
985042.8174327653
1022642.3080516629
1086544.0064281172
1085540.485062619
1122393.0456756863
1224440.365766266
1225798.3676867576
1260818.8147867972
1231034.8470784407
1312801.890775052
1300163.8363313235
1173213.3968164495
1149421.1132637628
1233394.0205190536
1298868.0717139097
1398382.530735691
1292980.8135444883
1331071.4421348034
1439128.7567919844
1343022.729325067
1345720.678119723
1554315.3009111607
1741555.8208355217
1793081.6330152173
1683968.1871925374
1669576.3044211818
1582735.5542233295
1535171.765642607
1326973.5880418087
1314236.2099147774
