1137388.8
1260780.287335395
1138611.805174477
1150515.4699266464
1282030.0607606827
1174149.8616797037
1091184.9960887565
1072325.162357814
935758.0261693379
897428.1098899929
930249.8294069686
870411.0862129664
883739.6190797114
814290.0683270672
780923.6932441904
838948.9376696626
808008.3901382486
784150.5438217848
702101.2653237383
783004.045232544
861716.5414355737
826525.8733669838
758333.225780151
737829.5601188033
688868.092873597
750670.2153001766
753137.0252132631
809760.4148280452
698963.7500471071
633070.1590523846
598416.9361028592
633614.8911734767
657144.734066831
665992.7288554931
712931.3644464551
852887.4803336175
879993.9292058208
743354.3103266157
747279.139329407
763734.0244911907
866965.462119693
856623.5421463196
785128.9047713877
768424.6575745083
739527.0281475155
783742.4293966088
665723.0335134178
632942.2527140641
617313.1043054274
617951.5130464671
635605.503242408
551165.8439040871
590726.0443419295
546272.1901894305
548059.1115476037
530289.6613775851
515545.6014198694
499088.1754889461
520004.8559360187
497489.9194060338
481984.59896289353
457357.7754562641
480651.1289770223
485408.9349846112
441080.3459213424
429712.8368562374
435402.0293354045
427927.1744730804
438205.3646174856
444304.70032754703
479020.56006499415
451452.3958530389
455109.25717790885
505391.60865096527
504222.874238153
478578.43176433275
523533.79156593885
543224.4791401469
465805.9480834459
463795.6661543817
429898.2161307053
410080.28989928216
467891.9237355597
456796.7772884686
446093.7207768108
433398.21968648455
447299.9553044305
434401.35393666447
438596.9078130914
480504.1900159747
519870.98649935116
514581.06951238535
531982.6337311328
619674.1822137876
614678.8431156175
601822.0599124294
593255.704873443
580841.2451256419
538367.4295253109
513106.38602092315
550045.3676647033
560926.9714126292
579305.3764218121
522783.47926971695
489396.6220694386
435289.01608632976
416889.1402814463
412914.8950142563
390136.5157393999
356882.806150869
360646.1268259154
1137388.8
1317571.717405254
1318049.425449789
1241132.1204255077
1352164.5773268978
1493471.0922610755
1315938.6621891
1473500.9259269887
1612282.4805427073
1731003.8127529423
1740652.001634157
1648025.7753596364
1725671.0092940053
2014122.782542883
1921373.9615683442
2027011.9191071559
2222579.221967608
1881411.4607911806
1942343.217502074
1979514.3613369772
1919716.0824446892
1749413.4724169427
1358869.1887880962
1370221.724010503
1372107.934770786
1322671.0045819713
1246179.8439883403
1242831.4324529886
1201133.5544708713
1256879.4457643558
1042716.0568640255
1229863.7721264353
1225525.3913161433
1323778.0266687504
1403290.898156112
1560636.5928522842
1423107.2086806227
1354786.9157436665
1348916.6506317104
1407045.4598606646
1427306.8536472453
1272214.8628150504
1311481.305992147
1236907.0077749856
1325026.7640286167
1273099.1055285279
1508006.196008382
1385750.9915555276
1650385.8913487212
1913478.3800808042
1950464.5817463018
2158710.5101060946
2483574.4801089927
2212036.5449971817
2162550.55551627
2067463.1205816302
2044854.6490216113
2207459.6302430797
2237789.9371848563
2417360.685108913
2311318.944636585
2484266.2013057573
2305403.130192046
2560458.4532565908
2714090.1419200334
2813129.054385877
2741831.6372310054
2724171.3889295403
2820334.159020047
2676618.844230105
2754654.210394023
2620382.692288078
2495573.4437646
2718458.696589583
2425292.4144315016
2353857.6150393253
2365836.285074489
2633357.2666902635
2644223.064120797
2333562.436035562
2636011.74292967
2426122.189650921
2348286.7442349377
2392172.5601766217
2071680.750187905
2424188.174767721
2165326.1727193366
1972047.4406009582
1975966.8556140487
1971901.8478931724
1874592.6851982852
1944412.680570221
2093464.2442027202
1985801.058637975
1943577.3404700737
1955580.281322487
1871645.930934669
1840392.6256696119
1936544.2068225774
1736663.602976739
1578413.7306836748
1294488.9325928632
1213073.1413445577
1149566.6214317773
1174671.318251839
1107656.6711321254
1129496.0766288117
1045218.5893071017
976108.7444200186
949896.5616773578
839784.584638915
