1137388.8
1149027.004852116
1133884.5044944664
1073081.8970986658
856800.8115372056
823838.510849679
851393.9992403021
866383.176757696
820467.5708567603
744791.7286120114
693277.8971515754
693391.4881969931
731520.9991769757
842499.8629365137
806837.6608511782
861194.0164132615
822234.1615511617
829437.8516893587
787042.4515839954
888561.8167195065
901608.1601059167
970972.2766049458
864839.9194645853
927489.6596794967
998022.227042694
1051257.2776894204
1066668.6828254156
1061345.412368352
1053110.7794440673
893132.2785637368
780516.7721929288
823947.8143143962
849362.5753854292
831246.7173638634
799999.8219284605
803780.2461969983
788881.6249673525
673737.4282055722
707521.6221304098
679107.8031651388
824479.060470076
726456.1967495027
767967.5521149188
713755.8574672504
687506.864098595
639185.4686919663
652144.5538513522
621740.1632720041
637605.0543622568
633590.1627883005
574286.5509120908
601712.0136010563
629740.6455464185
643669.4350715517
622201.6697990911
596379.233782601
583913.3886728492
582347.8981753594
592177.9291901916
600331.5078693402
631422.6672241542
629479.6056594391
752764.2764448089
775658.7451117106
777072.7986708989
763300.6198011955
800655.0460822794
762285.2365874517
854705.3186370189
965800.408003965
1006420.6375214548
1011379.2956841389
1111926.7116110716
1120429.6213785713
1210949.200982731
1249593.4600656838
1299575.610230158
1495818.593487656
1663506.7975948278
1896883.6889870132
1915816.4722172273
1685337.2284934686
1717549.2092696629
1594805.407780248
1560393.1124258363
1289517.3960232257
1273265.3902350648
1175447.9238693372
1214412.6623518688
941125.2984781855
964962.0877924185
931001.2733676549
888710.3503244416
946841.3165751165
842373.1658160421
735360.8194427198
728998.8687880329
834953.9662532838
812881.3939138342
822308.6258704145
762059.889313164
713173.2304579222
721152.9105286696
737783.0982249932
722642.6719536381
766149.9693863858
675270.8461150859
642344.6850045427
622767.6770695304
659807.6610542856
603168.3939343363
1137388.8
1099294.686714129
1332528.2526251934
1224017.5432448324
1217285.2482008704
1186465.9007944812
1255134.0087529693
1323576.9377908185
1341163.2592222234
1390693.6576795795
1389551.720574217
1384814.3441753094
1340685.967597184
1255737.423426959
1414916.5486837046
1483455.1004961105
1551193.6381098363
1621225.0156006117
1608217.3840402057
1640076.2255791002
1584692.2530245471
1354136.0154761493
1290211.8818156787
1348522.8734873955
1267289.011532791
1251566.3290056102
1264195.537763186
1343205.6103677573
1439695.8350999868
1547639.79264127
1266955.9141237284
1310713.268993264
1266191.0281944373
1283371.4190720355
1411148.42235418
1300206.9241948319
1426798.2132493502
1553699.5049554342
1744226.2512681885
1870273.8948901396
1770995.8996808915
1924039.1540642325
1886676.550121738
1764490.683714914
1790852.777221953
1922939.534641939
1895610.3886837654
1876462.2179170838
2001673.19293599
1963258.4540941447
1908096.2121492734
1873282.6201148394
1664878.2533570358
1696107.2804804572
1789914.9350500696
1855356.3744749967
2144177.7216128935
2313303.709129742
2542547.4387550056
2631916.833996644
2484595.698461971
2542136.0451450627
2489262.3674813877
2494891.9523464004
2245251.06983613
2261249.999195193
2505579.0364957424
2398543.167211511
2552220.5313240704
2584156.29907062
2560876.0548764644
2638949.3986396985
2628543.0095826746
2715161.9990947726
2593909.114635243
2599488.7554303543
2910934.246029243
2873813.995701115
2610017.484582603
2813791.9982254747
2567121.4231949765
2424601.1541194124
2681243.2094300655
2720716.3462451384
2840204.7473590625
3017646.5513183596
3263935.972425187
2934004.692836155
2792162.6819930216
2761520.4415001506
3545568.963488969
3952375.9411103423
3841002.9780748617
3917580.9440789553
4009300.9636588907
4118029.8569928217
4675785.531720268
4627801.534108857
4521196.491413325
4578602.312076325
4134277.752707071
3472737.091454276
3424928.16525467
3265224.2981489995
3405472.835589325
3389534.134128961
3448593.362129707
3194346.3899062956
3626570.917095924
3766945.8820222593
3887255.670863024
