1137388.8
1176385.3315100868
1123131.3108419797
1164518.2947828795
1069628.1124767142
1050032.6621737925
958219.2148965966
855319.7612050686
824235.8624608468
912575.1592760531
996072.3882362122
1115625.0836353048
1049430.16496212
1023427.1220995655
1117581.6206330305
1126261.1422185146
1057487.8788913141
1124081.6201657082
1055645.3771615762
1112454.076717711
1266008.4842061854
1376686.6917426481
1665118.596753658
1706321.0899321437
1713419.761124303
1894314.7020730984
2102967.762262401
2232079.415297373
2213402.694909757
2131708.7085603317
1806429.3487499491
1873994.0215638326
1919264.296741907
2018509.9600238523
2335653.9739656677
2646087.5636940934
2655420.4536714875
2582048.0673611416
2450261.0373145184
2415855.509120496
2405781.606021333
2385027.652449
2611299.064391133
2829500.351727771
2872753.5698691555
2621600.8564101844
2532570.387645354
2372898.323906812
2403891.6268255836
2302438.132167986
2488785.8001210205
2560534.564552771
2368350.9861517674
2172565.5382370776
2329474.314195523
2527436.4794531306
2506019.4938170584
2529049.672878063
2605689.5473154695
2706618.6479851026
2496685.5961262374
2294991.355800171
2112372.0771224997
1986446.6728082655
1843222.4217239453
1859098.6575834034
1995310.3057397164
2011897.7681570947
2005394.6854138635
2032590.4095985675
2250736.4306833143
1964130.8624349204
2000077.2184768585
1877014.6825004797
1753004.4607351248
1668421.2918229075
1511433.026726478
1353353.7097345488
1359340.228211251
1404088.8180529212
1316741.818007002
1382121.8711240578
1454890.8939980108
1484801.745739043
1499603.0468525789
1589658.3575677702
1737229.4663316007
1684751.9378897187
1601908.7002744263
1445782.3743642154
1594480.1163189798
1652579.5030584114
1772302.1145910083
1799679.754139158
1801434.826552739
1873766.0589302417
1958678.0497044714
1996610.407194954
1854393.3476547247
1980616.1815333588
1893224.3101856294
1759339.210104947
1592582.5118773468
1515351.7595259908
1425359.6799641538
1405310.6279490402
1615118.1032189548
1720498.0711184328
1959575.6318173874
1922723.1241486364
1869031.3510960822
1137388.8
1161875.512452089
1129275.8627679725
1142338.1564133218
1036332.5580312536
987363.1077867319
1086193.567862735
1043645.8318994556
1177827.3141998914
1127604.7155803402
1186935.8700456475
1222125.4943182587
1191129.1455775131
1262452.311771721
1136507.6602061577
1217937.8495436106
1264653.1752916928
1157950.0994543093
1168607.1330147637
1047741.0171669145
759926.2234464199
648438.2447335836
658220.7147177522
633960.5689051622
656737.979768316
654372.9671156968
682589.7924592588
713187.2858371247
754840.5521187071
738230.7985976823
744486.2724892993
776665.386598981
820165.0695894399
883074.5465808446
827344.5486707643
867054.1193408102
877807.660541597
861993.4268639082
861120.7752648795
830309.7139703572
825507.7127081299
859572.6643403491
859265.4711011554
909130.0771811097
971830.7928961588
971795.8877040986
912827.9709456544
893971.0534060352
882318.7354052422
946242.8964959807
867158.2515828614
844271.6753560414
894423.4653935021
806069.9232159364
885213.8899909471
930147.9396506333
1104197.7167898922
1110849.981473921
1030154.2736856937
1007744.2646350057
966727.8516212748
947055.2988562465
979872.2852391201
948381.1133721445
907605.925664676
923994.4356202518
858090.2385712655
979554.0634612351
1004223.2189217662
1007945.2884353562
1033895.0061418948
919528.3537048965
911620.3021598811
1002110.0167912608
1078268.5701463772
1026632.1345817136
970659.2908241615
1076009.664475737
1189027.4760753824
1225280.2400645919
1321987.8684826135
1264418.5587046326
1290800.4558843384
1406844.3154554137
1307567.2951175682
1163658.8082545819
1318103.3500836191
1328945.902029213
1226058.0635945282
1300434.0615907751
1438780.3588467056
1438887.4846241241
1577308.0160732355
1590452.3773203704
1356975.1705054594
1369719.2894094293
1337805.4568395186
1356715.966434676
1448869.5274741878
1596743.6452266767
1603800.828588892
1529587.5952171383
1783180.3489963426
1714679.497141214
1639800.0310879403
1717132.2139291067
1690636.1632040923
1609594.5319652397
1552347.3202040156
1509819.8364765756
1682520.5721680704
