1137388.8
1075959.2983903585
1095937.095029381
1151585.65391167
1211700.412969212
1145192.539954893
1031665.5738366549
1193896.574676848
1081129.785720268
1086674.6822183274
1059055.38665945
1066438.061943516
1147155.4311713262
1138437.5297061566
1176360.8528877564
1016005.1264714595
1103408.813915484
1184713.7042839157
1134995.857307572
1201215.6436918331
1361137.1014748637
1292955.2568561935
1231699.549738626
1187154.6351118067
1065858.0742392777
970739.8639994279
1043454.4585309274
1125318.417162257
1209864.667581176
1194973.0204872338
1167476.728270957
1356506.489098022
1306582.365017093
1242479.2362234045
1362650.8173399265
1506781.4559592954
1582167.829715461
1430575.1940144415
1328669.9902066933
1384306.1877629703
1283364.1996721064
1442131.1548873351
1340337.1054407777
1371721.2855403253
1282351.0063789617
1408376.9211080652
1410576.2737002515
1485158.418885821
1465789.6733813998
1559583.1103808845
1538292.4978946343
1716648.431481926
1502512.7342131683
1366846.0884143137
1373500.9651384572
1249820.0283580837
1255542.0048146686
1484899.7616411322
1366742.866867786
1486429.535872617
1571599.605069045
1374444.4206143392
1110431.4389151058
1116487.4912290326
1111592.7273371231
1179226.023603378
1109787.6343874822
1217619.5854152434
1166806.4295613908
1139585.83087041
1058741.2711950939
879018.3902225132
822521.4428095059
788819.8369858125
889486.0037174674
913637.3512110874
868683.2257852807
837390.4601109682
817696.8591190502
797053.9651924759
893389.4793759312
972670.4831791347
944045.8926749589
930705.0437223692
947792.5325763986
990193.0780862088
1045736.1042448231
979959.2824029932
876729.771295308
950770.8403127296
1002059.437701515
1135872.8901286873
1290362.8328452678
1393631.5649870099
1311452.73499198
1532077.9267378363
1532069.118619467
1578232.0674147708
1549044.88469364
1584868.0493006834
1531596.4500180534
1501051.0714247192
1457592.1788152372
1490952.909323875
1279055.4662348407
1367401.3068358677
1545417.7433972103
1607237.5164776575
1541809.4512731598
1502977.3231078521
1356997.0135490864
1137388.8
1087280.081017049
1122107.648754886
1053312.9899349613
973491.5885631029
1090252.1907414752
1022453.5742427582
1014222.0540519624
1018727.4803602145
958685.5578640477
1010455.1513907132
1045156.1269323541
1007875.9988199743
1034789.2323921802
1112579.7126028084
1051014.0454780615
917939.2714016205
942282.7714552648
928940.2541326495
930807.580633942
952192.7654962658
1046067.1814891221
1027440.5006498416
959190.5511085818
1019010.638898984
974337.3851605203
888453.749418877
876207.7918959394
961194.9804631056
1026319.6453609265
970102.1253613115
950301.2036511751
1123988.0177094564
1104302.3362074608
1200771.461159115
1216819.883157114
1345921.9237209237
1441106.2784504024
1566089.3602383428
1907736.2338563588
1968475.4108234881
2087226.5893387885
2094799.424547383
2053137.62455167
2188984.691467719
2177272.606149014
2253508.11045123
2363077.900018573
2385372.5015684837
2930471.7722636345
3337753.5696259416
3303526.341294353
3221486.5270168055
3720467.9108272395
2734947.6210019267
2723102.032865028
2740650.6703897137
2934920.112285114
2856477.9049214516
3062335.053754858
2813890.188985526
2454818.566486677
2447088.7691443134
2437142.3988693687
2476882.247219983
2406323.091670474
2403382.548825499
2849976.941709891
3064474.7737181527
3461496.448670782
3270844.0797061017
3475203.02919873
3427752.181695991
3310395.7389903944
3048007.7063171295
2903964.30050784
2547411.5169677404
2277972.681400818
2259187.6775481924
2113670.0729439883
2177575.2589155524
2197987.381254421
2352815.2293179194
2389472.621328532
2321659.236068084
2174934.4772017794
2325865.24935622
2271631.440434007
2042715.8099379947
2028032.46692407
1982436.5197382548
1968564.5577419817
2062861.18674214
1972123.5825522207
1603107.8278793802
1651024.2315634016
1490554.2379992793
1372257.2582455054
1418128.5145341002
1297476.4978580908
1119997.5094115764
1131938.9217788328
1034830.5646581106
1023182.7625560086
946678.7977577975
858837.5654121407
838379.4860004822
847158.1335212763
984764.5790932418
1094710.6893509533
1070910.6104552378
